vp;trial;timest;timeend;x;y;duration;roi
vpja37;1;309;449;-3,30000000000007;-276,3;140;255000
vpja37;1;472;792;-31,7;-269,1;320;255000
vpja37;1;801;956;-38,2;-272,5;155;255000
vpja37;1;1002;1184;-161,9;-248;182;0
vpja37;1;1225;1389;-257,1;-267,6;164;0
vpja37;1;1446;1826;-88,7;-32,1;380;0
vpja37;1;1861;1969;-14,9;-29,2;108;255255000
vpja37;1;2017;2254;191,2;-50,1;237;0
vpja37;1;2312;2535;0,5;-276,5;223;255000
vpja37;1;2556;3045;-14,4;-285,5;489;255000
vpja37;1;3092;3370;315,7;-340;278;0
vpja37;1;3405;3673;456,8;-287;268;0
vpja37;1;3686;3848;469,1;-295,5;162;0
vpja37;1;3860;4024;455,9;-302,1;164;0
vpja37;1;4051;4352;519,5;-174,5;301;0
vpja37;1;4380;4626;547,3;-53;246;0
vpja37;1;4653;4955;466,1;-38;302;0
vpja37;1;4977;5306;406,7;-27,9000000000001;329;0
vpja37;1;5333;5578;321,6;-30;245;0
vpja37;1;5600;5797;297,3;-35,6;197;0
vpja37;1;5826;6118;178,1;-40,1;292;0
vpja37;1;6179;6357;-28,1;-37,1;178;2,55e+08
vpja37;1;6394;6611;-101,6;-50;217;0
vpja37;1;6676;6890;-427,4;-57,2;214;0
vpja37;1;6916;7130;-463,7;-44,1;214;0
vpja37;1;7166;7371;-521,3;-108,9;205;0
vpja37;1;7393;7607;-526,2;-159;214;0
vpja37;1;7667;7885;-173,9;89,5;218;0
vpja37;1;7911;8142;-146,7;120,8;231;0
vpja37;1;8185;8416;-22;-34,2;231;255255000
vpja37;1;8457;8582;20,6999999999999;-235;125;2,55e+08
vpja37;1;8606;8881;-15,1;-297,4;275;255000
vpja37;1;8892;9133;-29,7;-304,2;241;255000
vpja37;1;9162;9366;-2,20000000000005;-300,7;204;255000
vpja37;1;9380;9683;-17,4;-300,7;303;255000
vpja37;1;9740;9876;98,9999999999999;-230,5;136;0
vpja37;1;9928;10000;198;-105,8;72;0
vpja37;2;211;386;-50,4332034993636;136,751499134268;175;2,55e+08
vpja37;2;435;561;-140,933203499364;-153,648500865732;126;255000
vpja37;2;583;1284;-169,033203499364;-172,648500865732;701;255000
vpja37;2;1318;1652;-346,433203499364;-206,348500865732;334;0
vpja37;2;1671;1805;-351,433203499364;-227,848500865732;134;0
vpja37;2;1853;2137;9,36679650063638;-367,548500865732;284;0
vpja37;2;2173;2332;61,2667965006365;-373,648500865732;159;0
vpja37;2;2366;2567;134,366796500636;-364,348500865732;201;0
vpja37;2;2594;2762;86,2667965006365;-367,848500865732;168;0
vpja37;2;2791;3006;48,2667965006365;-446,548500865732;215;0
vpja37;2;3030;3195;22,3667965006364;-452,048500865732;165;0
vpja37;2;3225;3462;100,366796500636;-310,148500865732;237;0
vpja37;2;3484;3731;89,1667965006363;-274,148500865732;247;0
vpja37;2;3769;3885;176,766796500636;-260,548500865732;116;0
vpja37;2;3941;4187;75,3667965006364;-32,7485008657325;246;0
vpja37;2;4230;4386;252,266796500636;44,1514991342675;156;0
vpja37;2;4413;4792;291,866796500636;55,7514991342675;379;0
vpja37;2;4816;4961;249,566796500636;49,3514991342676;145;0
vpja37;2;5008;5318;390,166796500636;-47,2485008657325;310;255
vpja37;2;5374;5496;441,466796500637;95,7514991342675;122;255
vpja37;2;5539;5857;468,366796500636;222,051499134267;318;0
vpja37;2;5881;6044;400,766796500636;218,851499134268;163;0
vpja37;2;6090;6265;183,366796500636;302,251499134268;175;0
vpja37;2;6329;6551;-254,333203499364;301,551499134267;222;0
vpja37;2;6592;6845;-370,033203499364;283,151499134268;253;255255000
vpja37;2;6886;7135;-416,533203499364;137,551499134267;249;0
vpja37;2;7165;7598;-466,733203499364;48,1514991342675;433;0
vpja37;2;7619;7836;-471,633203499364;84,8514991342676;217;0
vpja37;2;7861;8121;-408,133203499364;100,751499134268;260;0
vpja37;2;8170;8305;-150,233203499364;-127,648500865732;135;2,55e+08
vpja37;2;8325;8836;-162,033203499364;-171,048500865732;511;255000
vpja37;2;8860;9237;-171,733203499364;-176,748500865732;377;255000
vpja37;2;9275;9473;-130,733203499364;-114,948500865732;198;2,55e+08
vpja37;2;9497;9630;-123,333203499364;-67,5485008657324;133;2,55e+08
vpja37;2;9664;10000;-84,5332034993636;-11,3485008657325;336;2,55e+08
vpja37;3;57;206;3;7,39999999999998;149;2,55e+08
vpja37;3;249;489;81,4999999999999;-275,2;240;255000
vpja37;3;511;735;108,5;-293,7;224;255000
vpja37;3;761;925;105,8;-237,6;164;255000
vpja37;3;976;1333;425,4;-86,5;357;0
vpja37;3;1358;1609;402,2;-82,5;251;0
vpja37;3;1676;2015;103,6;-294,8;339;255000
vpja37;3;2040;2160;90,1999999999999;-286,7;120;255000
vpja37;3;2216;2502;120,5;-109,1;286;2,55e+08
vpja37;3;2937;2966;393,5;650;29;NA
vpja37;3;2977;3203;425,8;584,9;226;NA
vpja37;3;3220;3616;413,3;479,1;396;0
vpja37;3;3696;3826;-390,9;366;130;0
vpja37;3;3863;4094;-440,8;350,6;231;0
vpja37;3;4120;4326;-417,1;333,5;206;0
vpja37;3;4400;4541;-28,3000000000001;-96;141;2,55e+08
vpja37;3;4583;4803;82,6;-268,9;220;255000
vpja37;3;4813;5039;85,4;-287,1;226;255000
vpja37;3;5061;5250;133,9;-303,3;189;255000
vpja37;3;5322;5556;-235,1;-249,9;234;0
vpja37;3;5604;5869;-438,3;-220,3;265;0
vpja37;3;5903;6102;-214,3;-233,9;199;0
vpja37;3;6157;6327;69,8000000000001;-277,6;170;255000
vpja37;3;6353;6652;112,7;-290,4;299;255000
vpja37;3;6669;6870;116,4;-266,5;201;255000
vpja37;3;6888;7062;103;-293,6;174;255000
vpja37;3;7109;7224;414,1;-193,4;115;0
vpja37;3;7249;7504;427,9;-140,9;255;0
vpja37;3;7559;7813;587,6;-355,6;254;0
vpja37;3;7843;8393;559;-444,7;550;0
vpja37;3;8480;8646;585,7;17,6;166;0
vpja37;3;8669;8864;563,1;44,5;195;0
vpja37;3;8887;9061;521,8;39;174;0
vpja37;3;9125;9302;121,4;-261,3;177;255000
vpja37;3;9325;9656;86,3000000000001;-298,3;331;255000
vpja37;3;9668;9825;77,1;-288,9;157;255000
vpja37;3;9837;10000;80,8000000000001;-310,3;163;255000
vpja37;4;214;381;-22,6374100719423;-85,5169064748201;167;255000
vpja37;4;403;953;-53,7374100719423;-105,31690647482;550;255000
vpja37;4;1017;1127;-275,837410071942;17,2830935251799;110;0
vpja37;4;1185;1617;-524,737410071942;179,28309352518;432;255
vpja37;4;1636;1788;-525,337410071942;177,48309352518;152;255
vpja37;4;1852;2006;-18,3374100719424;-122,11690647482;154;255000
vpja37;4;2029;2430;-38,6374100719423;-112,91690647482;401;255000
vpja37;4;2474;2780;-119,037410071942;-302,91690647482;306;0
vpja37;4;2797;3074;-120,837410071942;-308,91690647482;277;0
vpja37;4;3090;3408;-131,737410071942;-320,21690647482;318;0
vpja37;4;3476;3605;271,462589928058;-292,41690647482;129;0
vpja37;4;3633;3955;361,062589928058;-279,51690647482;322;0
vpja37;4;4023;4153;22,6625899280576;-182,01690647482;130;255000
vpja37;4;4281;4533;-37,5374100719424;-80,4169064748201;252;255000
vpja37;4;4547;5341;-34,4374100719424;-113,61690647482;794;255000
vpja37;4;5362;5719;-38,1374100719423;-92,0169064748201;357;255000
vpja37;4;5731;5956;-32,0374100719424;-112,91690647482;225;255000
vpja37;4;6012;6202;31,3625899280577;100,08309352518;190;2,55e+08
vpja37;4;6227;6422;75,2625899280575;100,18309352518;195;2,55e+08
vpja37;4;6453;6772;49,4625899280576;179,88309352518;319;2,55e+08
vpja37;4;6804;6979;222,062589928058;154,28309352518;175;2,55e+08
vpja37;4;7021;7232;241,362589928058;-13,0169064748201;211;2,55e+08
vpja37;4;7256;7488;175,962589928058;-71,4169064748201;232;2,55e+08
vpja37;4;7509;7739;129,362589928058;-88,2169064748201;230;2,55e+08
vpja37;4;7764;8149;77,8625899280577;-153,11690647482;385;255000
vpja37;4;8192;8685;-28,5374100719424;-123,11690647482;493;255000
vpja37;4;8701;8914;-22,2374100719423;-114,31690647482;213;255000
vpja37;4;8928;9098;-28,1374100719423;-89,9169064748201;170;255000
vpja37;4;9112;9308;-38,3374100719424;-70,6169064748201;196;255000
vpja37;4;9357;10000;-89,6374100719423;11,8830935251799;643;2,55e+08
vpja37;5;35;195;9,22371134020614;-26,9824742268042;160;2,55e+08
vpja37;5;247;456;-49,4762886597939;-225,082474226804;209;255000
vpja37;5;470;832;-70,9762886597939;-249,082474226804;362;255000
vpja37;5;899;1060;-449,276288659794;-181,782474226804;161;0
vpja37;5;1091;1236;-475,076288659794;-138,582474226804;145;0
vpja37;5;1298;1616;-439,676288659794;195,717525773196;318;255
vpja37;5;1640;1796;-481,876288659794;169,417525773196;156;255
vpja37;5;1848;2018;-429,376288659794;-86,3824742268042;170;0
vpja37;5;2054;2222;-378,776288659794;-115,482474226804;168;0
vpja37;5;2244;2513;-390,776288659794;-140,282474226804;269;0
vpja37;5;2569;2840;-436,876288659794;-334,182474226804;271;0
vpja37;5;2874;3010;-321,276288659794;-329,982474226804;136;0
vpja37;5;3063;3249;-38,8762886597939;-264,082474226804;186;255000
vpja37;5;3269;3649;-54,2762886597939;-237,782474226804;380;255000
vpja37;5;3662;3878;-64,1762886597938;-246,882474226804;216;255000
vpja37;5;3925;4432;52,0237113402061;-76,4824742268042;507;2,55e+08
vpja37;5;4467;4599;25,8237113402062;-104,782474226804;132;2,55e+08
vpja37;5;4647;4899;-38,2762886597939;-242,382474226804;252;255000
vpja37;5;4920;5222;-58,3762886597939;-253,382474226804;302;255000
vpja37;5;5298;5534;302,423711340206;-267,482474226804;236;0
vpja37;5;5559;5768;340,523711340206;-250,182474226804;209;0
vpja37;5;5843;6167;326,523711340206;116,517525773196;324;255255000
vpja37;5;6191;6395;397,023711340206;112,217525773196;204;255255000
vpja37;5;6435;6625;269,823711340206;133,417525773196;190;255255000
vpja37;5;6669;6802;128,223711340206;101,017525773196;133;2,55e+08
vpja37;5;6842;7614;-12,7762886597939;13,6175257731958;772;2,55e+08
vpja37;5;7657;8092;-62,8762886597939;-257,782474226804;435;255000
vpja37;5;8111;8418;-93,5762886597938;-258,282474226804;307;255000
vpja37;5;8439;8606;-53,6762886597938;-256,982474226804;167;255000
vpja37;5;8626;9078;-67,1762886597938;-221,982474226804;452;255000
vpja37;5;9096;9345;-74,1762886597938;-249,882474226804;249;255000
vpja37;5;9366;9880;-92,9762886597939;-251,782474226804;514;255000
vpja37;5;9898;10000;-62,9762886597939;-254,782474226804;102;255000
vpja37;6;218;383;16,5;-243,5;165;255000
vpja37;6;402;1045;-4,10000000000002;-270,2;643;255000
vpja37;6;1066;1208;-7,20000000000005;-259,2;142;255000
vpja37;6;1246;1559;33,9;-164,5;313;2,55e+08
vpja37;6;1585;1769;13,2;-128,5;184;2,55e+08
vpja37;6;1835;2356;-251,1;123,1;521;0
vpja37;6;2378;2620;-291,2;140,6;242;0
vpja37;6;2644;2883;-340,8;160,2;239;255
vpja37;6;2922;3035;-239,3;150,8;113;0
vpja37;6;3108;3338;23,2;-262,3;230;255000
vpja37;6;3360;3714;0,799999999999955;-270;354;255000
vpja37;6;3734;4023;23,8;-275,7;289;255000
vpja37;6;4045;4246;11,8;-270,2;201;255000
vpja37;6;4260;4439;21,5;-286;179;255000
vpja37;6;4481;4904;162,3;-329,5;423;0
vpja37;6;4927;5219;160,6;-382,5;292;0
vpja37;6;5274;5428;-54,9;-411;154;0
vpja37;6;5452;5740;-82,7;-451,8;288;0
vpja37;6;5757;6133;-90,4;-466,3;376;0
vpja37;6;6150;6473;-92,7;-435,6;323;0
vpja37;6;6516;6758;11,4;-303,4;242;255000
vpja37;6;6779;6935;4,79999999999995;-271,5;156;255000
vpja37;6;6946;7411;-0,299999999999955;-258,4;465;255000
vpja37;6;7430;7646;-2,29999999999995;-286,4;216;255000
vpja37;6;7667;7978;18,3;-282,3;311;255000
vpja37;6;7997;8287;20,2;-273;290;255000
vpja37;6;8301;8558;19,2;-251,3;257;255000
vpja37;6;8568;8826;14,2;-265,2;258;255000
vpja37;6;8839;9027;15,6;-254,9;188;255000
vpja37;6;9036;9284;4,5;-256,7;248;255000
vpja37;6;9305;9562;12,5;-302,1;257;255000
vpja37;6;9600;9777;-33,9;-396,1;177;0
vpja37;6;9801;10000;-89;-439,6;199;0
vpja37;7;21;178;-4,69999999999993;-0,600000000000023;157;0
vpja37;7;210;423;127,3;-95;213;255000
vpja37;7;437;1563;128,2;-109,8;1126;255000
vpja37;7;1572;1713;137,1;-112,5;141;255000
vpja37;7;1762;1956;-110;-213,1;194;0
vpja37;7;1982;2291;-168,9;-232,8;309;0
vpja37;7;2351;2550;-419,1;-197,4;199;0
vpja37;7;2576;2771;-438,1;-147,3;195;0
vpja37;7;2814;3179;-353,1;-75,1;365;0
vpja37;7;3202;3468;-309,6;-67,9;266;0
vpja37;7;3527;3751;-130,9;135,8;224;0
vpja37;7;3801;3965;104;72,1;164;2,55e+08
vpja37;7;4015;4302;142;-91,7;287;255000
vpja37;7;4312;5015;124,9;-112,1;703;255000
vpja37;7;5037;5248;139;-84,8;211;255000
vpja37;7;5264;5535;122,5;-107,5;271;255000
vpja37;7;5606;5740;366,5;130,7;134;0
vpja37;7;5761;5947;386,3;163,2;186;0
vpja37;7;5997;6177;349,6;357,8;180;255255000
vpja37;7;6201;6592;392,8;405,1;391;255255000
vpja37;7;6610;6833;385,5;420,5;223;255255000
vpja37;7;6854;7166;376,7;384,8;312;255255000
vpja37;7;7191;7533;337,3;354,2;342;255255000
vpja37;7;7557;7717;283,9;378,6;160;255255000
vpja37;7;7748;8074;441;434;326;255255000
vpja37;7;8098;8352;491,8;430,1;254;255255000
vpja37;7;8390;9139;390,3;457,8;749;255255000
vpja37;7;9165;9536;362,7;381,4;371;255255000
vpja37;7;9561;9781;402,8;404,9;220;255255000
vpja37;7;9797;10000;424,3;420,4;203;255255000
vpja37;8;224;430;-81,1999999999999;-152;206;255000
vpja37;8;450;811;-71,1999999999999;-148,7;361;255000
vpja37;8;867;1119;27,5;101,6;252;255
vpja37;8;1139;1358;13,7;106,3;219;255
vpja37;8;1418;1665;-231,5;120,4;247;0
vpja37;8;1721;2329;20,5;120,8;608;255
vpja37;8;2388;4068;-69,4;-165,7;1680;255000
vpja37;8;4132;4434;36,9;114;302;255
vpja37;8;4449;4914;5,89999999999998;120,9;465;255
vpja37;8;4928;5372;20,2;125,5;444;255
vpja37;8;5611;5818;92,8000000000001;-329,6;207;0
vpja37;8;5836;6134;80,6;-377,2;298;0
vpja37;8;6165;6397;231;-388,2;232;0
vpja37;8;6432;6733;174,6;-386,4;301;0
vpja37;8;6757;6985;101,2;-386,9;228;0
vpja37;8;7029;7257;-23,4;-385,5;228;0
vpja37;8;7285;7450;78,1999999999999;-362,1;165;0
vpja37;8;7487;7712;137,9;-276,9;225;0
vpja37;8;7738;7946;85,4;-279,2;208;0
vpja37;8;8005;8118;183,8;-124,4;113;0
vpja37;8;8172;8578;-64,8;-169;406;255000
vpja37;8;8634;8720;-196,5;-182,4;86;0
vpja37;8;8762;9349;-61,4;-174;587;255000
vpja37;8;9375;9789;-52,4;-92,9;414;2,55e+08
vpja37;8;9805;10000;-67,5;-83,8;195;2,55e+08
vpja37;9;254;383;106,321052631579;-202,364912280702;129;2,55e+08
vpja37;9;409;668;144,621052631579;-264,664912280702;259;255000
vpja37;9;678;926;141,721052631579;-280,064912280702;248;255000
vpja37;9;945;1061;156,021052631579;-273,564912280702;116;255000
vpja37;9;1127;1387;-64,578947368421;38,9350877192983;260;255255000
vpja37;9;1420;1549;-86,7789473684211;58,2350877192983;129;255255000
vpja37;9;1611;1820;322,321052631579;123,335087719298;209;255
vpja37;9;1849;2090;383,721052631579;80,9350877192983;241;0
vpja37;9;2123;2322;327,621052631579;102,635087719298;199;255
vpja37;9;2355;2562;442,121052631579;52,1350877192983;207;0
vpja37;9;2623;2834;-48,878947368421;27,4350877192983;211;255255000
vpja37;9;2868;3042;-93,2789473684211;38,9350877192983;174;255255000
vpja37;9;3064;3280;-95,378947368421;70,6350877192983;216;255255000
vpja37;9;3310;3461;-43,1789473684211;-12,3649122807017;151;255255000
vpja37;9;3501;3781;150,121052631579;-277,464912280702;280;255000
vpja37;9;3790;4489;141,721052631579;-276,264912280702;699;255000
vpja37;9;4515;4786;151,721052631579;-274,664912280702;271;255000
vpja37;9;4805;5244;137,421052631579;-275,064912280702;439;255000
vpja37;9;5270;5460;146,021052631579;-267,564912280702;190;255000
vpja37;9;5522;5676;-162,478947368421;-59,8649122807017;154;0
vpja37;9;5721;5892;-297,278947368421;-20,8649122807017;171;0
vpja37;9;5945;6340;-602,178947368421;-57,5649122807017;395;0
vpja37;9;6376;6548;-306,278947368421;-42,0649122807017;172;0
vpja37;9;6581;6852;-269,678947368421;-15,8649122807017;271;0
vpja37;9;6875;7008;-292,878947368421;-11,7649122807017;133;0
vpja37;9;7043;7278;-99,478947368421;39,8350877192983;235;255255000
vpja37;9;7339;7479;229,921052631579;86,2350877192983;140;0
vpja37;9;7520;7800;327,621052631579;107,235087719298;280;255
vpja37;9;7851;8038;113,421052631579;-242,464912280702;187;2,55e+08
vpja37;9;8061;8789;141,421052631579;-273,764912280702;728;255000
vpja37;9;8815;9043;109,121052631579;-224,964912280702;228;2,55e+08
vpja37;9;9065;9322;93,421052631579;-235,164912280702;257;2,55e+08
vpja37;9;9343;9472;99,421052631579;-234,464912280702;129;2,55e+08
vpja37;9;9495;9805;116,921052631579;-211,364912280702;310;2,55e+08
vpja37;9;9834;10000;148,921052631579;-283,364912280702;166;255000
vpja37;10;68;188;-51,2332034993635;84,5514991342675;120;0
vpja37;10;254;434;117,266796500636;-232,548500865732;180;255000
vpja37;10;458;710;91,0667965006364;-243,948500865732;252;255000
vpja37;10;729;990;87,5667965006364;-225,248500865732;261;255000
vpja37;10;1008;1124;96,1667965006363;-243,248500865732;116;255000
vpja37;10;1200;1442;-405,633203499364;-264,348500865732;242;0
vpja37;10;1469;1685;-388,333203499364;-212,248500865732;216;0
vpja37;10;1709;1895;-382,833203499364;-180,148500865732;186;0
vpja37;10;1955;2136;-115,033203499364;-280,248500865732;181;0
vpja37;10;2162;2304;-79,6332034993636;-347,148500865732;142;0
vpja37;10;2326;2521;-75,3332034993635;-390,348500865732;195;0
vpja37;10;2580;2870;-57,4332034993636;-168,248500865732;290;0
vpja37;10;2913;3132;88,6667965006363;-230,748500865732;219;255000
vpja37;10;3154;3317;105,966796500637;-239,848500865732;163;255000
vpja37;10;3341;3696;97,3667965006364;-209,648500865732;355;255000
vpja37;10;3717;3956;100,766796500636;-246,948500865732;239;255000
vpja37;10;4034;4244;-423,433203499364;41,4514991342676;210;255
vpja37;10;4276;4585;-396,833203499364;79,7514991342675;309;255
vpja37;10;4616;4800;-490,933203499364;84,3514991342676;184;255
vpja37;10;4878;5156;176,866796500636;187,351499134268;278;255255000
vpja37;10;5190;5391;291,666796500636;179,851499134268;201;255255000
vpja37;10;5431;5543;242,866796500636;103,151499134268;112;255255000
vpja37;10;5583;5770;136,366796500636;-197,248500865732;187;255000
vpja37;10;5794;5932;88,3667965006364;-224,748500865732;138;255000
vpja37;10;5989;6304;371,666796500636;-339,948500865732;315;0
vpja37;10;6328;6613;400,866796500636;-360,648500865732;285;0
vpja37;10;6629;7193;389,466796500637;-373,048500865732;564;0
vpja37;10;7207;7754;413,066796500636;-364,348500865732;547;0
vpja37;10;7776;8068;393,266796500636;-412,548500865732;292;0
vpja37;10;8099;8276;532,766796500636;-381,548500865732;177;0
vpja37;10;8297;8782;559,566796500636;-408,848500865732;485;0
vpja37;10;8807;8964;532,166796500636;-346,948500865732;157;0
vpja37;10;9026;9220;249,866796500636;-394,048500865732;194;0
vpja37;10;9244;9498;268,466796500637;-405,248500865732;254;0
vpja37;10;9561;9773;-94,2332034993635;-402,048500865732;212;0
vpja37;10;9797;9968;-63,4332034993636;-391,648500865732;171;0
vpja37;11;190;507;-243,6;-216,4;317;255000
vpja37;11;516;993;-262,8;-222,9;477;255000
vpja37;11;1032;1268;-18,9999999999999;-217;236;0
vpja37;11;1289;2072;-53,6999999999999;-243,9;783;0
vpja37;11;2137;2360;-425;-350;223;0
vpja37;11;2427;2549;-343,6;-55;122;2,55e+08
vpja37;11;2609;3117;-128,3;322;508;255
vpja37;11;3139;3333;-97,8999999999999;350,3;194;255
vpja37;11;3370;3622;-191,2;265,2;252;0
vpja37;11;3658;3877;-195,6;202;219;2,55e+08
vpja37;11;3931;4167;-421,4;178;236;0
vpja37;11;4208;4418;-461,6;273,7;210;255255000
vpja37;11;4484;4709;-641,3;-61,3;225;NA
vpja37;11;4772;4888;-282,8;-172,4;116;2,55e+08
vpja37;11;4912;5169;-243,6;-209,3;257;255000
vpja37;11;5189;5822;-244;-215,4;633;255000
vpja37;11;5843;6064;-249,2;-248,2;221;255000
vpja37;11;6108;6544;-96,8;-217,2;436;0
vpja37;11;6567;6847;-101,9;-195;280;0
vpja37;11;6861;7063;-89,9999999999999;-182,9;202;0
vpja37;11;7088;7504;-104,9;-231,5;416;0
vpja37;11;7525;7922;-144,9;-226,6;397;0
vpja37;11;7951;8223;-168,1;-228,5;272;0
vpja37;11;8240;8411;-171,5;-212,1;171;0
vpja37;11;8450;8780;-88,8999999999999;-198,5;330;0
vpja37;11;8805;9259;-91,0999999999999;-215,5;454;0
vpja37;11;9285;9764;-90,9999999999999;-171,8;479;0
vpja37;11;9786;10000;-106,1;-208,6;214;0
vpja37;12;238;423;12,757347670251;-228,414695340502;185;255000
vpja37;12;435;641;-0,942652329748967;-245,014695340502;206;255000
vpja37;12;721;827;-261,842652329749;107,285304659498;106;255255255
vpja37;12;850;1059;-258,242652329749;159,385304659498;209;255
vpja37;12;1085;1319;-203,742652329749;170,985304659498;234;255
vpja37;12;1390;1657;315,357347670251;150,585304659498;267;255255000
vpja37;12;1672;1870;333,757347670251;162,385304659498;198;255255000
vpja37;12;1888;2231;307,057347670251;151,285304659498;343;255255000
vpja37;12;2247;2458;323,657347670251;144,785304659498;211;255255000
vpja37;12;2482;2576;289,457347670251;133,185304659498;94;255255000
vpja37;12;2638;2808;36,957347670251;-224,114695340502;170;255000
vpja37;12;2843;3080;-1,04265232974899;-234,514695340502;237;255000
vpja37;12;3092;3281;-0,142652329749012;-246,314695340502;189;255000
vpja37;12;3330;3670;-177,142652329749;-301,614695340502;340;255255255
vpja37;12;3746;4059;396,057347670251;-291,614695340502;313;255255255
vpja37;12;4084;4294;299,857347670251;-318,314695340502;210;255255255
vpja37;12;4334;4628;412,157347670251;-353,614695340502;294;255255255
vpja37;12;4690;4859;524,157347670251;-139,314695340502;169;255255255
vpja37;12;4937;5155;33,457347670251;-235,814695340502;218;255000
vpja37;12;5176;5433;4,25734767025097;-249,414695340502;257;255000
vpja37;12;5450;5820;4,05734767025103;-220,514695340502;370;255000
vpja37;12;5896;6262;323,657347670251;133,585304659498;366;255255000
vpja37;12;6344;6635;-252,442652329749;148,485304659498;291;255
vpja37;12;6660;7021;-216,942652329749;174,185304659498;361;255
vpja37;12;7059;7136;-285,342652329749;163,985304659498;77;255
vpja37;12;7185;7375;-49,242652329749;107,885304659498;190;2,55e+08
vpja37;12;7428;7605;61,757347670251;-58,2146953405016;177;2,55e+08
vpja37;12;7641;7868;24,057347670251;-237,714695340502;227;255000
vpja37;12;7890;8045;0,357347670250988;-240,714695340502;155;255000
vpja37;12;8084;8316;48,557347670251;-110,614695340502;232;2,55e+08
vpja37;12;8352;8545;119,057347670251;-97,3146953405017;193;2,55e+08
vpja37;12;8586;8745;48,257347670251;-242,514695340502;159;255000
vpja37;12;8769;9135;6,65734767025094;-248,314695340502;366;255000
vpja37;12;9159;9305;-5,84265232974906;-211,114695340502;146;255000
vpja37;12;9366;9742;-327,442652329749;-339,114695340502;376;255255255
vpja37;12;9787;9957;-435,742652329749;-354,014695340502;170;255255255
vpja37;13;216;371;-47,9000000000001;-97,1999999999999;155;255000
vpja37;13;389;732;-74,8000000000001;-110,7;343;255000
vpja37;13;744;893;-93,9000000000001;-112;149;0
vpja37;13;904;1104;-78,3000000000001;-116;200;255000
vpja37;13;1152;1343;-244,2;-14,9;191;0
vpja37;13;1365;1526;-250;19,8000000000001;161;0
vpja37;13;1599;1730;-417,1;-380,2;131;0
vpja37;13;1785;2093;-74,3000000000001;-391,1;308;0
vpja37;13;2112;2551;-79,4000000000001;-363,5;439;0
vpja37;13;2577;2657;-33,5;-365;80;0
vpja37;13;2708;3013;179;-362,4;305;0
vpja37;13;3075;3220;254;-135,3;145;0
vpja37;13;3266;3583;328,7;-20,8;317;0
vpja37;13;3630;3833;159,7;60,3000000000001;203;255255000
vpja37;13;3866;4083;-59,7;-100,9;217;255000
vpja37;13;4099;4298;-60,4000000000001;-120,5;199;255000
vpja37;13;4373;4782;-447,7;134,3;409;255
vpja37;13;4808;5144;-384,1;134,3;336;255
vpja37;13;5169;5620;-443,1;134,2;451;255
vpja37;13;5630;5831;-446,1;149,9;201;255
vpja37;13;5858;6097;-380,7;145,8;239;255
vpja37;13;6125;6554;-274;82,9000000000001;429;0
vpja37;13;6592;6755;-150,8;125,2;163;2,55e+08
vpja37;13;6813;7185;111,3;98,2;372;255255000
vpja37;13;7214;7517;214;102,2;303;255255000
vpja37;13;7575;7766;-42,1;-100,5;191;255000
vpja37;13;7789;8487;-62,7;-112,8;698;255000
vpja37;13;8709;8981;-60;-116,8;272;255000
vpja37;13;9001;9391;-48,6;-119;390;255000
vpja37;13;9412;9663;-54,2;-130,3;251;255000
vpja37;13;9969;10000;-111,8;-50,0999999999999;31;0
vpja37;14;69;237;-4,63320349936362;13,0514991342675;168;2,55e+08
vpja37;14;298;476;-22,2332034993635;-368,648500865732;178;255000
vpja37;14;501;705;0,166796500636451;-375,048500865732;204;255000
vpja37;14;726;938;2,76679650063647;-341,248500865732;212;255000
vpja37;14;958;1070;-11,2332034993635;-304,948500865732;112;255000
vpja37;14;1162;1313;339,566796500636;288,551499134267;151;0
vpja37;14;1339;1754;396,966796500637;391,651499134268;415;255
vpja37;14;1843;2079;-344,733203499364;302,151499134268;236;0
vpja37;14;2110;2299;-225,733203499364;248,251499134268;189;0
vpja37;14;2356;2501;-25,8332034993635;49,6514991342675;145;2,55e+08
vpja37;14;2552;2787;-12,4332034993636;-369,048500865732;235;255000
vpja37;14;2815;2981;5,36679650063638;-359,648500865732;166;255000
vpja37;14;3004;3260;-21,5332034993636;-390,648500865732;256;255000
vpja37;14;3325;3537;-278,433203499364;-374,248500865732;212;0
vpja37;14;3590;3770;-29,2332034993635;-388,448500865732;180;255000
vpja37;14;3808;4083;11,4667965006364;-342,248500865732;275;255000
vpja37;14;4106;4318;-7,03320349936359;-391,948500865732;212;255000
vpja37;14;4375;4639;251,366796500636;-285,948500865732;264;0
vpja37;14;4668;4850;361,466796500637;-305,048500865732;182;0
vpja37;14;4924;5125;-195,433203499364;-333,948500865732;201;0
vpja37;14;5173;5305;-407,833203499364;-322,548500865732;132;0
vpja37;14;5351;5584;-568,833203499364;-342,848500865732;233;0
vpja37;14;5684;5869;-335,133203499364;227,351499134268;185;255255000
vpja37;14;5910;6166;-223,333203499364;195,851499134268;256;255255000
vpja37;14;6237;6495;389,566796500636;351,851499134268;258;0
vpja37;14;6520;6699;426,466796500637;431,851499134268;179;0
vpja37;14;6778;7036;-17,8332034993635;-369,148500865732;258;255000
vpja37;14;7060;7223;5,26679650063647;-394,148500865732;163;255000
vpja37;14;7248;7408;37,0667965006364;-397,548500865732;160;255000
vpja37;14;7435;7769;7,16679650063645;-338,148500865732;334;255000
vpja37;14;7826;8099;551,566796500636;-260,848500865732;273;0
vpja37;14;8131;8368;383,166796500636;-306,248500865732;237;0
vpja37;14;8399;8705;233,666796500636;-293,748500865732;306;0
vpja37;14;8730;9066;246,466796500637;-271,748500865732;336;0
vpja37;14;9093;9291;133,966796500637;-306,048500865732;198;0
vpja37;14;9353;9525;-177,833203499364;-346,948500865732;172;0
vpja37;14;9552;9840;-234,733203499364;-371,948500865732;288;0
vpja37;14;9877;10000;-309,333203499364;-383,448500865732;123;0
vpja37;15;237;408;17,5;-277,2;171;255000
vpja37;15;431;720;25,8000000000001;-287,1;289;255000
vpja37;15;739;956;28,4000000000001;-261,1;217;255000
vpja37;15;965;1176;36,7;-256,4;211;255000
vpja37;15;1190;1491;26,8000000000001;-281,3;301;255000
vpja37;15;1515;1857;41,1;-258,3;342;255000
vpja37;15;1875;2148;42,6;-288,2;273;255000
vpja37;15;2168;2444;45,8000000000001;-265,9;276;255000
vpja37;15;2461;2663;38,3000000000001;-295,7;202;255000
vpja37;15;2708;2760;45,1;-133,2;52;2,55e+08
vpja37;15;2812;2947;-210,7;-55,8;135;0
vpja37;15;2974;3130;-267,7;-83,1999999999999;156;0
vpja37;15;3183;3343;-219,5;154,1;160;255255000
vpja37;15;3409;3533;178,6;187,1;124;0
vpja37;15;3579;3869;351,9;216,6;290;255
vpja37;15;3893;4061;405,4;202,1;168;255
vpja37;15;4103;4282;464,9;-83,4999999999999;179;0
vpja37;15;4327;4640;284,6;-92,1999999999999;313;0
vpja37;15;4671;4853;257;-90,4;182;0
vpja37;15;4928;5131;-225,4;-84,1999999999999;203;0
vpja37;15;5194;5361;61,3;-276,2;167;255000
vpja37;15;5385;5819;49,4000000000001;-258,7;434;255000
vpja37;15;5837;5966;57,9000000000001;-241,9;129;255000
vpja37;15;5997;6421;-47,5999999999999;-395;424;0
vpja37;15;6464;6682;-138,9;-381,3;218;0
vpja37;15;6721;6986;-52,5;-328,3;265;0
vpja37;15;7020;7170;-78,8;-312,9;150;0
vpja37;15;7260;7287;-254,9;342;27;255255000
vpja37;15;7296;7453;-241,2;278,2;157;255255000
vpja37;15;7485;7698;-327,4;170,8;213;255255000
vpja37;15;7777;8009;10,4000000000001;-254,6;232;255000
vpja37;15;8030;8293;27,7;-264,2;263;255000
vpja37;15;8317;8585;40;-226,3;268;255000
vpja37;15;8602;8911;42,2;-268,1;309;255000
vpja37;15;8919;9334;49,9000000000001;-284,4;415;255000
vpja37;15;9414;9525;239,4;-6,5;111;0
vpja37;15;9557;10000;337,3;185,3;443;255
vpja37;16;215;364;-323,105357142857;-105,069642857143;149;255000
vpja37;16;391;739;-345,105357142857;-138,269642857143;348;255000
vpja37;16;754;914;-343,705357142857;-119,469642857143;160;255000
vpja37;16;970;1234;-267,805357142857;97,7303571428572;264;255
vpja37;16;1263;1541;-355,205357142857;106,130357142857;278;255
vpja37;16;1598;1782;-343,605357142857;-138,669642857143;184;255000
vpja37;16;1804;2030;-338,905357142857;-116,769642857143;226;255000
vpja37;16;2045;2177;-351,905357142857;-135,269642857143;132;255000
vpja37;16;2223;2476;-163,305357142857;-245,969642857143;253;0
vpja37;16;2501;2645;-198,505357142857;-260,169642857143;144;0
vpja37;16;2693;2846;20,5946428571428;-356,969642857143;153;0
vpja37;16;2868;3066;41,5946428571428;-399,869642857143;198;0
vpja37;16;3090;3253;62,4946428571428;-406,469642857143;163;0
vpja37;16;3295;3489;166,494642857143;-405,969642857143;194;0
vpja37;16;3538;3746;494,294642857143;-326,869642857143;208;0
vpja37;16;3773;3955;466,794642857143;-397,769642857143;182;0
vpja37;16;4016;4187;556,794642857143;-183,469642857143;171;0
vpja37;16;4210;4452;591,194642857143;-154,269642857143;242;0
vpja37;16;4493;4645;612,994642857143;23,2303571428572;152;0
vpja37;16;4669;4899;581,694642857143;38,9303571428571;230;0
vpja37;16;4935;5155;402,094642857143;195,230357142857;220;0
vpja37;16;5194;5484;288,894642857143;212,330357142857;290;0
vpja37;16;5509;5833;224,594642857143;217,130357142857;324;0
vpja37;16;5860;6025;305,294642857143;210,430357142857;165;0
vpja37;16;6098;6330;34,4946428571428;-360,669642857143;232;0
vpja37;16;6353;6581;63,1946428571429;-411,469642857143;228;0
vpja37;16;6595;6772;43,6946428571429;-420,269642857143;177;0
vpja37;16;6800;7019;124,794642857143;-427,769642857143;219;0
vpja37;16;7056;7274;51,094642857143;-425,369642857143;218;0
vpja37;16;7319;7607;181,394642857143;-422,069642857143;288;0
vpja37;16;7661;7853;53,094642857143;-382,269642857143;192;0
vpja37;16;7897;8148;-76,8053571428571;-357,069642857143;251;0
vpja37;16;8159;8439;-80,1053571428571;-350,369642857143;280;0
vpja37;16;8481;8761;-140,805357142857;-265,569642857143;280;0
vpja37;16;8791;9107;-210,805357142857;-275,369642857143;316;0
vpja37;16;9133;9395;-155,005357142857;-262,369642857143;262;0
vpja37;16;9429;9732;-97,2053571428571;-260,169642857143;303;0
vpja37;16;9757;9933;-123,905357142857;-268,669642857143;176;0
vpja37;16;9961;10000;-16,5053571428572;-238,369642857143;39;0
vpja37;17;217;331;-72,3;-173,6;114;2,55e+08
vpja37;17;352;613;-124,3;-186,5;261;0
vpja37;17;675;806;-413,9;-74,4;131;255
vpja37;17;831;1099;-469;5,09999999999991;268;255
vpja37;17;1124;1332;-521,6;-1,80000000000007;208;255
vpja37;17;1357;1543;-454,2;-20,6;186;255
vpja37;17;1564;1679;-415,1;-42,7;115;255
vpja37;17;1737;1863;-97,5999999999999;-173,9;126;0
vpja37;17;1887;2105;-125,1;-179,7;218;0
vpja37;17;2117;2366;-131,2;-191,1;249;0
vpja37;17;2374;2670;-117,4;-182,5;296;0
vpja37;17;2715;2920;-87,8;4;205;2,55e+08
vpja37;17;2954;3166;-34,1999999999999;29,1999999999999;212;255255000
vpja37;17;3182;3403;-41,8;46,8;221;255255000
vpja37;17;3430;3703;-2,99999999999989;94,1999999999999;273;255255000
vpja37;17;3728;4032;-50,8;95,5999999999999;304;255255000
vpja37;17;4080;4302;-221,1;82,9;222;2,55e+08
vpja37;17;4319;4452;-237,7;63,4;133;2,55e+08
vpja37;17;4501;4955;-470,6;114,6;454;255
vpja37;17;4985;5280;-474,1;-12,2;295;255
vpja37;17;5315;5589;-430,3;8,29999999999995;274;255
vpja37;17;5623;5855;-503,9;-13,1;232;255
vpja37;17;5882;6062;-446,8;64,4;180;0
vpja37;17;6087;6422;-463,2;117,3;335;255
vpja37;17;6475;6600;-404,4;-99,2;125;0
vpja37;17;6674;6889;214,1;-64,5000000000001;215;0
vpja37;17;6920;7150;336,8;-40,6;230;0
vpja37;17;7198;7366;541,2;-98,0000000000001;168;0
vpja37;17;7389;7626;559,4;-138;237;0
vpja37;17;7672;7889;383,6;-77,8000000000001;217;0
vpja37;17;7930;8200;270;-84,5000000000001;270;0
vpja37;17;8265;8414;-98,8;-186,6;149;255000
vpja37;17;8439;8746;-130,1;-196,7;307;0
vpja37;17;8767;8977;-110,1;-224,2;210;255000
vpja37;17;8989;9267;-98,6999999999999;-241,7;278;255000
vpja37;17;9293;9682;-136,4;-245,8;389;0
vpja37;17;9703;10000;-104,3;-243,2;297;255000
vpja37;18;226;404;-76,2386281588449;-168,59963898917;178;255000
vpja37;18;423;687;-78,5386281588449;-161,79963898917;264;255000
vpja37;18;708;949;-88,9386281588448;-148,49963898917;241;255000
vpja37;18;962;1151;-79,4386281588448;-166,79963898917;189;255000
vpja37;18;1203;1617;-226,238628158845;101,00036101083;414;255255000
vpja37;18;1665;2339;89,6613718411551;118,60036101083;674;0
vpja37;18;2361;2708;44,1613718411551;114,20036101083;347;0
vpja37;18;2726;2995;80,3613718411551;121,20036101083;269;0
vpja37;18;3019;3119;132,661371841155;123,10036101083;100;0
vpja37;18;3180;3758;-235,138628158845;112,60036101083;578;255255000
vpja37;18;3814;4154;322,661371841155;-45,5996389891696;340;0
vpja37;18;4175;4489;339,061371841155;-58,8996389891697;314;0
vpja37;18;4550;4808;567,261371841155;-218,99963898917;258;0
vpja37;18;4826;5034;574,861371841155;-245,39963898917;208;0
vpja37;18;5074;5289;398,261371841155;-304,99963898917;215;0
vpja37;18;5322;5525;234,061371841155;-341,69963898917;203;0
vpja37;18;5706;5813;-53,1386281588449;-203,99963898917;107;255000
vpja37;18;5827;6337;-64,0386281588449;-189,29963898917;510;255000
vpja37;18;6346;7151;-72,4386281588448;-167,39963898917;805;255000
vpja37;18;7162;7529;-61,3386281588449;-179,19963898917;367;255000
vpja37;18;7550;7763;-92,7386281588449;-172,49963898917;213;255000
vpja37;18;7796;8534;-65,4386281588448;-171,99963898917;738;255000
vpja37;18;8566;9293;-99,7386281588449;-81,2996389891697;727;2,55e+08
vpja37;18;9336;9649;-202,138628158845;-127,69963898917;313;2,55e+08
vpja37;18;9677;9874;-92,7386281588449;-166,69963898917;197;255000
vpja37;18;9890;10000;-70,5386281588449;-171,89963898917;110;255000
vpja37;19;189;273;-30,765156794425;4,83310104529608;84;2,55e+08
vpja37;19;324;521;-86,9651567944251;-189,766898954704;197;255000
vpja37;19;545;728;-74,4651567944251;-179,166898954704;183;255000
vpja37;19;751;921;-86,365156794425;-164,366898954704;170;255000
vpja37;19;930;1109;-74,865156794425;-153,266898954704;179;255000
vpja37;19;1185;1362;256,734843205575;257,733101045296;177;0
vpja37;19;1384;1600;218,734843205575;224,833101045296;216;255
vpja37;19;1626;1937;256,234843205575;235,533101045296;311;255
vpja37;19;2008;2291;-153,365156794425;335,533101045296;283;255255000
vpja37;19;2308;2551;-125,965156794425;347,533101045296;243;255255000
vpja37;19;2610;2767;224,334843205575;277,733101045296;157;0
vpja37;19;2791;3092;271,734843205575;300,733101045296;301;0
vpja37;19;3112;3345;254,334843205575;303,233101045296;233;0
vpja37;19;3404;3652;-79,765156794425;-179,066898954704;248;255000
vpja37;19;3676;3847;-78,0651567944251;-140,066898954704;171;255000
vpja37;19;3859;4054;-82,0651567944251;-130,666898954704;195;255000
vpja37;19;4080;4349;-72,265156794425;-195,466898954704;269;255000
vpja37;19;4387;4560;-182,665156794425;-186,466898954704;173;255000
vpja37;19;4602;4799;-268,865156794425;-188,666898954704;197;0
vpja37;19;4839;5075;-475,465156794425;-80,3668989547039;236;0
vpja37;19;5137;5447;-531,665156794425;-337,066898954704;310;0
vpja37;19;5497;5867;-356,465156794425;-335,466898954704;370;0
vpja37;19;5917;6149;-495,065156794425;-344,966898954704;232;0
vpja37;19;6207;6324;-153,565156794425;-263,566898954704;117;255000
vpja37;19;6363;6597;-69,1651567944251;-208,066898954704;234;255000
vpja37;19;6638;6777;32,634843205575;-212,866898954704;139;0
vpja37;19;6836;7252;-255,265156794425;-354,866898954704;416;0
vpja37;19;7285;7403;-368,365156794425;-347,866898954704;118;0
vpja37;19;7457;7582;-121,765156794425;-267,766898954704;125;255000
vpja37;19;7620;7792;-67,4651567944251;-213,266898954704;172;255000
vpja37;19;7854;8076;297,934843205575;-130,066898954704;222;0
vpja37;19;8114;8317;399,634843205575;-37,7668989547039;203;0
vpja37;19;8392;8652;-81,1651567944251;-192,166898954704;260;255000
vpja37;19;8676;9020;-65,1651567944251;-149,166898954704;344;255000
vpja37;19;9061;9292;-164,565156794425;-165,566898954704;231;255000
vpja37;19;9313;9502;-160,165156794425;-166,466898954704;189;255000
vpja37;19;9542;9811;-55,765156794425;-175,466898954704;269;255000
vpja37;19;9835;10000;-69,4651567944251;-147,266898954704;165;255000
vpja37;20;214;370;8,30000000000018;-241,1;156;255000
vpja37;20;391;786;-24,7999999999998;-274,7;395;255000
vpja37;20;795;937;-32,0999999999998;-285,6;142;255000
vpja37;20;1012;1196;-340,2;130,7;184;255
vpja37;20;1214;1745;-346,8;118,9;531;255
vpja37;20;1762;2104;-346,6;123,4;342;255
vpja37;20;2122;2402;-337,7;143,9;280;255
vpja37;20;2474;2696;255,3;115,8;222;255255000
vpja37;20;2722;3303;271;83,3;581;255255000
vpja37;20;3356;3504;100,8;-90,3000000000001;148;2,55e+08
vpja37;20;3554;3811;-3,29999999999984;-262,9;257;255000
vpja37;20;3832;4009;-16,0999999999998;-273,1;177;255000
vpja37;20;4085;4231;528;-66,4000000000001;146;0
vpja37;20;4272;4496;581,4;-6,10000000000002;224;0
vpja37;20;4520;4680;566;-83,6;160;0
vpja37;20;4713;5191;559,5;-307,4;478;0
vpja37;20;5231;5426;579,9;-201,2;195;0
vpja37;20;5471;5959;509,9;-111,4;488;0
vpja37;20;5978;6262;534,5;-70,2;284;0
vpja37;20;6274;6696;526,3;-57;422;0
vpja37;20;6907;7086;19,6000000000001;-260,2;179;255000
vpja37;20;7110;7551;-0,999999999999886;-288,5;441;255000
vpja37;20;7573;7824;-3,89999999999986;-264,9;251;255000
vpja37;20;7844;8054;-1,69999999999982;-271,1;210;255000
vpja37;20;8066;8336;-9,39999999999986;-286,7;270;255000
vpja37;20;8353;8601;-9,89999999999986;-287,1;248;255000
vpja37;20;8611;8860;-12,0999999999998;-268,1;249;255000
vpja37;20;8913;9469;-20,3999999999999;-141,6;556;2,55e+08
vpja37;20;9496;9807;-19,6999999999998;-246,1;311;255000
vpja37;20;9818;10000;-17,8999999999999;-266,6;182;255000
vpja37;21;219;423;-34,7564285714285;-206,748571428571;204;255000
vpja37;21;440;622;-33,4564285714285;-231,248571428571;182;255000
vpja37;21;646;782;-19,0564285714285;-190,048571428571;136;255000
vpja37;21;863;1088;295,743571428571;233,451428571429;225;255
vpja37;21;1111;1376;339,043571428571;221,051428571429;265;255
vpja37;21;1398;1699;353,443571428572;255,851428571429;301;255
vpja37;21;1721;2064;325,643571428572;239,451428571429;343;255
vpja37;21;2085;2410;343,443571428572;236,151428571429;325;255
vpja37;21;2430;2716;328,343571428571;226,451428571429;286;255
vpja37;21;2735;2981;344,243571428571;262,951428571429;246;255
vpja37;21;3000;3341;330,143571428572;240,651428571429;341;255
vpja37;21;3430;3569;-374,656428571428;182,051428571429;139;255255000
vpja37;21;3603;3769;-417,256428571429;163,251428571429;166;255255000
vpja37;21;3805;4007;-378,356428571429;221,151428571429;202;255255000
vpja37;21;4034;4315;-384,756428571429;257,851428571429;281;255255000
vpja37;21;4337;4481;-365,256428571429;262,251428571429;144;255255000
vpja37;21;4508;4740;-326,956428571429;211,551428571429;232;255255000
vpja37;21;4775;5112;-410,356428571429;167,451428571429;337;255255000
vpja37;21;5132;5327;-419,556428571428;166,551428571429;195;255255000
vpja37;21;5369;5682;-370,056428571428;237,651428571429;313;255255000
vpja37;21;5707;5885;-397,656428571428;230,651428571429;178;255255000
vpja37;21;5926;6187;-306,756428571429;159,851428571429;261;0
vpja37;21;6232;6339;-95,6564285714285;82,8514285714285;107;2,55e+08
vpja37;21;6395;6575;-402,356428571429;54,2514285714286;180;0
vpja37;21;6629;7172;-511,556428571429;-173,148571428571;543;0
vpja37;21;7427;7694;131,343571428571;-385,048571428571;267;0
vpja37;21;7726;7985;248,843571428571;-412,548571428571;259;0
vpja37;21;8033;8373;106,443571428572;-411,548571428571;340;0
vpja37;21;8397;8579;129,643571428572;-391,648571428571;182;0
vpja37;21;8633;8794;21,9435714285715;-270,348571428571;161;255000
vpja37;21;8817;9086;1,2435714285715;-242,248571428571;269;255000
vpja37;21;9102;9225;-10,9564285714285;-247,648571428571;123;255000
vpja37;21;9249;9612;3,64357142857148;-208,548571428571;363;255000
vpja37;21;9662;9955;-0,156428571428478;-84,1485714285714;293;2,55e+08
vpja37;22;216;379;51;-29,4;163;255000
vpja37;22;402;787;58,5999999999999;-29,5;385;255000
vpja37;22;829;990;81;79,5;161;2,55e+08
vpja37;22;1032;1605;-5,20000000000005;97,4;573;255255000
vpja37;22;1640;1865;62,8999999999999;-25;225;255000
vpja37;22;1885;2091;69,8999999999999;-33,5;206;255000
vpja37;22;2152;2506;314,5;188,7;354;255
vpja37;22;2530;2797;286,3;190,6;267;255
vpja37;22;2854;3038;53,3999999999999;131;184;0
vpja37;22;3067;3341;-24,5;89;274;0
vpja37;22;3382;3600;53,2;-63,6;218;255000
vpja37;22;3630;3920;3,69999999999993;-180,6;290;0
vpja37;22;3932;4106;9;-202,2;174;0
vpja37;22;4168;4356;384,4;-177,1;188;0
vpja37;22;4392;4676;324,2;-171,1;284;0
vpja37;22;4714;5124;400,4;-162;410;0
vpja37;22;5218;5339;-458;-144,1;121;0
vpja37;22;5399;5517;-546,7;24;118;0
vpja37;22;5546;5983;-548,4;169,9;437;0
vpja37;22;6026;6267;-559,9;320,8;241;0
vpja37;22;6286;6472;-541,7;339,3;186;0
vpja37;22;6483;6663;-530,1;352,4;180;0
vpja37;22;6703;6948;-541,2;191,3;245;0
vpja37;22;7005;7157;-552,5;9,89999999999998;152;0
vpja37;22;7208;7575;-582;-106,2;367;0
vpja37;22;7603;7882;-596,8;-48,2;279;0
vpja37;22;7894;8267;-597,1;-30,2;373;0
vpja37;22;8317;8520;-413,4;-34,3000000000001;203;0
vpja37;22;8570;8718;-81,3000000000001;34,1;148;0
vpja37;22;8750;8987;52,3;-13,4;237;255000
vpja37;22;9004;9902;75,5;-22,2;898;255000
vpja37;22;9921;10000;81,2;-45,2;79;255000
vpja37;23;217;427;113,05;-231,15;210;255000
vpja37;23;448;1057;92,75;-266,65;609;255000
vpja37;23;1091;1288;127,95;-205,55;197;255000
vpja37;23;1374;1760;337,85;378,65;386;255
vpja37;23;1785;2000;392,65;387,55;215;255
vpja37;23;2023;2211;344,05;368,95;188;255
vpja37;23;2245;2452;257,25;345,75;207;255
vpja37;23;2496;2720;410,75;399,65;224;255
vpja37;23;2743;2977;376,45;410,25;234;0
vpja37;23;3002;3315;277,25;393,95;313;255
vpja37;23;3360;3580;377,95;438,95;220;0
vpja37;23;3597;3891;400,35;461,15;294;0
vpja37;23;3932;4130;248,55;423,05;198;255
vpja37;23;4158;4230;210,35;408,75;72;255
vpja37;23;4303;4569;-366,05;245,25;266;0
vpja37;23;4601;4864;-409,15;266,95;263;255255000
vpja37;23;4927;5128;-369,85;-194,95;201;0
vpja37;23;5161;5430;-139,95;-227,75;269;0
vpja37;23;5447;5561;-155,05;-257,65;114;0
vpja37;23;5609;5879;126,95;-232,75;270;255000
vpja37;23;5900;6207;95,0500000000002;-258,85;307;255000
vpja37;23;6227;6479;148,45;-258,95;252;255000
vpja37;23;6508;6937;133,85;-201,75;429;255000
vpja37;23;6964;7177;109,55;-276,15;213;255000
vpja37;23;7204;7687;160,25;-276,35;483;255000
vpja37;23;7718;7838;129,75;-224,05;120;255000
vpja37;23;7894;8307;168,25;-14,6500000000001;413;2,55e+08
vpja37;23;8370;8555;465,05;112,95;185;0
vpja37;23;8582;8841;515,25;162,75;259;0
vpja37;23;8866;9169;558,25;227,65;303;0
vpja37;23;9232;9380;94,3500000000001;201,95;148;2,55e+08
vpja37;23;9437;9773;-178,35;189,15;336;0
vpja37;23;9814;10000;-365,85;134,15;186;0
vpja37;24;363;687;-349,2;-229;324;255000
vpja37;24;710;944;-366,8;-254,4;234;255000
vpja37;24;968;1170;-382,9;-262,4;202;255000
vpja37;24;1260;1385;-453,9;241,4;125;0
vpja37;24;1422;1664;-473,2;287,5;242;255
vpja37;24;1732;2093;76,2;212,9;361;255255000
vpja37;24;2123;2341;112,5;225,3;218;255255000
vpja37;24;2372;2658;71,8;208,4;286;255255000
vpja37;24;2690;2926;103,8;225;236;255255000
vpja37;24;2948;3261;75,1000000000001;217;313;255255000
vpja37;24;3328;3808;408,7;-181,1;480;0
vpja37;24;3855;4166;240,6;-60,4;311;0
vpja37;24;4224;4411;-48,5999999999999;-194,3;187;0
vpja37;24;4469;4785;-331,9;-264,2;316;255000
vpja37;24;4811;5035;-372,6;-266,7;224;255000
vpja37;24;5057;5186;-366,8;-249,7;129;255000
vpja37;24;5239;5430;-582,6;-279,7;191;0
vpja37;24;5479;5637;-357,3;-274,8;158;255000
vpja37;24;5663;5997;-358,3;-224,3;334;255000
vpja37;24;6022;6249;-363,7;-270,7;227;255000
vpja37;24;6273;6642;-342,3;-279,6;369;255000
vpja37;24;6682;6951;-355,8;-347,8;269;255000
vpja37;24;7004;7194;-335,2;-204,1;190;255000
vpja37;24;7223;7594;-303,8;-120,2;371;2,55e+08
vpja37;24;7629;7939;-363,1;-228,2;310;255000
vpja37;24;7962;8198;-356,2;-267;236;255000
vpja37;24;8219;8475;-336,1;-264,1;256;255000
vpja37;24;8502;8709;-360,8;-207;207;255000
vpja37;24;8778;8909;-32,3;37,3000000000001;131;0
vpja37;24;8956;9296;118,3;155,7;340;255255000
vpja37;24;9318;9577;93,1000000000001;170,1;259;255255000
vpja37;24;9636;9962;-157,9;183,2;326;0
vpja37;25;258;367;-21,3;-291,5;109;2,55e+08
vpja37;25;391;968;-11,8;-339,7;577;255000
vpja37;25;1017;1270;322,7;-222,9;253;0
vpja37;25;1306;1643;493,2;-185,8;337;0
vpja37;25;1711;1886;356,6;238,1;175;255
vpja37;25;1922;2272;381,7;310,7;350;255
vpja37;25;2332;2441;78,1000000000001;176,7;109;0
vpja37;25;2484;2746;-21,5999999999999;152,9;262;2,55e+08
vpja37;25;2802;3012;-294,3;51,4;210;255255000
vpja37;25;3092;3271;-7,19999999999993;-312,2;179;255000
vpja37;25;3289;3951;-8,5;-343,3;662;255000
vpja37;25;4007;4239;-225,2;-377,2;232;0
vpja37;25;4292;4555;-388,8;-326,8;263;0
vpja37;25;4578;4722;-408,2;-319,4;144;0
vpja37;25;4761;5065;-453,9;-457,2;304;0
vpja37;25;5104;5274;-354,2;-405,6;170;0
vpja37;25;5336;5521;-118,8;-388,7;185;0
vpja37;25;5554;5792;53,4000000000001;-402,4;238;0
vpja37;25;5824;6150;179,3;-391,1;326;0
vpja37;25;6210;6369;-94,4;-393,6;159;0
vpja37;25;6437;6621;-387,9;-366,6;184;0
vpja37;25;6655;6786;-430,6;-342,8;131;0
vpja37;25;6823;7173;-462,7;-463,7;350;0
vpja37;25;7215;7497;-418,7;-270,6;282;0
vpja37;25;7535;7758;-174,1;-193,8;223;0
vpja37;25;7782;7946;-180,7;-232,9;164;0
vpja37;25;7974;8164;-146,3;-164,5;190;0
vpja37;25;8189;8562;-168;-163,6;373;0
vpja37;25;8590;8894;-162,7;-248,6;304;0
vpja37;25;8932;9346;5,40000000000009;-341,7;414;255000
vpja37;25;9380;9720;-16,4;-279,9;340;2,55e+08
vpja37;25;9746;9872;-52,0999999999999;-265,1;126;2,55e+08
vpja37;25;9930;10000;-2,79999999999995;-36,3;70;2,55e+08
vpja37;26;217;351;-268,2128113879;-187,001779359431;134;255000
vpja37;26;376;639;-254,0128113879;-205,301779359431;263;255000
vpja37;26;646;764;-249,7128113879;-212,801779359431;118;255000
vpja37;26;825;1081;-234,6128113879;132,498220640569;256;255255000
vpja37;26;1146;1417;261,0871886121;35,1982206405693;271;255
vpja37;26;1442;1837;319,787188612099;32,0982206405693;395;255
vpja37;26;1858;2214;274,8871886121;28,6982206405693;356;255
vpja37;26;2241;2378;338,287188612099;28,1982206405693;137;255
vpja37;26;2425;2658;476,787188612099;-127,001779359431;233;0
vpja37;26;2681;2853;516,787188612099;-140,901779359431;172;0
vpja37;26;2913;3154;118,787188612099;-201,201779359431;241;0
vpja37;26;3188;3411;60,9871886120995;-218,601779359431;223;0
vpja37;26;3463;3663;-165,6128113879;-245,201779359431;200;0
vpja37;26;3690;4047;-98,3128113879004;-211,801779359431;357;0
vpja37;26;4074;4412;-172,5128113879;-244,901779359431;338;0
vpja37;26;4435;4599;-121,3128113879;-210,201779359431;164;0
vpja37;26;4636;4846;-48,8128113879004;-205,101779359431;210;0
vpja37;26;4873;5069;-92,2128113879004;-205,701779359431;196;0
vpja37;26;5117;5330;-312,5128113879;-274,001779359431;213;255000
vpja37;26;5368;5532;-240,8128113879;-241,001779359431;164;255000
vpja37;26;5548;5719;-234,4128113879;-227,601779359431;171;255000
vpja37;26;5734;6100;-216,9128113879;-212,501779359431;366;255000
vpja37;26;6119;6463;-233,1128113879;-233,101779359431;344;255000
vpja37;26;6495;6798;-359,5128113879;-284,101779359431;303;255000
vpja37;26;6827;7002;-292,7128113879;-185,601779359431;175;2,55e+08
vpja37;26;7075;7277;239,9871886121;13,4982206405693;202;255
vpja37;26;7317;7805;308,6871886121;50,8982206405693;488;255
vpja37;26;7871;8052;642,5871886121;309,898220640569;181;NA
vpja37;26;8074;8275;598,1871886121;286,998220640569;201;0
vpja37;26;8337;9105;301,4871886121;48,0982206405693;768;255
vpja37;26;9128;10000;284,3871886121;-0,801779359430725;872;255
