vp;trial;timest;timeend;x;y;duration;roi
vpja08;1;282;437;-67;-135,5;155;255000
vpja08;1;460;973;-52,2;-174,2;513;255000
vpja08;1;1006;1063;-71,9;-152,7;57;255000
vpja08;1;1131;1506;-294;68;375;255255000
vpja08;1;1524;1719;-285,2;93;195;255255000
vpja08;1;1779;1998;6,89999999999998;153,4;219;255
vpja08;1;2026;2161;74,7;144,9;135;0
vpja08;1;2188;2325;15,2;162,5;137;255
vpja08;1;2339;2824;-4,60000000000002;159,3;485;0
vpja08;1;2859;3028;66,1;142,3;169;0
vpja08;1;3092;3341;-284,7;96,8;249;255255000
vpja08;1;3355;3555;-294,4;86;200;255255000
vpja08;1;3612;3875;-2,89999999999998;124,4;263;0
vpja08;1;4078;4312;-95,3;-174,6;234;255000
vpja08;1;4463;4681;-58;-229,2;218;255000
vpja08;1;4699;4801;-66,6;-203,2;102;255000
vpja08;1;4856;5060;49,6;-389,1;204;0
vpja08;1;5090;5384;130,4;-434,5;294;0
vpja08;1;5415;5603;35,3;-439,9;188;0
vpja08;1;5663;5929;-415;-129,3;266;0
vpja08;1;5962;6209;-421,4;-176,8;247;0
vpja08;1;6232;6720;-447,7;-148,5;488;0
vpja08;1;6759;6978;-380,1;-29,2;219;0
vpja08;1;7037;7616;-463;218,7;579;0
vpja08;1;7673;7874;-169,1;345;201;0
vpja08;1;7897;8088;-209,9;351;191;0
vpja08;1;8100;8292;-212,2;334,5;192;0
vpja08;1;8327;8615;-58,6;298,5;288;0
vpja08;1;8639;8854;-117,8;281,9;215;0
vpja08;1;8866;8986;-129;266,6;120;0
vpja08;1;9058;9284;417,6;119,3;226;0
vpja08;1;9338;9484;426,7;44,8;146;0
vpja08;1;9522;9717;437;-40,3000000000001;195;0
vpja08;1;9747;10000;469,6;-108,5;253;0
vpja08;2;299;446;102,6;-206,5;147;255000
vpja08;2;468;975;108,1;-228,6;507;255000
vpja08;2;1044;1397;382,3;142;353;255
vpja08;2;1420;1674;439,1;148,9;254;255
vpja08;2;1702;2182;384,9;200;480;255
vpja08;2;2198;2754;363,5;206,5;556;255
vpja08;2;2779;3024;315,8;139,8;245;255
vpja08;2;3063;3355;415,4;169,4;292;255
vpja08;2;3383;3527;362,3;217,5;144;255
vpja08;2;3620;3787;-458,6;256,3;167;255255000
vpja08;2;3808;4193;-454,2;222,9;385;255255000
vpja08;2;4205;4474;-464,7;200,8;269;255255000
vpja08;2;4496;4718;-420,4;205,5;222;255255000
vpja08;2;4733;4908;-450,9;195;175;255255000
vpja08;2;4952;5139;-481,3;7,80000000000007;187;0
vpja08;2;5169;5402;-370,7;-16;233;0
vpja08;2;5422;5584;-377,5;-54,0999999999999;162;0
vpja08;2;5595;5777;-388,5;-69,6999999999999;182;0
vpja08;2;5790;6081;-388,7;-83,1999999999999;291;0
vpja08;2;6105;6482;-360,3;-36,9;377;0
vpja08;2;6540;6799;-433;211,7;259;255255000
vpja08;2;6880;7009;353,4;126,2;129;255
vpja08;2;7051;7173;536,3;-97,4;122;0
vpja08;2;7214;7494;578,5;-214,3;280;0
vpja08;2;7516;7750;502;-217,8;234;0
vpja08;2;7808;8057;252;-257,9;249;0
vpja08;2;8123;8437;388;128,6;314;255
vpja08;2;8526;8700;-326,2;208,6;174;0
vpja08;2;8740;8996;-437,8;222,8;256;255255000
vpja08;2;9211;9822;-462,1;207,7;611;255255000
vpja08;2;9840;10000;-436,6;207,3;160;255255000
vpja08;3;236;351;-253,9;-163,9;115;255000
vpja08;3;380;620;-228,5;-203,6;240;255000
vpja08;3;629;1106;-224,2;-211,9;477;255000
vpja08;3;1123;1250;-232,8;-195,7;127;255000
vpja08;3;1304;1535;-255,9;129,5;231;255255000
vpja08;3;1559;1862;-235,3;177,4;303;255255000
vpja08;3;1874;2246;-250,5;160,5;372;255255000
vpja08;3;2262;2689;-273,1;145,3;427;255255000
vpja08;3;2741;2837;-80,1;107,7;96;0
vpja08;3;2896;3407;282,8;53,5999999999999;511;255
vpja08;3;3424;3618;311,1;77,9;194;255
vpja08;3;3644;3970;247,8;67,0999999999999;326;255
vpja08;3;3995;4251;293,5;52;256;255
vpja08;3;4523;4673;272;43,5;150;255
vpja08;3;4747;4904;-224,8;-163;157;255000
vpja08;3;4929;5036;-228;-202,6;107;255000
vpja08;3;5165;5418;-212,6;-208,9;253;255000
vpja08;3;5431;5601;-223,7;-210,4;170;255000
vpja08;3;5630;5922;-151,7;-231,8;292;0
vpja08;3;5983;6145;301,8;-175,7;162;0
vpja08;3;6189;6420;512,5;-141,3;231;0
vpja08;3;6463;6671;270,3;-152,9;208;0
vpja08;3;6695;6994;322,2;-145,7;299;0
vpja08;3;7052;7830;604,3;-241,5;778;0
vpja08;3;7932;8082;-384,5;-189,8;150;0
vpja08;3;8135;8345;-568;-114,1;210;0
vpja08;3;8368;8568;-641,4;-132,4;200;NA
vpja08;3;8612;8794;-595,3;-302,7;182;0
vpja08;3;8827;9286;-548,8;-392,8;459;0
vpja08;3;9303;9689;-566,1;-384,4;386;0
vpja08;3;9719;9850;-583,7;-300,3;131;0
vpja08;3;9913;10000;-342,6;20,5;87;2,55e+08
vpja08;4;257;348;-11,3;-340,6;91;255000
vpja08;4;374;629;4,5;-378;255;255000
vpja08;4;718;981;-333,7;302,9;263;255
vpja08;4;1020;1188;-485,8;343,8;168;255
vpja08;4;1265;1381;312;320,7;116;0
vpja08;4;1413;1610;445,1;378,8;197;255255000
vpja08;4;1629;2057;461,3;406;428;0
vpja08;4;2069;2239;439,1;419;170;255255000
vpja08;4;2314;2535;-81,8;166,9;221;0
vpja08;4;2596;2775;409,9;376,2;179;0
vpja08;4;2801;3234;470,2;416,5;433;0
vpja08;4;3249;3574;462,4;432;325;255255000
vpja08;4;3587;3924;481,7;419;337;0
vpja08;4;3938;4176;446,5;417,9;238;255255000
vpja08;4;4193;4467;417,5;421,8;274;0
vpja08;4;4501;4634;401,3;339,4;133;0
vpja08;4;4663;5362;410,2;267,5;699;255255000
vpja08;4;5438;5558;341,6;-153,3;120;0
vpja08;4;5588;5769;363;-263,4;181;0
vpja08;4;5820;5976;34,6;-371,1;156;255000
vpja08;4;6000;6231;1,5;-391;231;255000
vpja08;4;6245;6431;-18,1999999999999;-393,4;186;255000
vpja08;4;6454;6664;15,7;-403,2;210;255000
vpja08;4;6685;7054;-28,9;-401,5;369;255000
vpja08;4;7146;7363;-356,7;302;217;255
vpja08;4;7395;7967;-227;215;572;255
vpja08;4;7984;8372;-200,2;217,2;388;255
vpja08;4;8384;8642;-225,1;226,9;258;255
vpja08;4;8683;8834;-262,2;53,4;151;0
vpja08;4;8882;8977;-332,4;-90,3;95;0
vpja08;4;9022;9218;-296,6;-297;196;0
vpja08;4;9245;9523;-255,5;-382,8;278;0
vpja08;4;9572;9904;-447,3;-434,6;332;0
vpja08;5;205;315;-83,6999999999999;-62,6;110;2,55e+08
vpja08;5;339;504;-74,8;-77,9;165;255000
vpja08;5;513;1480;-72,0999999999999;-93;967;255000
vpja08;5;1558;1659;-152,6;-363,6;101;0
vpja08;5;1714;2064;-403,2;-361,1;350;0
vpja08;5;2129;2345;-482;-107,4;216;0
vpja08;5;2406;2517;-107,6;-109,1;111;255000
vpja08;5;2548;2739;-69,9;-101,7;191;255000
vpja08;5;2804;2971;326,5;45,3;167;0
vpja08;5;2999;3189;223,5;103,3;190;255
vpja08;5;3212;3392;208,6;123,5;180;255
vpja08;5;3402;3763;217,7;111,8;361;255
vpja08;5;3771;3978;204,8;110,9;207;255
vpja08;5;3989;4163;221,9;111,6;174;255
vpja08;5;4229;4459;-382,4;142,2;230;255255000
vpja08;5;4490;4713;-442,1;127,9;223;255255000
vpja08;5;4732;5278;-475,5;135,3;546;255255000
vpja08;5;5332;5451;-238,1;79,6;119;0
vpja08;5;5505;5666;-85,0999999999999;-106,8;161;255000
vpja08;5;5677;6087;-68,5;-102,9;410;255000
vpja08;5;6162;6421;516,7;-262,3;259;0
vpja08;5;6493;6901;-11,3;-366,7;408;0
vpja08;5;6914;7196;-26,9;-382,8;282;0
vpja08;5;7247;7420;-66,1999999999999;-121,6;173;255000
vpja08;5;7437;7675;-75,5;-99,5;238;255000
vpja08;5;7966;8028;225,7;176,3;62;0
vpja08;5;8052;8227;210,3;130,5;175;255
vpja08;5;8239;9459;220,7;121,3;1220;255
vpja08;5;9534;9787;-399,9;142,9;253;255255000
vpja08;5;9814;10000;-474,1;154,5;186;255255000
vpja08;6;223;364;148,1;-252,8;141;255000
vpja08;6;386;581;107,1;-251,2;195;255000
vpja08;6;592;873;93,7;-251,6;281;255000
vpja08;6;950;1218;-453,4;105,5;268;255
vpja08;6;1241;1571;-488,9;83,3;330;255
vpja08;6;1615;2044;-364;19,3;429;255
vpja08;6;2080;2349;-428,3;91,4;269;255
vpja08;6;2369;2921;-464,7;87,1;552;255
vpja08;6;2938;3186;-482,8;117,5;248;255
vpja08;6;3198;3359;-501,4;114,1;161;255
vpja08;6;3579;3823;-501,4;93,6999999999999;244;255
vpja08;6;3856;4124;-393,6;65,8;268;255
vpja08;6;4146;4393;-430,8;83,4;247;255
vpja08;6;4473;4752;225,8;185,9;279;255255000
vpja08;6;4775;5028;275,7;177,6;253;255255000
vpja08;6;5048;5345;235,6;167,3;297;255255000
vpja08;6;5560;5731;48,9;129,4;171;255255000
vpja08;6;5764;5963;121,8;142,7;199;255255000
vpja08;6;6000;6247;200,2;143;247;255255000
vpja08;6;6266;6598;244,6;138,8;332;255255000
vpja08;6;6612;6812;272,8;140,7;200;255255000
vpja08;6;6894;7068;-386,9;102,5;174;255
vpja08;6;7090;7342;-428;73,6999999999999;252;255
vpja08;6;7364;7841;-471,3;42,9;477;255
vpja08;6;7908;8083;-493;-216,3;175;0
vpja08;6;8126;8274;-340,9;-296,4;148;0
vpja08;6;8294;8482;-370,5;-317,8;188;0
vpja08;6;8541;8657;-96,4;-348,5;116;0
vpja08;6;8682;8868;-95;-407,6;186;0
vpja08;6;8887;9108;-64,9;-412,3;221;0
vpja08;6;9140;9300;-154,2;-409,7;160;0
vpja08;6;9324;9470;-210,6;-411,7;146;0
vpja08;6;9483;9658;-227;-410,8;175;0
vpja08;6;9689;9862;-82,5;-409,2;173;0
vpja08;6;9933;10000;437,7;-367;67;0
vpja08;7;227;373;-7,30598072245186;-225,387709420553;146;255000
vpja08;7;400;668;-3,00598072245191;-251,287709420553;268;255000
vpja08;7;681;1045;15,2940192775482;-248,687709420553;364;255000
vpja08;7;1111;1317;-429,505980722452;193,312290579447;206;255
vpja08;7;1335;1549;-431,905980722452;169,512290579447;214;255
vpja08;7;1609;1735;-233,005980722452;148,112290579447;126;0
vpja08;7;1773;2023;-390,005980722452;211,112290579447;250;255
vpja08;7;2044;2248;-432,805980722452;240,712290579447;204;255
vpja08;7;2276;2801;-435,805980722452;171,212290579447;525;255
vpja08;7;2878;3177;341,394019277548;218,912290579447;299;255255000
vpja08;7;3196;3511;322,594019277548;250,512290579447;315;255255000
vpja08;7;3746;3792;333,294019277548;175,612290579447;46;0
vpja08;7;3816;4337;328,094019277548;226,112290579447;521;255255000
vpja08;7;4354;4722;346,794019277548;207,512290579447;368;255255000
vpja08;7;4740;5368;323,794019277548;199,212290579447;628;255255000
vpja08;7;5386;5904;361,294019277548;197,012290579447;518;255255000
vpja08;7;5917;6464;338,894019277548;194,412290579447;547;255255000
vpja08;7;6477;6802;362,294019277548;183,312290579447;325;0
vpja08;7;6818;7045;353,994019277548;209,112290579447;227;255255000
vpja08;7;7106;7184;391,794019277548;36,4122905794472;78;0
vpja08;7;7255;7434;-279,205980722452;94,7122905794472;179;0
vpja08;7;7515;7703;-8,80598072245186;-380,487709420553;188;0
vpja08;7;7753;8113;167,394019277548;-399,087709420553;360;0
vpja08;7;8138;8556;115,494019277548;-434,787709420553;418;0
vpja08;7;8587;8958;235,094019277548;-422,487709420553;371;0
vpja08;7;9017;9140;122,694019277548;-279,787709420553;123;0
vpja08;7;9175;9444;8,89401927754818;-265,387709420553;269;255000
vpja08;7;9457;9644;28,4940192775481;-265,887709420553;187;255000
vpja08;7;9664;9921;-10,7059807224518;-264,087709420553;257;255000
vpja08;8;239;377;-51,1464163822526;-225,549146757679;138;255000
vpja08;8;398;624;-79,0464163822526;-256,549146757679;226;255000
vpja08;8;644;898;-45,7464163822526;-254,649146757679;254;255000
vpja08;8;976;1204;-95,3464163822526;254,150853242321;228;0
vpja08;8;1228;1610;-69,4464163822526;284,650853242321;382;255
vpja08;8;1880;2025;-44,2464163822526;306,350853242321;145;255
vpja08;8;2044;2583;-55,6464163822526;303,050853242321;539;255
vpja08;8;2600;2797;-40,6464163822526;315,150853242321;197;255
vpja08;8;2890;3030;334,853583617747;206,550853242321;140;0
vpja08;8;3053;3362;369,853583617747;204,150853242321;309;255255000
vpja08;8;3378;3617;400,453583617747;215,950853242321;239;255255000
vpja08;8;3648;4549;315,653583617747;190,450853242321;901;255255000
vpja08;8;4616;4841;-53,7464163822526;299,950853242321;225;255
vpja08;8;4894;4935;345,753583617747;144,150853242321;41;0
vpja08;8;4947;5035;347,353583617747;188,250853242321;88;255255000
vpja08;8;5058;5263;390,653583617747;195,450853242321;205;255255000
vpja08;8;5276;5624;404,053583617747;206,250853242321;348;255255000
vpja08;8;5700;5892;-109,346416382253;222,850853242321;192;0
vpja08;8;5995;6184;-367,346416382253;-237,349146757679;189;0
vpja08;8;6226;6380;-526,046416382253;-297,449146757679;154;0
vpja08;8;6417;6695;-541,946416382253;-410,849146757679;278;0
vpja08;8;6770;6924;22,7535836177474;-402,949146757679;154;0
vpja08;8;6984;7112;310,653583617747;-328,749146757679;128;0
vpja08;8;7135;7451;312,853583617747;-378,449146757679;316;0
vpja08;8;7459;7751;322,253583617747;-382,049146757679;292;0
vpja08;8;7819;8090;518,453583617747;-90,8491467576791;271;0
vpja08;8;8106;8292;477,953583617747;-107,349146757679;186;0
vpja08;8;8369;8550;-32,6464163822526;-281,549146757679;181;255000
vpja08;8;8574;8839;-76,2464163822526;-269,749146757679;265;255000
vpja08;8;8870;9058;-64,7464163822526;-161,149146757679;188;255000
vpja08;8;9082;9231;-45,8464163822526;-220,349146757679;149;255000
vpja08;8;9255;9551;-51,4464163822526;-265,249146757679;296;255000
vpja08;8;9580;9792;-65,3464163822526;-191,849146757679;212;255000
vpja08;9;217;324;-44,9108949416342;-254,827237354086;107;255000
vpja08;9;348;684;-57,5108949416342;-280,827237354086;336;255000
vpja08;9;758;955;-322,910894941634;248,072762645914;197;255
vpja08;9;990;1527;-349,410894941634;159,072762645914;537;255
vpja08;9;1572;1943;-444,710894941634;233,772762645914;371;255
vpja08;9;1958;2127;-440,810894941634;204,372762645914;169;255
vpja08;9;2143;2505;-421,010894941634;187,072762645914;362;255
vpja08;9;2548;2743;-257,910894941634;156,472762645914;195;255
vpja08;9;2823;3020;334,789105058366;220,172762645914;197;255255000
vpja08;9;3045;3344;390,189105058366;207,872762645914;299;255255000
vpja08;9;3369;4091;328,889105058366;199,772762645914;722;255255000
vpja08;9;4338;4556;-292,510894941634;196,772762645914;218;255
vpja08;9;4587;4900;-362,610894941634;162,972762645914;313;255
vpja08;9;4923;5131;-331,210894941634;144,372762645914;208;255
vpja08;9;5343;5469;-358,010894941634;150,372762645914;126;255
vpja08;9;5484;6139;-346,210894941634;127,772762645914;655;255
vpja08;9;6147;6745;-340,310894941634;131,172762645914;598;255
vpja08;9;6757;7293;-337,510894941634;135,272762645914;536;255
vpja08;9;7366;7536;215,189105058366;179,172762645914;170;255255000
vpja08;9;7607;7774;295,389105058366;-77,1272373540857;167;0
vpja08;9;7789;8027;270,189105058366;-78,2272373540857;238;0
vpja08;9;8080;8224;374,089105058366;-266,127237354086;144;0
vpja08;9;8294;8431;13,1891050583658;-379,727237354086;137;0
vpja08;9;8458;8591;-53,1108949416342;-413,427237354086;133;0
vpja08;9;8620;8753;-127,310894941634;-409,727237354086;133;0
vpja08;9;8798;8939;-13,2108949416343;-294,727237354086;141;255000
vpja08;9;8958;9219;-42,2108949416343;-300,327237354086;261;255000
vpja08;9;9288;9542;-478,310894941634;-105,827237354086;254;0
vpja08;9;9576;9797;-352,810894941634;-38,8272373540856;221;0
vpja08;9;9823;10000;-283,410894941634;-74,0272373540856;177;0
vpja08;10;180;275;-143,1;-171,9;95;2,55e+08
vpja08;10;301;465;-152,8;-223,4;164;255000
vpja08;10;475;706;-159,1;-232,3;231;255000
vpja08;10;773;1118;-440,1;274,3;345;255
vpja08;10;1140;1672;-484;302,7;532;255
vpja08;10;1679;1886;-490,8;294,4;207;255
vpja08;10;1907;2168;-426,2;278,9;261;255
vpja08;10;2187;2492;-396,6;266,8;305;255
vpja08;10;2504;2809;-421,7;276;305;255
vpja08;10;2901;3055;328;148,9;154;255255000
vpja08;10;3098;3274;381,6;40,4000000000001;176;0
vpja08;10;3311;3790;349,1;-52,0999999999999;479;255255000
vpja08;10;3847;4059;350;170,7;212;0
vpja08;10;4150;4284;-456,3;73,2;134;0
vpja08;10;4310;4461;-496,3;19,3000000000001;151;0
vpja08;10;4486;4909;-464;50,7;423;0
vpja08;10;4934;5157;-419,9;39;223;0
vpja08;10;5175;5400;-417,1;14,1;225;0
vpja08;10;5443;5559;-400,3;-127,3;116;0
vpja08;10;5592;5799;-386,7;-243,1;207;0
vpja08;10;5852;6024;-425,1;-21,5;172;0
vpja08;10;6052;6528;-420,5;45,2;476;0
vpja08;10;6556;6724;-421,5;-22;168;0
vpja08;10;6772;6992;-395;-234,5;220;0
vpja08;10;7014;7380;-382,7;-269,6;366;0
vpja08;10;7399;8262;-388,9;-232,9;863;0
vpja08;10;8312;8568;-16,4;-405,5;256;0
vpja08;10;8600;8786;56,4;-375,5;186;0
vpja08;10;8807;9001;81,4999999999999;-401,3;194;0
vpja08;10;9029;9265;-1,5;-421,1;236;0
vpja08;10;9286;9572;-43,3000000000001;-428,1;286;0
vpja08;10;9639;9753;395,4;-411,6;114;0
vpja08;10;9775;10000;397,8;-457;225;0
vpja08;11;225;323;56,5013698630136;-270,845205479452;98;2,55e+08
vpja08;11;349;569;64,3013698630136;-336,645205479452;220;255000
vpja08;11;628;959;-132,598630136986;22,4547945205479;331;255
vpja08;11;980;1351;-156,398630136986;52,8547945205479;371;255
vpja08;11;1367;1667;-173,498630136986;80,3547945205479;300;255
vpja08;11;1687;1860;-143,498630136986;63,654794520548;173;255
vpja08;11;1885;2405;-99,8986301369864;9,55479452054794;520;255
vpja08;11;2435;2618;-126,898630136986;52,154794520548;183;255
vpja08;11;2670;2869;293,901369863014;110,954794520548;199;255255000
vpja08;11;2892;3112;342,101369863014;83,3547945205479;220;255255000
vpja08;11;3178;3364;-107,398630136986;48,9547945205479;186;255
vpja08;11;3385;3611;-138,198630136986;36,5547945205479;226;255
vpja08;11;3667;3861;271,701369863014;80,154794520548;194;255255000
vpja08;11;3887;4223;325,801369863014;87,154794520548;336;255255000
vpja08;11;4231;4919;311,801369863014;90,3547945205479;688;255255000
vpja08;11;4932;5079;288,901369863014;95,254794520548;147;255255000
vpja08;11;5151;5787;-157,498630136986;28,4547945205479;636;255
vpja08;11;5798;6373;-160,998630136986;39,3547945205479;575;255
vpja08;11;6388;6716;-134,498630136986;32,154794520548;328;255
vpja08;11;6748;7030;-81,4986301369864;-0,0452054794520791;282;255
vpja08;11;7053;7456;-115,598630136986;2,95479452054792;403;255
vpja08;11;7477;7862;-140,298630136986;25,4547945205479;385;255
vpja08;11;7935;7987;93,0013698630136;-215,645205479452;52;2,55e+08
vpja08;11;8021;8261;63,1013698630136;-345,145205479452;240;255000
vpja08;11;8273;8517;74,8013698630135;-350,245205479452;244;255000
vpja08;11;8526;8806;58,0013698630136;-347,045205479452;280;255000
vpja08;11;8866;9080;-99,4986301369864;-65,345205479452;214;0
vpja08;11;9144;9212;71,6013698630136;-299,045205479452;68;255000
vpja08;11;9239;9395;57,0013698630136;-357,545205479452;156;255000
vpja08;11;9482;9643;-456,998630136986;34,254794520548;161;0
vpja08;11;9670;10000;-520,298630136986;66,9547945205479;330;0
vpja08;12;213;291;-159,4;-176,2;78;2,55e+08
vpja08;12;316;1034;-182,6;-239,2;718;255000
vpja08;12;1097;1283;15,1;9,09999999999991;186;255
vpja08;12;1307;1483;-32,2;43,4;176;255
vpja08;12;1501;1904;-62,3;46,0999999999999;403;255
vpja08;12;1931;2133;17,4;44,8;202;255
vpja08;12;2144;2404;15,6;25,3;260;255
vpja08;12;2415;2878;0,5;25,0999999999999;463;255
vpja08;12;2890;3222;18,4;24,3;332;255
vpja08;12;3234;3509;12,6;40,4;275;255
vpja08;12;3529;3884;-6;17,9;355;255
vpja08;12;3901;4094;25,6;16,9;193;255
vpja08;12;4126;4407;-84,3;50,1999999999999;281;255
vpja08;12;4426;4573;-50,4;43,4;147;255
vpja08;12;4639;4895;-460,8;22,4;256;255255000
vpja08;12;4926;5242;-502,8;92,0999999999999;316;255255000
vpja08;12;5271;5859;-574,7;55,1999999999999;588;0
vpja08;12;5944;6108;258,2;-135,6;164;0
vpja08;12;6162;6323;458,8;-130,4;161;0
vpja08;12;6351;6537;429,1;-198,1;186;0
vpja08;12;6553;6725;433,7;-219,1;172;0
vpja08;12;6772;6958;458;-403,9;186;0
vpja08;12;6980;7549;497,7;-402,2;569;0
vpja08;12;7597;8002;614,7;-168,8;405;0
vpja08;12;8021;8407;570,2;-140;386;0
vpja08;12;8671;8884;598,2;-177,4;213;0
vpja08;12;9054;9211;547;-150,7;157;0
vpja08;12;9232;9798;590,4;-167,7;566;0
vpja08;12;9842;10000;501,1;-118;158;0
vpja08;13;172;249;-65,6;-225,3;77;255000
vpja08;13;278;464;-75,9000000000001;-309,6;186;255000
vpja08;13;475;723;-88,1;-326,5;248;255000
vpja08;13;739;909;-54,5;-330,5;170;255000
vpja08;13;998;1169;-448,6;340,6;171;0
vpja08;13;1194;1428;-462,1;297,2;234;255
vpja08;13;1438;1732;-456,2;297,3;294;255
vpja08;13;1814;2019;324,1;320,3;205;255255000
vpja08;13;2043;2492;363;318,6;449;255255000
vpja08;13;2518;2855;416;367,9;337;255255000
vpja08;13;2879;3016;361;314,8;137;255255000
vpja08;13;3097;3230;-416,1;338,9;133;0
vpja08;13;3252;3629;-450,3;305,1;377;0
vpja08;13;3708;4132;372,9;315,6;424;255255000
vpja08;13;4198;4447;452,4;78,7;249;0
vpja08;13;4466;4658;484,5;59,2;192;0
vpja08;13;4701;4877;352,3;-51,5;176;0
vpja08;13;4900;5145;336,6;-90,4;245;0
vpja08;13;5159;5552;328;-106,9;393;0
vpja08;13;5559;6040;328;-100,4;481;0
vpja08;13;6144;6620;-475,5;316,6;476;255
vpja08;13;6859;7089;-444,5;299,7;230;0
vpja08;13;7110;7585;-466,8;304,8;475;255
vpja08;13;7598;7955;-458,5;290;357;255
vpja08;13;7976;8993;-464,4;312,6;1017;255
vpja08;13;9008;9690;-442;276,3;682;255
vpja08;13;9771;9937;74,5;64,9000000000001;166;2,55e+08
vpja08;14;195;272;-19,4389078498293;-251,483276450512;77;255000
vpja08;14;309;440;2,56109215017068;-319,283276450512;131;255000
vpja08;14;461;870;-42,9389078498293;-329,483276450512;409;255000
vpja08;14;960;1212;-544,238907849829;247,716723549488;252;255
vpja08;14;1237;1499;-492,138907849829;205,616723549488;262;255
vpja08;14;1520;1791;-513,438907849829;237,316723549488;271;255
vpja08;14;1800;2374;-506,438907849829;227,716723549488;574;255
vpja08;14;2400;2813;-474,938907849829;176,516723549488;413;255
vpja08;14;2835;3685;-503,238907849829;234,116723549488;850;255
vpja08;14;3709;3914;-462,738907849829;261,516723549488;205;255
vpja08;14;4004;4359;215,361092150171;331,516723549488;355;255255000
vpja08;14;4368;5091;203,161092150171;320,316723549488;723;255255000
vpja08;14;5168;5551;-449,238907849829;177,716723549488;383;0
vpja08;14;5579;5916;-363,738907849829;171,916723549488;337;0
vpja08;14;5955;6603;-465,438907849829;178,016723549488;648;255
vpja08;14;6698;6879;26,3610921501706;-232,183276450512;181;255000
vpja08;14;6937;7195;-238,538907849829;-252,083276450512;258;0
vpja08;14;7234;7492;-333,338907849829;-259,883276450512;258;0
vpja08;14;7515;7818;-385,038907849829;-237,583276450512;303;0
vpja08;14;7877;7993;-143,638907849829;-283,183276450512;116;0
vpja08;14;8076;8421;455,761092150171;-308,683276450512;345;0
vpja08;14;8471;8708;606,961092150171;-434,783276450512;237;0
vpja08;14;8795;9218;478,261092150171;170,516723549488;423;0
vpja08;14;9240;9611;415,761092150171;188,616723549488;371;0
vpja08;14;9705;9907;-231,138907849829;167,916723549488;202;0
vpja08;14;9960;10000;-424,538907849829;153,216723549488;40;0
vpja08;15;62;186;-3,99999999999989;22,5999999999999;124;0
vpja08;15;241;344;-184,8;-149,8;103;2,55e+08
vpja08;15;379;612;-196,3;-203,6;233;255000
vpja08;15;629;769;-208,8;-204,1;140;255000
vpja08;15;851;979;-482;372,5;128;0
vpja08;15;1005;1306;-456,1;308,6;301;255
vpja08;15;1320;1971;-445,4;297,8;651;255
vpja08;15;1995;2156;-419,2;298,7;161;255
vpja08;15;2215;2746;-131,9;325,1;531;255255000
vpja08;15;2758;3129;-142,6;336,4;371;255255000
vpja08;15;3141;3386;-150,6;350,6;245;255255000
vpja08;15;3397;3798;-142,1;332,8;401;255255000
vpja08;15;3805;4056;-148;331,5;251;255255000
vpja08;15;4073;4367;-121,6;321,8;294;255255000
vpja08;15;4375;4647;-138,6;315,6;272;255255000
vpja08;15;4730;4983;103,8;-259,6;253;0
vpja08;15;5022;5294;-41,4999999999999;-278;272;0
vpja08;15;5314;5444;-9,59999999999991;-256;130;0
vpja08;15;5494;6184;-206,2;-206;690;255000
vpja08;15;6331;6551;-203,7;-218,5;220;255000
vpja08;15;6563;6927;-190,1;-205,5;364;255000
vpja08;15;7002;7264;-308,9;284,8;262;0
vpja08;15;7290;7460;-426,4;307,2;170;255
vpja08;15;7507;7694;-401,7;85,5999999999999;187;0
vpja08;15;7764;7868;-456,2;-199,2;104;0
vpja08;15;7905;8097;-549,6;-259,2;192;0
vpja08;15;8123;8400;-635,7;-273,2;277;0
vpja08;15;8438;8619;-461,1;-323,8;181;0
vpja08;15;8645;8780;-400,3;-364,4;135;0
vpja08;15;8836;9036;-130,8;-259;200;255000
vpja08;15;9091;9378;154,4;-263;287;0
vpja08;15;9423;9886;295,5;-276,8;463;0
vpja08;15;9941;10000;436,5;18,5999999999999;59;0
vpja08;16;234;325;-307,415894039735;-61,3609271523179;91;2,55e+08
vpja08;16;349;537;-343,115894039735;-93,4609271523179;188;255000
vpja08;16;548;1087;-339,715894039735;-109,560927152318;539;255000
vpja08;16;1136;1485;-246,715894039735;54,8390728476821;349;255
vpja08;16;1501;1960;-271,715894039735;68,2390728476821;459;255
vpja08;16;1974;2518;-262,015894039735;83,8390728476821;544;255
vpja08;16;2668;2949;-264,015894039735;43,0390728476821;281;255
vpja08;16;3009;3236;84,7841059602648;61,2390728476821;227;255255000
vpja08;16;3264;3744;26,1841059602648;63,0390728476821;480;255255000
vpja08;16;3765;3969;81,2841059602648;56,7390728476821;204;255255000
vpja08;16;4057;4176;528,984105960265;-130,960927152318;119;0
vpja08;16;4220;4416;572,384105960265;-297,360927152318;196;0
vpja08;16;4444;4628;453,984105960265;-351,160927152318;184;0
vpja08;16;4686;4906;146,284105960265;-383,460927152318;220;0
vpja08;16;4932;5142;88,5841059602648;-386,460927152318;210;0
vpja08;16;5162;5414;63,2841059602648;-370,360927152318;252;0
vpja08;16;5436;5730;35,8841059602648;-344,060927152318;294;0
vpja08;16;5782;5970;-94,0158940397351;-203,360927152318;188;0
vpja08;16;6000;6280;2,28410596026481;-214,160927152318;280;0
vpja08;16;6301;6647;-35,7158940397352;-212,060927152318;346;0
vpja08;16;6687;7026;-207,215894039735;-243,160927152318;339;0
vpja08;16;7104;7332;-441,715894039735;-264,760927152318;228;0
vpja08;16;7357;7529;-494,915894039735;-244,460927152318;172;0
vpja08;16;7573;7712;-501,915894039735;-340,760927152318;139;0
vpja08;16;7754;7914;-323,515894039735;-414,560927152318;160;0
vpja08;16;7950;8157;-211,915894039735;-449,560927152318;207;0
vpja08;16;8209;8461;91,4841059602649;-385,660927152318;252;0
vpja08;16;8479;8826;80,7841059602648;-404,160927152318;347;0
vpja08;16;8861;9060;201,784105960265;-405,760927152318;199;0
vpja08;16;9116;9458;495,184105960265;-379,960927152318;342;0
vpja08;16;9492;9781;454,484105960265;-301,860927152318;289;0
vpja08;16;9823;10000;532,484105960265;-190,860927152318;177;0
vpja08;17;52;180;-6,20000000000005;-16,5;128;2,55e+08
vpja08;17;239;318;-51,5;-266,5;79;2,55e+08
vpja08;17;358;486;-41,4;-341,6;128;255000
vpja08;17;503;739;-63,6;-356,6;236;255000
vpja08;17;823;1238;-400,7;215;415;255
vpja08;17;1277;1518;-428;260,1;241;255
vpja08;17;1548;1920;-386,5;174,5;372;255
vpja08;17;1932;2347;-365,2;162,6;415;255
vpja08;17;2365;2675;-388,8;181,8;310;255
vpja08;17;2683;3541;-382,5;164,4;858;255
vpja08;17;3626;3846;304,7;186,8;220;255255000
vpja08;17;3871;4199;369,5;147,1;328;255255000
vpja08;17;4244;4440;433,2;42,4;196;255255000
vpja08;17;4483;4669;464,2;-104,9;186;0
vpja08;17;4691;5002;492,3;-150,4;311;0
vpja08;17;5021;5354;467,6;-189,5;333;0
vpja08;17;5407;5601;163,7;-245,6;194;0
vpja08;17;5641;5819;202,3;-341,7;178;0
vpja08;17;5848;6194;128,3;-404;346;0
vpja08;17;6266;6485;-402,7;-300,1;219;0
vpja08;17;6507;6671;-443,1;-315;164;0
vpja08;17;6697;6875;-513,4;-349,5;178;0
vpja08;17;6901;7070;-444,5;-410,4;169;0
vpja08;17;7090;7341;-454,2;-445,5;251;0
vpja08;17;7362;7752;-421,3;-452,6;390;0
vpja08;17;7771;8010;-440,7;-435,1;239;0
vpja08;17;8026;8274;-419,5;-442,8;248;0
vpja08;17;8316;8569;-425,9;-251,8;253;0
vpja08;17;8641;8785;-117,3;-92,1;144;0
vpja08;17;8845;9029;161,2;-87,2;184;0
vpja08;17;9080;9408;378,9;69,9;328;255255000
vpja08;17;9458;9720;326,6;182,8;262;255255000
vpja08;17;9731;10000;329,3;170,9;269;255255000
vpja08;18;218;316;22,0244444444445;-236,48;98;255000
vpja08;18;352;748;33,8244444444445;-281,18;396;255000
vpja08;18;763;1001;56,0244444444445;-282,48;238;255000
vpja08;18;1083;1212;323,024444444444;187,22;129;0
vpja08;18;1235;1459;281,624444444445;160,72;224;255
vpja08;18;1477;2022;250,524444444444;165,12;545;255
vpja08;18;2097;2210;-285,575555555556;162,92;113;0
vpja08;18;2237;2492;-342,075555555556;153,52;255;255255000
vpja08;18;2503;4305;-344,975555555556;135,22;1802;255255000
vpja08;18;4318;4523;-328,575555555556;136,42;205;255255000
vpja08;18;4604;4725;68,1244444444445;-98,5799999999999;121;2,55e+08
vpja08;18;4786;4938;64,2244444444444;-335,38;152;255000
vpja08;18;4972;5234;-6,57555555555552;-394,98;262;255000
vpja08;18;5262;5445;-70,3755555555555;-406,28;183;0
vpja08;18;5464;5854;-88,2755555555556;-429,88;390;0
vpja08;18;5884;6100;-103,975555555556;-341,18;216;0
vpja08;18;6127;6346;-128,175555555556;-415,48;219;0
vpja08;18;6368;6604;-158,075555555556;-378,48;236;0
vpja08;18;6658;6851;-520,975555555556;-273,18;193;0
vpja08;18;6900;7090;-503,075555555556;-420,68;190;0
vpja08;18;7114;7515;-497,875555555556;-443,18;401;0
vpja08;18;7598;7770;248,024444444444;-372,08;172;0
vpja08;18;7791;7912;279,324444444445;-396,18;121;0
vpja08;18;7926;8720;278,624444444445;-413,58;794;0
vpja08;18;8799;9122;489,524444444444;67,3200000000002;323;0
vpja08;18;9178;9482;586,224444444444;297,92;304;0
vpja08;18;9526;10000;544,824444444445;380,62;474;0
vpja08;19;222;401;-12,6;-138,1;179;255000
vpja08;19;418;644;-42;-136;226;255000
vpja08;19;710;945;-512,8;168,7;235;255
vpja08;19;965;1647;-526,8;164;682;255
vpja08;19;1710;1958;-68,8000000000001;275,8;248;255255000
vpja08;19;1974;2780;-80,5;260,2;806;255255000
vpja08;19;2791;3078;-68,5;265,6;287;255255000
vpja08;19;3086;3667;-72,4;254,6;581;255255000
vpja08;19;3687;3930;-75,4;306,4;243;255255000
vpja08;19;3955;4139;-65,2;249,5;184;255255000
vpja08;19;4155;4188;-70;224,6;33;255255000
vpja08;19;4269;4430;308,1;-248,3;161;0
vpja08;19;4463;4581;330,4;-317,9;118;0
vpja08;19;4607;5006;348,1;-267,3;399;0
vpja08;19;5022;5200;348,2;-287,5;178;0
vpja08;19;5210;5351;341,9;-302,6;141;0
vpja08;19;5423;5599;-127,8;-321,1;176;0
vpja08;19;5672;5838;-544;-262,4;166;0
vpja08;19;5864;6192;-586,6;-241,9;328;0
vpja08;19;6204;6425;-577,8;-244;221;0
vpja08;19;6499;6732;-528,2;185,6;233;255
vpja08;19;6745;6877;-531,2;172,5;132;255
vpja08;19;6941;7183;-102;259;242;255255000
vpja08;19;7202;7491;-74,9;271,1;289;255255000
vpja08;19;7523;7667;-9,80000000000007;214,7;144;255255000
vpja08;19;7687;8025;15;191,9;338;255255000
vpja08;19;8119;8245;482,4;-94,5;126;0
vpja08;19;8295;8811;609,1;79;516;0
vpja08;19;8852;9907;537,2;215,8;1055;0
vpja08;20;183;219;-29,858064516129;-194,13835125448;36;255255255
vpja08;20;258;387;44,141935483871;-243,93835125448;129;255000
vpja08;20;408;658;9,14193548387095;-247,23835125448;250;255000
vpja08;20;674;903;-13,258064516129;-248,33835125448;229;255000
vpja08;20;968;1346;-287,458064516129;171,66164874552;378;255
vpja08;20;1358;1692;-309,458064516129;172,86164874552;334;255
vpja08;20;1712;1954;-277,858064516129;168,56164874552;242;255
vpja08;20;1973;2117;-252,958064516129;173,16164874552;144;255
vpja08;20;2175;2517;305,541935483871;175,46164874552;342;255255000
vpja08;20;2535;3125;300,841935483871;153,06164874552;590;255255000
vpja08;20;3135;3736;318,941935483871;150,66164874552;601;255255000
vpja08;20;3746;3956;305,541935483871;165,56164874552;210;255255000
vpja08;20;4037;4239;-263,858064516129;181,46164874552;202;255
vpja08;20;4255;4805;-283,958064516129;170,16164874552;550;255
vpja08;20;4818;5240;-259,458064516129;178,26164874552;422;255
vpja08;20;5322;5393;-286,958064516129;-257,03835125448;71;255255255
vpja08;20;5425;5678;-264,758064516129;-389,73835125448;253;255255255
vpja08;20;5747;5884;143,141935483871;-370,43835125448;137;255255255
vpja08;20;5932;6102;397,141935483871;-314,93835125448;170;255255255
vpja08;20;6132;6415;481,541935483871;-344,73835125448;283;255255255
vpja08;20;6441;6686;490,041935483871;-280,83835125448;245;255255255
vpja08;20;6772;6918;-225,558064516129;-307,93835125448;146;255255255
vpja08;20;6957;7177;-392,458064516129;-312,33835125448;220;255255255
vpja08;20;7204;7383;-457,358064516129;-350,03835125448;179;255255255
vpja08;20;7407;7578;-493,458064516129;-412,33835125448;171;255255255
vpja08;20;7597;7763;-505,258064516129;-438,23835125448;166;255255255
vpja08;20;7824;8092;-161,858064516129;-318,43835125448;268;255255255
vpja08;20;8114;8320;-141,458064516129;-350,93835125448;206;255255255
vpja08;20;8384;8566;241,141935483871;-292,03835125448;182;255255255
vpja08;20;8783;9018;274,741935483871;-338,93835125448;235;255255255
vpja08;20;9085;9371;590,741935483871;-116,93835125448;286;255255255
vpja08;20;9392;9607;540,441935483871;-136,83835125448;215;255255255
vpja08;20;9628;10000;550,841935483871;-170,13835125448;372;255255255
vpja08;21;277;386;-311;-241,2;109;255000
vpja08;21;409;675;-348,7;-277,1;266;255000
vpja08;21;695;968;-311;-286,6;273;255000
vpja08;21;1059;1341;-413,3;350,6;282;255
vpja08;21;1357;1677;-433,3;337,9;320;255
vpja08;21;1751;2003;186,3;217,5;252;255255000
vpja08;21;2019;2620;160,3;218,6;601;255255000
vpja08;21;2643;3011;118,3;190,1;368;255255000
vpja08;21;3023;3288;100;183,6;265;255255000
vpja08;21;3351;3502;-403,6;383,7;151;255
vpja08;21;3523;3818;-425,6;339;295;255
vpja08;21;3832;4038;-421,1;321,3;206;255
vpja08;21;4143;4187;-350,2;-136,4;44;2,55e+08
vpja08;21;4223;4378;-334;-263,3;155;255000
vpja08;21;4399;4638;-326,1;-294,7;239;255000
vpja08;21;4653;4801;-340,7;-293;148;255000
vpja08;21;4858;5209;-548,4;-235,4;351;0
vpja08;21;5309;5448;292,2;23,1999999999999;139;0
vpja08;21;5515;5817;544,6;-133,5;302;0
vpja08;21;5842;6361;560,9;-182;519;0
vpja08;21;6430;6681;354,4;36,3;251;0
vpja08;21;6786;6920;-417,5;383,8;134;255
vpja08;21;6941;7185;-448,1;345,4;244;255
vpja08;21;7208;7662;-413,4;324,4;454;255
vpja08;21;7727;8009;186;222,4;282;255255000
vpja08;21;8029;8222;163,8;195,8;193;255255000
vpja08;21;8291;8469;74,4;-86,2;178;0
vpja08;21;8488;8652;86,6999999999999;-108,6;164;0
vpja08;21;8715;9157;148,8;195,6;442;255255000
vpja08;21;9181;9412;182,9;228,2;231;255255000
vpja08;21;9423;9611;176,3;222,8;188;255255000
vpja08;21;9621;9860;171,6;209,1;239;255255000
vpja08;21;9885;10000;124,9;164,6;115;255255000
vpja08;22;231;325;-72,9917525773195;-145,601718213058;94;255000
vpja08;22;349;564;-85,3917525773195;-176,801718213058;215;255000
vpja08;22;575;984;-95,9917525773195;-189,101718213058;409;255000
vpja08;22;1045;1262;-256,091752577319;120,998281786942;217;255
vpja08;22;1277;2149;-244,391752577319;110,598281786942;872;255
vpja08;22;2207;2489;81,6082474226805;112,298281786942;282;0
vpja08;22;2515;2798;158,908247422681;117,898281786942;283;0
vpja08;22;2810;3083;177,108247422681;120,498281786942;273;0
vpja08;22;3100;3249;135,408247422681;105,998281786942;149;255255000
vpja08;22;3300;3401;365,208247422681;-128,201718213058;101;0
vpja08;22;3444;3748;344,30824742268;-274,501718213058;304;0
vpja08;22;3779;4031;282,908247422681;-341,001718213058;252;0
vpja08;22;4086;4300;568,608247422681;-240,501718213058;214;0
vpja08;22;4315;4994;590,30824742268;-236,001718213058;679;0
vpja08;22;5023;5313;597,608247422681;-160,601718213058;290;0
vpja08;22;5337;5490;613,80824742268;-114,101718213058;153;0
vpja08;22;5532;5750;376,408247422681;-63,1017182130583;218;0
vpja08;22;5769;6143;347,00824742268;-47,5017182130583;374;0
vpja08;22;6155;6269;349,608247422681;-62,4017182130583;114;0
vpja08;22;6346;6550;-257,391752577319;120,798281786942;204;255
vpja08;22;6568;6904;-240,791752577319;116,398281786942;336;255
vpja08;22;6958;7510;81,1082474226805;114,198281786942;552;0
vpja08;22;7535;7804;156,208247422681;126,898281786942;269;255255000
vpja08;22;7825;7995;99,2082474226805;113,598281786942;170;0
vpja08;22;8053;8188;-61,8917525773195;-160,601718213058;135;255000
vpja08;22;8211;9020;-82,6917525773194;-193,401718213058;809;255000
vpja08;22;9045;9201;-115,191752577319;-199,301718213058;156;255000
vpja08;22;9244;9546;-295,99175257732;-222,201718213058;302;0
vpja08;22;9585;9761;-86,5917525773194;-212,601718213058;176;255000
vpja08;22;9778;10000;-71,7917525773195;-194,301718213058;222;255000
vpja08;23;228;360;76,6;-119,8;132;255000
vpja08;23;380;699;95,1;-126,9;319;255000
vpja08;23;707;879;87,8000000000001;-134,7;172;255000
vpja08;23;940;1215;351,4;228,4;275;0
vpja08;23;1256;1528;373,1;329,8;272;255
vpja08;23;1555;1799;374,9;389,6;244;255
vpja08;23;1811;2569;382,2;404;758;255
vpja08;23;2594;2836;348,3;325,7;242;255
vpja08;23;2858;3038;388,9;347,9;180;255
vpja08;23;3053;3256;417,4;353,8;203;255
vpja08;23;3340;3487;-193,5;281,5;147;255255000
vpja08;23;3508;3695;-224;243,9;187;255255000
vpja08;23;3769;3842;-302,4;-10,5;73;0
vpja08;23;3899;4050;-217,3;-240,6;151;0
vpja08;23;4076;4471;-217,7;-316,5;395;0
vpja08;23;4504;4902;-302,1;-355,2;398;0
vpja08;23;4930;5332;-199,6;-277,7;402;0
vpja08;23;5352;5762;-232,6;-291;410;0
vpja08;23;5854;6128;385,9;331,5;274;255
vpja08;23;6151;6337;398,5;368,2;186;255
vpja08;23;6354;6797;423,5;369,6;443;255
vpja08;23;6823;7297;388,7;391,2;474;255
vpja08;23;7317;7638;356,9;342,4;321;255
vpja08;23;7724;7862;62,3;-118,8;138;255000
vpja08;23;7885;8047;99,4;-132;162;255000
vpja08;23;8237;8514;110,9;-136,2;277;255000
vpja08;23;8539;8791;176,9;-159,2;252;0
vpja08;23;8804;8957;193,2;-163,4;153;0
vpja08;23;8988;9199;98,3000000000001;-124,4;211;255000
vpja08;23;9208;9499;103,1;-137,7;291;255000
vpja08;23;9561;9713;417,7;163,4;152;0
vpja08;23;9731;10000;392;153,3;269;0
vpja08;24;93;207;9,10000000000002;9,20000000000005;114;2,55e+08
vpja08;24;235;350;52,3;-45,0999999999999;115;255000
vpja08;24;370;1112;78,8000000000001;-35,5;742;255000
vpja08;24;1168;1328;330,6;146,2;160;0
vpja08;24;1349;1583;313,4;175;234;255
vpja08;24;1645;1809;-33,3000000000001;139,1;164;255255000
vpja08;24;1835;2198;-38,2;90,6;363;255255000
vpja08;24;2218;2449;-11,3000000000001;103,6;231;255255000
vpja08;24;2638;3132;-28,1;96,6;494;255255000
vpja08;24;3154;3471;20,1999999999999;104,3;317;255255000
vpja08;24;3532;3726;345,5;163,1;194;0
vpja08;24;3741;3990;327,9;167,6;249;255
vpja08;24;4002;4444;304;168,8;442;255
vpja08;24;4458;5178;323;178,3;720;255
vpja08;24;5259;5424;317,1;-198,1;165;0
vpja08;24;5451;5646;395,2;-151,9;195;0
vpja08;24;5673;6306;314,9;-150,9;633;0
vpja08;24;6361;6512;38,6999999999999;-176,7;151;0
vpja08;24;6537;7683;-10,2;-187,9;1146;0
vpja08;24;7694;8171;-8,80000000000007;-188,8;477;0
vpja08;24;8250;8429;-500,2;-93,9;179;0
vpja08;24;8488;8680;-561,2;130,6;192;0
vpja08;24;8701;9028;-547,8;165,8;327;0
vpja08;24;9047;9186;-553,2;187,5;139;0
vpja08;24;9223;9606;-570,5;358,3;383;0
vpja08;24;9621;9887;-546,1;352,9;266;0
vpja08;24;9896;10000;-559;355,5;104;0
vpja08;25;289;397;-26,6;-198,3;108;0
vpja08;25;424;616;-1,5;-265,1;192;255000
vpja08;25;655;861;-29,2;-49,7;206;255255000
vpja08;25;878;1158;-27,8;-63,4;280;255255000
vpja08;25;1206;1478;-185,1;-2,5;272;0
vpja08;25;1500;1689;-218,9;-11,8;189;255
vpja08;25;1723;2045;-82,3;-1,60000000000002;322;0
vpja08;25;2078;2528;-28,8;-79,8;450;255255000
vpja08;25;2581;2815;-226,4;0,299999999999955;234;255
vpja08;25;2827;3259;-236,5;-13,5;432;255
vpja08;25;3327;3432;-47,8;-270,1;105;0
vpja08;25;3466;3648;-8,5;-284,7;182;255000
vpja08;25;3657;4505;-10,7;-292,9;848;255000
vpja08;25;4540;4702;56,5;-239,8;162;2,55e+08
vpja08;25;4752;4957;-21,9;-100;205;255255000
vpja08;25;4973;5299;-31,5;-76,3;326;255255000
vpja08;25;5353;5553;-235,1;-11,9;200;255
vpja08;25;5624;5768;266,4;-289,2;144;0
vpja08;25;5795;6147;297,9;-334,3;352;0
vpja08;25;6175;6410;437;-281,3;235;0
vpja08;25;6424;6592;451,6;-267,1;168;0
vpja08;25;6630;6906;292,5;-281,7;276;0
vpja08;25;7173;7422;378,8;-37,7;249;0
vpja08;25;7597;7810;476,1;-4,39999999999998;213;0
vpja08;25;7845;8382;324,4;-15,1;537;0
vpja08;25;8418;8631;387,5;25,5;213;0
vpja08;25;8659;8905;479,3;-7,79999999999995;246;0
vpja08;25;8929;9133;503,3;-40,4;204;0
vpja08;25;9155;9549;534,1;-58;394;0
vpja08;25;9590;9779;497;-198,5;189;0
vpja08;25;9800;9925;443,7;-206,1;125;0
vpja08;25;9951;10000;447,4;-267,2;49;0
vpja08;26;255;328;-10,0134020618557;-231,706872852234;73;255000
vpja08;26;354;578;-3,11340206185571;-275,206872852234;224;255000
vpja08;26;588;841;-7,91340206185566;-288,806872852234;253;255000
vpja08;26;915;1080;-357,613402061856;153,193127147766;165;255
vpja08;26;1099;1278;-353,213402061856;129,793127147766;179;255
vpja08;26;1291;1368;-341,713402061856;119,793127147766;77;255
vpja08;26;1436;1638;243,886597938144;87,1931271477663;202;255255000
vpja08;26;1664;1919;290,286597938144;79,3931271477663;255;255255000
vpja08;26;1932;2238;286,186597938144;64,6931271477663;306;255255000
vpja08;26;2308;2461;-309,313402061856;129,693127147766;153;0
vpja08;26;2482;3549;-351,713402061856;121,993127147766;1067;255
vpja08;26;3604;3728;-368,913402061856;-92,1068728522337;124;0
vpja08;26;3783;3942;-582,013402061856;73,1931271477663;159;0
vpja08;26;3965;4125;-600,713402061856;68,3931271477663;160;0
vpja08;26;4143;4343;-581,013402061856;59,5931271477663;200;0
vpja08;26;4351;4457;-592,513402061856;66,4931271477664;106;0
vpja08;26;4483;4698;-541,613402061856;57,2931271477663;215;0
vpja08;26;4723;4938;-591,913402061856;63,3931271477663;215;0
vpja08;26;5024;5192;-382,813402061856;-398,206872852234;168;0
vpja08;26;5234;5370;-271,613402061856;-443,306872852234;136;0
vpja08;26;5433;5630;76,2865979381444;-334,506872852234;197;0
vpja08;26;5660;5901;-4,21340206185562;-284,906872852234;241;255000
vpja08;26;5979;6275;579,986597938144;-280,006872852234;296;0
vpja08;26;6306;6530;533,186597938144;-230,106872852234;224;0
vpja08;26;6564;6910;432,086597938144;-230,806872852234;346;0
vpja08;26;6933;7200;395,586597938144;-231,806872852234;267;0
vpja08;26;7243;7476;494,886597938144;-159,406872852234;233;0
vpja08;26;7520;7771;566,986597938144;-40,3068728522337;251;0
vpja08;26;7819;7996;625,986597938144;43,9931271477664;177;0
vpja08;26;8034;8229;608,786597938144;-67,0068728522336;195;0
vpja08;26;8281;8678;566,586597938144;-366,306872852234;397;0
vpja08;26;8698;9934;527,086597938144;-352,806872852234;1236;0
vpja08;26;9965;10000;495,986597938144;-287,306872852234;35;0
