vp;trial;timest;timeend;x;y;duration;roi
vpja35;1;260;351;21,3;-206,8;91;2,55e+08
vpja35;1;378;1010;54,8;-234,1;632;255000
vpja35;1;1023;1346;25,6999999999999;-237,7;323;255000
vpja35;1;1400;1531;-333,9;199,8;131;0
vpja35;1;1553;1948;-291;182,9;395;0
vpja35;1;2008;2194;363,5;271,3;186;0
vpja35;1;2212;2381;318,3;247,6;169;0
vpja35;1;2481;2560;170,4;-267,5;79;0
vpja35;1;2589;2779;51,9;-243,3;190;255000
vpja35;1;2796;3078;15,8;-236,7;282;255000
vpja35;1;3106;3310;-25,8000000000001;-332,7;204;255000
vpja35;1;3324;3688;-29,9;-345,8;364;255000
vpja35;1;3771;3878;361,7;596,3;107;NA
vpja35;1;3926;4092;311,5;377,2;166;0
vpja35;1;4104;4925;330,7;243,1;821;0
vpja35;1;4940;5189;317,6;277,6;249;0
vpja35;1;5292;5561;39,6999999999999;-228,3;269;255000
vpja35;1;5581;5919;52,3;-250,7;338;255000
vpja35;1;5977;6104;-339,5;212,7;127;0
vpja35;1;6127;6305;-317,9;167,9;178;0
vpja35;1;6324;6410;-287,9;183,3;86;0
vpja35;1;6449;6596;-478,5;367,1;147;0
vpja35;1;6618;6811;-477,2;334,1;193;0
vpja35;1;6855;6980;-458,2;58,1;125;0
vpja35;1;7039;7184;31,1;-216,9;145;255000
vpja35;1;7207;7426;48,1;-243,7;219;255000
vpja35;1;7455;7655;190,2;-186,5;200;0
vpja35;1;7708;8072;233,9;-336,9;364;0
vpja35;1;8125;8305;508,6;18,6;180;0
vpja35;1;8378;8509;562;487,2;131;NA
vpja35;1;8531;8653;581,7;427;122;0
vpja35;1;8693;8829;314,6;209,9;136;255
vpja35;1;8918;9065;90,9;-263,5;147;255000
vpja35;1;9088;9309;47,9;-259,5;221;255000
vpja35;1;9350;9718;-37,6;-357,1;368;255000
vpja35;1;9753;10000;39,5;-227;247;255000
vpja35;2;249;408;-57,1;-205,7;159;255000
vpja35;2;472;596;-109;346,5;124;0
vpja35;2;618;807;-71,1;392;189;0
vpja35;2;880;1231;367,4;277,4;351;0
vpja35;2;1250;1404;316,3;257,2;154;0
vpja35;2;1429;1599;381,6;271,5;170;0
vpja35;2;1665;2015;-86,6999999999999;-219,9;350;255000
vpja35;2;2038;2189;-27,9;-210,1;151;255000
vpja35;2;2212;2437;-66,6999999999999;-156;225;2,55e+08
vpja35;2;2462;2713;-42,3;-222,5;251;255000
vpja35;2;2770;3043;-512,2;163,1;273;0
vpja35;2;3071;3320;-513;63,8000000000001;249;0
vpja35;2;3357;3595;-520,9;-67,3;238;0
vpja35;2;3678;3808;379,5;-99,1;130;0
vpja35;2;3839;3990;411,1;-165,7;151;0
vpja35;2;4027;4148;519,8;-166;121;0
vpja35;2;4190;4440;559,8;46,4000000000001;250;0
vpja35;2;4491;4684;350,6;247,6;193;0
vpja35;2;4743;4991;-78;323,2;248;0
vpja35;2;5041;5203;361,8;210,2;162;255255000
vpja35;2;5225;5277;402,2;199,6;52;255255000
vpja35;2;5288;5378;392,6;211,6;90;255255000
vpja35;2;5387;5613;370,7;233,3;226;0
vpja35;2;5691;6057;415,8;-259,9;366;0
vpja35;2;6081;6339;428,3;-319,3;258;0
vpja35;2;6363;6586;516,4;-360;223;0
vpja35;2;6781;6904;-82;-272,5;123;255000
vpja35;2;6930;7054;-72,9;-339,1;124;255000
vpja35;2;7113;7338;-624,2;-236,2;225;0
vpja35;2;7364;7653;-545;-237;289;0
vpja35;2;7702;7872;-106,9;-183,4;170;2,55e+08
vpja35;2;7892;8296;-84,1999999999999;-214,4;404;255000
vpja35;2;8319;8685;-38,9;-224,6;366;255000
vpja35;2;8708;9147;-80,8;-157,4;439;2,55e+08
vpja35;2;9179;9369;-83,6;-18,5999999999999;190;2,55e+08
vpja35;2;9410;9615;-65,5;-216,4;205;255000
vpja35;2;9632;9897;-41,6;-230,6;265;255000
vpja35;3;288;502;-255,472535211267;-98,1140845070423;214;255000
vpja35;3;552;761;-113,772535211267;413,585915492958;209;255
vpja35;3;785;905;-64,2725352112674;380,385915492958;120;255
vpja35;3;965;1658;302,227464788733;94,0859154929577;693;0
vpja35;3;1674;1826;271,527464788733;80,4859154929577;152;255255000
vpja35;3;1885;2286;-271,372535211267;-117,514084507042;401;255000
vpja35;3;2300;2553;-248,972535211267;-108,714084507042;253;255000
vpja35;3;2570;2892;-279,072535211267;-104,914084507042;322;255000
vpja35;3;2946;3071;-90,1725352112675;357,385915492958;125;255
vpja35;3;3123;3353;271,627464788732;101,385915492958;230;255255000
vpja35;3;3377;5054;279,627464788732;60,8859154929577;1677;255255000
vpja35;3;5077;5314;262,027464788733;110,885915492958;237;255255000
vpja35;3;5362;5550;-86,1725352112675;365,285915492958;188;255
vpja35;3;5629;5767;-537,072535211267;-33,3140845070424;138;0
vpja35;3;5791;5913;-590,272535211267;-23,2140845070423;122;0
vpja35;3;5959;6102;-565,372535211267;-271,914084507042;143;0
vpja35;3;6125;6275;-545,272535211267;-309,314084507042;150;0
vpja35;3;6304;7023;-553,072535211267;-426,914084507042;719;0
vpja35;3;7053;7299;-519,972535211267;-344,614084507042;246;0
vpja35;3;7345;7498;-272,572535211267;-372,114084507042;153;0
vpja35;3;7566;7795;332,827464788733;-309,914084507042;229;0
vpja35;3;7851;8142;557,527464788733;-91,5140845070423;291;0
vpja35;3;8165;8387;621,627464788732;-155,214084507042;222;0
vpja35;3;8428;8583;617,827464788733;-320,314084507042;155;0
vpja35;3;8603;8846;602,927464788733;-372,814084507042;243;0
vpja35;3;8907;9220;321,127464788732;-89,5140845070423;313;0
vpja35;3;9239;9328;297,027464788733;-70,6140845070423;89;0
vpja35;3;9381;9629;641,127464788732;307,385915492958;248;NA
vpja35;3;9652;9861;620,027464788733;337,185915492958;209;0
vpja35;3;9892;9981;603,727464788733;203,585915492958;89;0
vpja35;4;505;616;-356,4;-4,5;111;0
vpja35;4;654;825;-442,3;-96,8;171;255000
vpja35;4;832;1495;-445,3;-103,4;663;255000
vpja35;4;1513;1798;-479,7;-108,4;285;255000
vpja35;4;1817;2028;-434,2;-115,6;211;255000
vpja35;4;2079;2266;-142,7;-221;187;0
vpja35;4;2296;2418;-16,9;-211,3;122;0
vpja35;4;2489;2637;554;-216,9;148;0
vpja35;4;2664;2798;520,7;-304,1;134;0
vpja35;4;2822;3080;453,6;-365,9;258;0
vpja35;4;3133;3347;83,1999999999999;-398,4;214;0
vpja35;4;3367;3590;50,5;-386,7;223;0
vpja35;4;3615;3713;132;-399;98;0
vpja35;4;3763;4009;446,6;-150,6;246;0
vpja35;4;4016;4236;459,2;-136,5;220;0
vpja35;4;4296;4459;-12,4;43,5;163;0
vpja35;4;4512;4716;-334,9;162,1;204;255255000
vpja35;4;4739;5026;-392;151,8;287;255255000
vpja35;4;5051;5178;-441,7;91,1;127;2,55e+08
vpja35;4;5218;5351;-463,9;-125,6;133;255000
vpja35;4;5362;6165;-445,2;-110,7;803;255000
vpja35;4;6214;6368;-149,5;-206,7;154;0
vpja35;4;6392;6523;-88,5;-228,7;131;0
vpja35;4;6550;6761;-0,5;-203,4;211;0
vpja35;4;6809;6939;27,3;-336,7;130;0
vpja35;4;6960;7229;47,4;-361,7;269;0
vpja35;4;7245;7458;81,6999999999999;-371,4;213;0
vpja35;4;7478;7724;44,3;-354,9;246;0
vpja35;4;7734;8109;32;-358,8;375;0
vpja35;4;8125;8351;65,6;-360;226;0
vpja35;4;8362;8628;61,4;-379,1;266;0
vpja35;4;8684;8878;507,4;-215,7;194;0
vpja35;4;8909;9067;568,5;-130;158;0
vpja35;4;9095;9418;463,9;-147;323;0
vpja35;4;9427;9555;450;-147,1;128;0
vpja35;4;9620;9804;-183,1;-225,7;184;0
vpja35;4;9821;10000;-186,7;-244,9;179;0
vpja35;5;220;378;122,1;-221,9;158;255000
vpja35;5;396;693;104,5;-212,1;297;255000
vpja35;5;738;893;-68,6;-341,2;155;0
vpja35;5;957;1156;-456,8;113,3;199;255
vpja35;5;1195;1364;-456,8;-42,1999999999999;169;0
vpja35;5;1389;1623;-388,1;-72,4999999999999;234;0
vpja35;5;1670;1830;-82,7;-115,7;160;0
vpja35;5;1876;2111;-117,1;-371,8;235;0
vpja35;5;2180;2421;457;-315,2;241;0
vpja35;5;2500;2692;285,4;242,8;192;255255000
vpja35;5;2730;2940;189,1;150,7;210;255255000
vpja35;5;2966;3204;249,7;182,4;238;255255000
vpja35;5;3264;3401;193,9;-212,1;137;2,55e+08
vpja35;5;3446;3694;422,8;-342,6;248;0
vpja35;5;3714;4005;380,4;-330,3;291;0
vpja35;5;4024;4327;393;-370,7;303;0
vpja35;5;4336;4610;404,1;-383,2;274;0
vpja35;5;4633;5014;400,7;-336,9;381;0
vpja35;5;5025;5327;412,9;-341,5;302;0
vpja35;5;5342;5629;387,3;-345;287;0
vpja35;5;5648;5878;397,6;-387,9;230;0
vpja35;5;5890;6111;389,1;-402,1;221;0
vpja35;5;6150;6317;558,6;-366,3;167;0
vpja35;5;6340;6660;521,9;-318,1;320;0
vpja35;5;6701;7002;321,4;-338,9;301;0
vpja35;5;7043;7216;105,8;-235,4;173;255000
vpja35;5;7461;7570;157,7;367,9;109;255255000
vpja35;5;7634;7720;194,6;52,7;86;0
vpja35;5;7769;8121;119,3;-247,4;352;255000
vpja35;5;8132;8280;102,2;-263,4;148;255000
vpja35;5;8361;8506;-510,4;315,4;145;0
vpja35;5;8568;8673;-446,8;-45,1999999999999;105;0
vpja35;5;8701;8928;-426,3;-163,5;227;0
vpja35;5;8986;9087;-153;-311,1;101;0
vpja35;5;9112;9258;-123,1;-389,7;146;0
vpja35;5;9281;9575;-73;-394,3;294;0
vpja35;5;9619;9782;-83,5;-148,8;163;0
vpja35;5;9799;9906;-78,9000000000001;-179,2;107;0
vpja35;5;9931;10000;-78,4000000000001;-243,6;69;0
vpja35;6;222;427;-13,1999999999999;-161,5;205;255000
vpja35;6;479;716;-353,2;228,5;237;0
vpja35;6;735;884;-341,4;202,8;149;0
vpja35;6;940;1298;4;-145,7;358;255000
vpja35;6;1315;1482;-27,9;-144,8;167;255000
vpja35;6;1543;1763;278,5;232;220;0
vpja35;6;1784;1968;234,9;238,5;184;0
vpja35;6;1986;2144;240,1;216;158;0
vpja35;6;2193;2334;531,4;-16,4;141;0
vpja35;6;2383;2656;443,7;-280,6;273;0
vpja35;6;2699;2957;191,4;-207,8;258;0
vpja35;6;2994;3137;2;-185;143;255000
vpja35;6;3149;3301;-8,39999999999998;-171;152;255000
vpja35;6;3362;3508;-334,9;195,6;146;255
vpja35;6;3530;3934;-330,9;174;404;255
vpja35;6;3989;4135;205,4;225,3;146;0
vpja35;6;4158;4381;257,5;231;223;0
vpja35;6;4397;4498;234,5;255,6;101;0
vpja35;6;4560;4675;42,1;-135,2;115;2,55e+08
vpja35;6;4697;4947;7,5;-139,3;250;255000
vpja35;6;4959;5172;-11,1999999999999;-141,2;213;255000
vpja35;6;5182;5399;3,90000000000009;-134,1;217;2,55e+08
vpja35;6;5442;5658;-244,6;-247,3;216;0
vpja35;6;5698;5939;-447,1;-268,6;241;0
vpja35;6;6004;6403;257,7;-235,2;399;0
vpja35;6;6423;6608;245,6;-262,7;185;0
vpja35;6;6668;6864;516,6;26,1;196;0
vpja35;6;6915;7072;273,9;244,5;157;0
vpja35;6;7094;7304;240,8;242,5;210;0
vpja35;6;7324;7586;241,2;207,3;262;255255000
vpja35;6;7643;7807;-340,6;218;164;0
vpja35;6;7821;8097;-347,7;208,4;276;0
vpja35;6;8155;8299;-27,0999999999999;-116,4;144;2,55e+08
vpja35;6;8316;8586;-12,6999999999999;-140,6;270;255000
vpja35;6;8595;8940;-1;-139,9;345;255000
vpja35;6;8978;9215;-4,69999999999993;44,5;237;2,55e+08
vpja35;6;9236;9315;0,5;4,69999999999993;79;2,55e+08
vpja35;6;9571;9822;2,40000000000009;-152,9;251;255000
vpja35;6;9870;10000;274,2;-123,4;130;0
vpja35;7;225;324;-8,39999999999998;-206,8;99;2,55e+08
vpja35;7;350;559;4,40000000000009;-246,5;209;255000
vpja35;7;616;874;277,9;100,9;258;255
vpja35;7;935;1133;-374,9;176,5;198;0
vpja35;7;1141;1506;-358,8;187,9;365;0
vpja35;7;1571;1776;303,6;160,1;205;0
vpja35;7;1797;2068;300,7;120,9;271;255
vpja35;7;2076;2287;305,6;105,8;211;255
vpja35;7;2349;2519;539,6;-47,6;170;0
vpja35;7;2562;2927;545,6;-181,3;365;0
vpja35;7;2984;3174;16,3000000000001;-252;190;255000
vpja35;7;3242;3390;-551,2;60;148;0
vpja35;7;3412;3559;-581,7;103,3;147;0
vpja35;7;3577;3748;-616,3;116,3;171;0
vpja35;7;3772;3991;-561,4;88,9;219;0
vpja35;7;4059;4193;-35,4;-239,9;134;255000
vpja35;7;4216;4520;0;-267,6;304;255000
vpja35;7;4595;4837;562,2;-126,7;242;0
vpja35;7;4861;5437;538,6;-167,3;576;0
vpja35;7;5470;5780;431,6;-216,5;310;0
vpja35;7;5814;6041;507,6;-102,4;227;0
vpja35;7;6086;6266;269,5;94,1;180;255
vpja35;7;6325;6467;53,7;-259,8;142;0
vpja35;7;6488;6775;15,4000000000001;-271,8;287;255000
vpja35;7;7036;7073;165,4;11,9;37;0
vpja35;7;7109;7236;296,3;60,5;127;255
vpja35;7;7288;7567;519,2;-160,5;279;0
vpja35;7;7589;7746;541,6;-209;157;0
vpja35;7;7806;7935;89,4000000000001;-279,4;129;0
vpja35;7;7968;8443;29;-282,9;475;255000
vpja35;7;8514;8620;-427,6;116,7;106;0
vpja35;7;8646;8848;-350,2;176,7;202;0
vpja35;7;9036;9085;619,7;-138,6;49;0
vpja35;7;9109;9207;592,1;-129,1;98;0
vpja35;7;9215;9683;564,2;-237;468;0
vpja35;7;9719;10000;570;-106,9;281;0
vpja35;8;214;311;-20;-220,5;97;255000
vpja35;8;335;710;-39,4;-258,8;375;255000
vpja35;8;758;1011;-332,3;-40;253;0
vpja35;8;1052;1173;-397,9;279,5;121;255
vpja35;8;1235;1386;298,5;305,5;151;0
vpja35;8;1447;1756;331,7;252,2;309;255255000
vpja35;8;1776;1896;370,4;230,8;120;255255000
vpja35;8;1944;2186;263,3;-61,3;242;0
vpja35;8;2237;2552;-52,7;-267,2;315;255000
vpja35;8;2562;2823;-45,1;-279;261;255000
vpja35;8;2841;3249;-75,1;-278;408;255000
vpja35;8;3269;3539;-51,9;-244,7;270;255000
vpja35;8;3561;3799;-48,4;-294,8;238;255000
vpja35;8;3849;3973;-374,8;-54,2;124;0
vpja35;8;3996;4187;-318,7;-76,8;191;0
vpja35;8;4232;4391;-503,2;-163,7;159;0
vpja35;8;4446;4658;-108,6;-385,9;212;0
vpja35;8;4843;4944;-51,1;-364,1;101;255000
vpja35;8;4961;5482;-49,7;-389,9;521;255000
vpja35;8;5514;5674;-32,1;-266,4;160;255000
vpja35;8;5686;5867;-37,5;-281,9;181;255000
vpja35;8;5941;6179;318,1;167,5;238;0
vpja35;8;6227;6338;74,6;270,3;111;0
vpja35;8;6388;6410;316;-126,5;22;0
vpja35;8;6426;6576;297,3;-80,8;150;0
vpja35;8;6626;6941;-58,2;-276,4;315;255000
vpja35;8;7010;7187;246,8;285,7;177;0
vpja35;8;7213;7364;320,3;251,5;151;255255000
vpja35;8;7387;7640;288,8;274,9;253;0
vpja35;8;7706;7836;303,1;-107,9;130;0
vpja35;8;7855;8151;270;-78,4;296;0
vpja35;8;8197;8344;501;-40;147;0
vpja35;8;8359;8519;501,5;-69,3;160;0
vpja35;8;8598;8759;-332,8;-55;161;0
vpja35;8;8782;8844;-308,9;-89,9;62;0
vpja35;8;9112;9306;-360,6;169;194;255
vpja35;8;9364;9549;70,1999999999999;265,7;185;0
vpja35;8;9624;9761;-14,3000000000001;-250,7;137;255000
vpja35;8;9783;10000;-42,7;-268,5;217;255000
vpja35;9;218;325;-8,09999999999991;-217,6;107;2,55e+08
vpja35;9;453;556;8,60000000000002;-304;103;255000
vpja35;9;623;837;350,3;332;214;255
vpja35;9;863;1072;391,1;376,1;209;0
vpja35;9;1106;1234;365,2;276,9;128;255
vpja35;9;1300;1458;-338,8;243,7;158;0
vpja35;9;1527;1643;-368,4;-121,2;116;0
vpja35;9;1807;1993;-437,1;-239,6;186;0
vpja35;9;2034;2245;-421;-368,4;211;0
vpja35;9;2263;2469;-388,8;-383,8;206;0
vpja35;9;2523;2719;61,4000000000001;-322,9;196;0
vpja35;9;2784;3006;511,2;-128,9;222;0
vpja35;9;3030;3216;530,9;-212;186;0
vpja35;9;3259;3464;219,7;-232,3;205;0
vpja35;9;3508;3618;42,2;-334,2;110;0
vpja35;9;3639;3870;4,70000000000005;-319,9;231;255000
vpja35;9;3923;4108;-24,0999999999999;-30,5;185;2,55e+08
vpja35;9;4133;4323;-13,4;-100,6;190;2,55e+08
vpja35;9;4363;4580;-185,9;-181,5;217;0
vpja35;9;4600;4824;-188;-211,2;224;0
vpja35;9;4885;5114;-559,6;-365,4;229;0
vpja35;9;5138;5258;-505,4;-346,7;120;0
vpja35;9;5470;5656;-414,7;-422,4;186;0
vpja35;9;5699;5952;-157,8;-399,5;253;0
vpja35;9;6028;6199;463,9;-267,3;171;0
vpja35;9;6227;6390;530,5;-231,3;163;0
vpja35;9;6417;6580;557,3;-127,2;163;0
vpja35;9;6641;6762;366,7;331,7;121;255
vpja35;9;6806;6925;365,9;245,5;119;255
vpja35;9;6954;7157;400,4;340,1;203;0
vpja35;9;7171;7749;409,2;331,7;578;0
vpja35;9;7802;7977;-30,4;208,1;175;0
vpja35;9;8003;8140;-39,3;105,3;137;2,55e+08
vpja35;9;8180;8398;-42,3;-36,8000000000001;218;2,55e+08
vpja35;9;8457;8609;-342;299,7;152;0
vpja35;9;8634;8742;-398,9;258,8;108;0
vpja35;9;8819;8916;-58,3;-279,5;97;2,55e+08
vpja35;9;8942;9428;2;-309,3;486;255000
vpja35;9;9457;9777;-48;-217,5;320;2,55e+08
vpja35;9;9808;10000;-34,6999999999999;-91,3;192;2,55e+08
vpja35;10;226;388;-45,1;-200,9;162;255000
vpja35;10;411;617;-65,9;-242,2;206;255000
vpja35;10;688;1001;-497;404,8;313;0
vpja35;10;1011;1248;-510,9;414,9;237;0
vpja35;10;1328;1627;-77,3000000000001;-261,1;299;255000
vpja35;10;1649;1917;-122,2;-266,1;268;255000
vpja35;10;1996;2200;365,3;413,4;204;0
vpja35;10;2245;2352;440,6;246,9;107;0
vpja35;10;2381;2623;473,8;101,4;242;0
vpja35;10;2659;2949;348,9;41;290;0
vpja35;10;3022;3166;-479,7;392,4;144;0
vpja35;10;3184;3321;-495;375,8;137;0
vpja35;10;3396;3721;-63,6;-275,5;325;255000
vpja35;10;3780;3913;488,2;-252,9;133;0
vpja35;10;3937;4089;523,6;-290,6;152;0
vpja35;10;4113;4350;471,8;-362,6;237;0
vpja35;10;4376;4810;541,5;-284,7;434;0
vpja35;10;4841;5095;476,3;-380,4;254;0
vpja35;10;5104;5746;460,4;-380,5;642;0
vpja35;10;5767;6201;493;-390,5;434;0
vpja35;10;6260;6411;372,1;-44,9;151;0
vpja35;10;6443;6754;467,7;106,4;311;0
vpja35;10;6774;6955;436,9;104,8;181;0
vpja35;10;6985;7278;326,3;35,5999999999999;293;0
vpja35;10;7287;7454;342,7;38;167;0
vpja35;10;7530;7774;-395,1;-196,8;244;0
vpja35;10;7798;8017;-330,8;-204,5;219;0
vpja35;10;8061;8163;-584,3;-126,7;102;0
vpja35;10;8353;8716;-102,4;-269,5;363;255000
vpja35;10;8760;8959;-12,4;-32,5;199;2,55e+08
vpja35;10;8969;9271;-30,3000000000001;-33;302;2,55e+08
vpja35;10;9333;9556;553,2;140,8;223;0
vpja35;10;9581;9656;566,9;99,5999999999999;75;0
vpja35;10;9714;9860;-11,3000000000001;-19;146;2,55e+08
vpja35;10;9874;10000;-26,6;-30,4000000000001;126;2,55e+08
vpja35;11;162;281;23,4;-213,4;119;255000
vpja35;11;299;429;18,9;-216,2;130;255000
vpja35;11;488;675;-439,5;294,1;187;255
vpja35;11;697;883;-455,5;258,5;186;255
vpja35;11;908;1160;-435,3;338;252;0
vpja35;11;1177;1532;-407,9;319,6;355;255
vpja35;11;1557;1752;-443,9;381;195;0
vpja35;11;1761;1933;-433,3;367,8;172;0
vpja35;11;1962;2102;-364,6;277,1;140;255
vpja35;11;2114;2288;-388,9;284,4;174;255
vpja35;11;2352;2476;286,8;343,3;124;0
vpja35;11;2502;2658;335;302,2;156;255255000
vpja35;11;2672;2883;328,2;282,5;211;255255000
vpja35;11;2907;2982;355,8;334,5;75;255255000
vpja35;11;3041;3222;-25,3;-200;181;255000
vpja35;11;3240;3445;-3,29999999999995;-206;205;255000
vpja35;11;3492;3636;231,1;-353,6;144;0
vpja35;11;3661;3917;306;-378,5;256;0
vpja35;11;3956;4123;103,6;-380,6;167;0
vpja35;11;4161;4373;-5,79999999999995;-205,2;212;255000
vpja35;11;4441;4685;-55,6;117,1;244;2,55e+08
vpja35;11;4736;4963;-469,1;153,3;227;255
vpja35;11;4987;5133;-475,7;218,9;146;255
vpja35;11;5198;5386;-14,6999999999999;-5,19999999999993;188;2,55e+08
vpja35;11;5409;5533;10,4;-68,6999999999999;124;2,55e+08
vpja35;11;5572;5912;-11,6;-214,9;340;255000
vpja35;11;5929;6442;19,1;-206,7;513;255000
vpja35;11;6506;6732;324,4;296;226;255255000
vpja35;11;6757;6913;323,4;262,7;156;255255000
vpja35;11;6956;7328;395,5;84,3000000000001;372;0
vpja35;11;7378;7610;336,9;312;232;255255000
vpja35;11;7628;8085;331,7;270,2;457;255255000
vpja35;11;8171;8294;-432,1;271;123;255
vpja35;11;8368;8584;-564,4;-119,7;216;0
vpja35;11;8602;8899;-550,1;-135,1;297;0
vpja35;11;8966;9158;66,4;-311,2;192;255000
vpja35;11;9185;9355;159,8;-375,4;170;0
vpja35;11;9395;9636;335,5;-373,5;241;0
vpja35;11;9712;9932;573,3;22,6;220;0
vpja35;12;249;347;66,3;-216,3;98;2,55e+08
vpja35;12;372;863;61,8999999999999;-274,9;491;255000
vpja35;12;920;1113;426,5;120,5;193;255255000
vpja35;12;1129;1297;454,5;141,4;168;255255000
vpja35;12;1315;1637;455,3;116,5;322;255255000
vpja35;12;1700;2065;-174,7;87,9000000000001;365;255
vpja35;12;2093;2236;-103,4;27,5;143;255
vpja35;12;2291;2563;74,8;-298,5;272;255000
vpja35;12;2575;2729;57;-290,6;154;255000
vpja35;12;2802;2987;-573,4;146,4;185;0
vpja35;12;3017;3257;-590,4;43,2;240;0
vpja35;12;3313;3515;-617,8;371;202;0
vpja35;12;3608;3758;52,1999999999999;-276,2;150;255000
vpja35;12;3773;4033;54,6999999999999;-300,7;260;255000
vpja35;12;4057;4370;70,0999999999999;-242,4;313;2,55e+08
vpja35;12;4398;4684;43,8;-308,4;286;255000
vpja35;12;4766;4972;520,4;43,4000000000001;206;0
vpja35;12;4997;5186;467,3;25,6;189;255255000
vpja35;12;5208;5435;456,8;77,9000000000001;227;255255000
vpja35;12;5456;5967;458,6;30,8000000000001;511;255255000
vpja35;12;5989;6294;454,2;84,6;305;255255000
vpja35;12;6368;6632;102,3;-285;264;255000
vpja35;12;6648;6765;77,7;-282,5;117;255000
vpja35;12;6818;7104;-57,5;123,5;286;0
vpja35;12;7144;7449;-216,4;66,2;305;255
vpja35;12;7505;7670;58,3;-267,6;165;255000
vpja35;12;7690;8152;63,2;-294,6;462;255000
vpja35;12;8211;8444;421,7;145,5;233;255255000
vpja35;12;8466;8947;456,1;106;481;255255000
vpja35;12;8965;9384;418,3;119;419;255255000
vpja35;12;9457;9658;-204,1;109,4;201;255
vpja35;12;9685;9858;-178,5;72,6;173;255
vpja35;12;9919;10000;29;-291,8;81;255000
vpja35;13;243;361;-168,6;-154,1;118;2,55e+08
vpja35;13;384;549;-229,1;-180,2;165;255000
vpja35;13;604;1003;-480;399,5;399;255
vpja35;13;1017;1241;-460,9;378,8;224;255
vpja35;13;1288;1480;-143,2;454,2;192;0
vpja35;13;1499;1637;-142,7;412,5;138;0
vpja35;13;1710;1863;73,4999999999999;-198;153;0
vpja35;13;1888;2060;138,9;-212,3;172;0
vpja35;13;2102;2258;325,6;-252,5;156;0
vpja35;13;2277;2572;293,7;-213,4;295;0
vpja35;13;2587;2843;295,7;-242,2;256;0
vpja35;13;2864;3291;327,7;-284,6;427;0
vpja35;13;3338;3895;-1,5;-212,8;557;0
vpja35;13;3929;4131;-111,5;-160,5;202;0
vpja35;13;4170;4409;-264,4;-181,7;239;0
vpja35;13;4427;4624;-251,9;-206,1;197;255000
vpja35;13;4677;4957;-252,6;66,3;280;2,55e+08
vpja35;13;4992;5233;-247,5;248;241;2,55e+08
vpja35;13;5256;5524;-260,8;305,8;268;0
vpja35;13;5579;5699;-271,9;-141,7;120;2,55e+08
vpja35;13;5721;5879;-260,9;-174,8;158;0
vpja35;13;5890;6300;-255,1;-180,9;410;0
vpja35;13;6359;6540;-632,2;-81,9;181;0
vpja35;13;6594;6833;-610,9;-394,4;239;0
vpja35;13;6876;7026;-334;-397,5;150;0
vpja35;13;7082;7378;-605,6;-274;296;0
vpja35;13;7397;7613;-589,2;-249,5;216;0
vpja35;13;7659;8084;-573,3;-72,2;425;0
vpja35;13;8141;8247;-241,2;-141,1;106;2,55e+08
vpja35;13;8274;8594;-248,5;-191;320;255000
vpja35;13;8635;8793;-30,4;-185,4;158;0
vpja35;13;8813;9163;9,19999999999993;-201,1;350;0
vpja35;13;9216;9337;316,1;84;121;0
vpja35;13;9387;9716;234,7;-195,9;329;0
vpja35;13;9742;10000;161,5;-165,9;258;0
vpja35;14;225;340;-49,3000000000001;-153,8;115;2,55e+08
vpja35;14;361;559;-78,9;-161,2;198;255000
vpja35;14;598;849;-51;94,1999999999999;251;255255000
vpja35;14;895;1040;-371,1;270,1;145;2,55e+08
vpja35;14;1077;1283;-489,2;145,3;206;255
vpja35;14;1305;1510;-539,7;143,1;205;255
vpja35;14;1533;1727;-478,7;126,6;194;255
vpja35;14;1783;2369;-86,4;-172,7;586;255000
vpja35;14;2378;2558;-95,6;-176,2;180;255000
vpja35;14;2603;2878;-232,6;99,5999999999999;275;2,55e+08
vpja35;14;2921;3159;-465,5;108,8;238;255
vpja35;14;3176;3398;-429,1;118,8;222;255
vpja35;14;3418;3553;-474,8;133,7;135;255
vpja35;14;3577;3889;-542,9;122,5;312;255
vpja35;14;3915;4343;-435,2;130,2;428;255
vpja35;14;4393;4555;-26,9;143,7;162;255255000
vpja35;14;4587;4777;-22,6;87,0999999999999;190;255255000
vpja35;14;4810;5048;-39,6;227,5;238;0
vpja35;14;5066;5255;-24,1;200,4;189;0
vpja35;14;5286;5552;-99,5;76,5999999999999;266;2,55e+08
vpja35;14;5597;5735;-68,9;-172,4;138;255000
vpja35;14;5747;6072;-89,7;-177,1;325;255000
vpja35;14;6147;6500;584,8;-76,9000000000001;353;0
vpja35;14;6547;6735;484,7;-335,6;188;0
vpja35;14;6747;7028;481,2;-318;281;0
vpja35;14;7069;7278;281,9;-353,1;209;0
vpja35;14;7337;7541;572,4;-103;204;0
vpja35;14;7593;7834;331,5;49,4;241;0
vpja35;14;7887;8015;165,5;169,3;128;0
vpja35;14;8053;8269;-18,6;210,5;216;0
vpja35;14;8323;8478;-310,2;318,3;155;0
vpja35;14;8501;8628;-359,3;282,4;127;2,55e+08
vpja35;14;8671;8751;-230;82,6999999999999;80;2,55e+08
vpja35;14;9004;9098;-185,3;81,0999999999999;94;2,55e+08
vpja35;14;9150;9398;-542,9;78,3;248;0
vpja35;14;9423;9619;-465,8;73,5999999999999;196;255
vpja35;14;9684;9820;-61,7;-163,6;136;255000
vpja35;14;9841;10000;-89,2;-177,2;159;255000
vpja35;15;205;342;44,3000000000001;-56,8000000000001;137;255000
vpja35;15;359;467;84,3;-39,6;108;255000
vpja35;15;510;706;321,8;156,4;196;255
vpja35;15;722;1007;290,4;151,4;285;0
vpja35;15;1050;1266;22,8000000000001;232,2;216;0
vpja35;15;1330;1493;-591,1;215,7;163;0
vpja35;15;1511;2008;-589,4;186,8;497;0
vpja35;15;2018;2127;-586,9;171,2;109;0
vpja35;15;2175;2356;-594,3;-143,8;181;0
vpja35;15;2411;2562;-120,9;-273,6;151;0
vpja35;15;2594;2732;39,6;-172,8;138;0
vpja35;15;2778;2948;334,4;-158,3;170;0
vpja35;15;2958;3100;316,9;-155,8;142;0
vpja35;15;3124;3251;389,7;-170,5;127;0
vpja35;15;3290;3558;166,5;-176;268;0
vpja35;15;3601;3793;315,4;128,2;192;255
vpja35;15;3813;4175;280,8;122,4;362;255
vpja35;15;4222;4405;65,2;-56,8000000000001;183;255000
vpja35;15;4414;4584;53;-49,7;170;255000
vpja35;15;4616;4919;-46,6999999999999;48,9;303;0
vpja35;15;4953;5111;42,2;-41,4;158;255000
vpja35;15;5157;5351;-95,4;-299,4;194;0
vpja35;15;5397;5463;85,5;-301,6;66;0
vpja35;15;5680;5928;108,7;-304,5;248;0
vpja35;15;5948;6119;103,8;-334,9;171;0
vpja35;15;6167;6287;128,8;-120,2;120;0
vpja35;15;6314;6519;57,3;-38,1;205;255000
vpja35;15;6569;6945;1,5;220,3;376;0
vpja35;15;6971;7182;92,7;233,1;211;0
vpja35;15;7225;7491;311,1;133,5;266;255
vpja35;15;7536;7767;22,1;17,5;231;2,55e+08
vpja35;15;7794;7994;44,6;-45,4;200;255000
vpja35;15;8023;8360;-14,1999999999999;45,1;337;2,55e+08
vpja35;15;8387;8565;59,2;50,9;178;2,55e+08
vpja35;15;8789;8983;65,6000000000001;-65,4;194;255000
vpja35;15;8990;9140;66,6000000000001;-51,7;150;255000
vpja35;15;9184;9338;255,5;-217,1;154;0
vpja35;15;9367;9541;321,4;-166,8;174;0
vpja35;15;9586;9748;499,8;-215,8;162;0
vpja35;15;9783;10000;526,3;-344,9;217;0
vpja35;16;221;393;-76,3;-158;172;255000
vpja35;16;439;668;-277,5;175,1;229;0
vpja35;16;691;849;-335,8;171,1;158;0
vpja35;16;862;1009;-310,6;181,6;147;0
vpja35;16;1057;1241;67,5000000000001;147,9;184;0
vpja35;16;1260;1528;106,9;155,8;268;0
vpja35;16;1578;1700;-73,1;-137,8;122;2,55e+08
vpja35;16;1717;1903;-94,4;-156,5;186;255000
vpja35;16;1915;2112;-107,9;-163,9;197;255000
vpja35;16;2176;2309;507,8;-99,6;133;0
vpja35;16;2347;2600;584,5;-161,3;253;0
vpja35;16;2617;2798;584,8;-193,9;181;0
vpja35;16;2806;3283;583,6;-210,9;477;0
vpja35;16;3340;3557;319,9;-52,1;217;0
vpja35;16;3570;3712;337,9;-62,6;142;0
vpja35;16;3731;3986;334,5;-22,6;255;0
vpja35;16;4041;4230;-89,4;-217,7;189;255000
vpja35;16;4245;4525;-95,4;-187,6;280;255000
vpja35;16;4540;4775;-121,4;-173,9;235;255000
vpja35;16;4969;5162;-98,1;-184;193;255000
vpja35;16;5214;5444;-445,1;-218,6;230;0
vpja35;16;5470;5683;-500,1;-309,6;213;0
vpja35;16;5743;5877;-289,6;87,6999999999999;134;0
vpja35;16;5916;6102;-310,9;140,2;186;0
vpja35;16;6116;6259;-286,6;144,3;143;0
vpja35;16;6309;6547;64,5000000000001;118,9;238;0
vpja35;16;6565;6956;91,9;131,9;391;0
vpja35;16;7000;7138;312,9;-7,80000000000007;138;0
vpja35;16;7159;7291;341,1;-32,8000000000001;132;0
vpja35;16;7339;7595;567,5;-168,8;256;0
vpja35;16;7616;7847;582,6;-207,1;231;0
vpja35;16;7855;7966;587,8;-210,5;111;0
vpja35;16;8135;8329;-132,1;-186,1;194;255000
vpja35;16;8351;8448;-100;-173,1;97;255000
vpja35;16;8501;8776;-527,1;-225,8;275;0
vpja35;16;8802;9016;-480;-295,7;214;0
vpja35;16;9071;9342;-111,5;-207;271;255000
vpja35;16;9399;9561;359,6;52;162;0
vpja35;16;9588;10000;344,7;-28,9;412;0
vpja35;17;220;348;59,4;-188,7;128;255000
vpja35;17;436;723;363,9;285,3;287;0
vpja35;17;792;982;-383,6;262,5;190;0
vpja35;17;1007;1154;-383,4;199,7;147;255255000
vpja35;17;1197;1484;-413,3;29,6999999999999;287;0
vpja35;17;1496;1710;-433,9;29,5;214;0
vpja35;17;1725;2064;-434,7;14,6;339;0
vpja35;17;2078;2352;-404,5;26,1;274;0
vpja35;17;2375;2848;-347,7;50;473;0
vpja35;17;2860;3154;-366,2;51,6999999999999;294;0
vpja35;17;3213;3403;98,4000000000001;-197,2;190;255000
vpja35;17;3423;3693;67,0999999999999;-194,1;270;255000
vpja35;17;3710;3938;95,0999999999999;-183,7;228;255000
vpja35;17;3995;4358;328,1;312,2;363;0
vpja35;17;4392;4562;215,9;193,8;170;0
vpja35;17;4588;4798;138,1;136,8;210;2,55e+08
vpja35;17;4826;5085;75,0999999999999;70,6999999999999;259;2,55e+08
vpja35;17;5146;5349;-323,4;212,2;203;255255000
vpja35;17;5372;5554;-352,6;169,8;182;255255000
vpja35;17;5566;5722;-333,4;162,4;156;255255000
vpja35;17;5748;6149;-304,4;242,8;401;255255000
vpja35;17;6177;6408;-418,4;237,8;231;255255000
vpja35;17;6432;6673;-477;253,1;241;255255000
vpja35;17;6700;6947;-390,2;282,1;247;0
vpja35;17;6977;7216;-372,7;170,2;239;255255000
vpja35;17;7286;7501;326,6;296,5;215;255
vpja35;17;7546;7830;123,7;17,5;284;2,55e+08
vpja35;17;7885;8167;337,7;270,2;282;255
vpja35;17;8229;8337;110,8;-154,6;108;0
vpja35;17;8363;8520;70,9000000000001;-204,2;157;255000
vpja35;17;8577;8821;520,2;-196,3;244;0
vpja35;17;8847;9505;598,5;-172,4;658;0
vpja35;17;9799;9926;82;-177,1;127;255000
vpja35;17;9941;10000;75,7;-195,8;59;255000
vpja35;18;193;429;-65,9000000000001;-87,4;236;255000
vpja35;18;480;703;-504,8;230,3;223;0
vpja35;18;723;943;-507,9;203,4;220;0
vpja35;18;998;1099;-123;-59;101;0
vpja35;18;1121;1308;-78;-74,2;187;255000
vpja35;18;1369;1602;-574;208,1;233;0
vpja35;18;1623;1913;-588,6;227,1;290;0
vpja35;18;1981;2105;87;176,5;124;0
vpja35;18;2130;2470;142,1;171,4;340;0
vpja35;18;2491;2732;168,4;164;241;0
vpja35;18;2750;2898;135;165,7;148;0
vpja35;18;2942;3181;-152;148,2;239;2,55e+08
vpja35;18;3221;3378;-80,8000000000001;-73,9000000000001;157;255000
vpja35;18;3396;3975;-74,5;-92,4;579;255000
vpja35;18;4025;4262;-96,7;-357,7;237;0
vpja35;18;4273;4505;-110,3;-361,1;232;0
vpja35;18;4520;4828;-109,8;-332,4;308;0
vpja35;18;4843;5294;-109,8;-358,2;451;0
vpja35;18;5342;5532;-458,1;-348;190;0
vpja35;18;5549;5785;-488,9;-360,5;236;0
vpja35;18;5864;6023;300,2;60,0999999999999;159;0
vpja35;18;6042;6224;315,3;53;182;0
vpja35;18;6276;6498;589,3;149,2;222;0
vpja35;18;6519;6731;578,5;107,8;212;0
vpja35;18;6771;6939;387,4;124,2;168;0
vpja35;18;6965;7214;321,9;67,1999999999999;249;0
vpja35;18;7275;7471;-98,1;-68,1;196;0
vpja35;18;7501;7748;-146,1;112,8;247;2,55e+08
vpja35;18;7784;8095;-262,5;154,4;311;0
vpja35;18;8138;8322;-169,3;425,3;184;0
vpja35;18;8349;8646;-271,5;290,1;297;0
vpja35;18;8682;8905;-182,6;148,2;223;2,55e+08
vpja35;18;8924;9089;-170,8;110,4;165;2,55e+08
vpja35;18;9133;9388;-85,5;-102,3;255;255000
vpja35;18;9399;9825;-74;-94,9;426;255000
vpja35;18;9885;10000;-489,2;195,3;115;255
vpja35;19;241;340;-11;-284,2;99;2,55e+08
vpja35;19;363;510;-41,4000000000001;-334,9;147;255000
vpja35;19;522;888;-49,6;-357,9;366;255000
vpja35;19;959;1356;-529,3;412,9;397;255
vpja35;19;1386;1513;-458,1;301,1;127;255
vpja35;19;1592;1787;365,3;342,7;195;255255000
vpja35;19;1827;2242;555,6;399,7;415;255255000
vpja35;19;2297;2484;273,9;250,6;187;255255000
vpja35;19;2574;2685;5,09999999999991;-349,9;111;255000
vpja35;19;2709;2981;-28,6;-378,4;272;255000
vpja35;19;2991;3497;-20,1;-382,9;506;255000
vpja35;19;3549;3756;189,1;-0,899999999999977;207;2,55e+08
vpja35;19;3791;3900;113,9;-148;109;2,55e+08
vpja35;19;3946;4100;-32,1;-370,3;154;255000
vpja35;19;4123;4613;-78,1;-387;490;255000
vpja35;19;4637;4987;-25,4000000000001;-380,5;350;255000
vpja35;19;5013;5268;-50,3000000000001;-329,7;255;255000
vpja35;19;5316;5548;-377,7;-278,3;232;0
vpja35;19;5612;5860;250,6;-250,6;248;0
vpja35;19;5902;6045;403,2;-283;143;0
vpja35;19;6108;6267;409,8;377,8;159;255255000
vpja35;19;6356;6587;-525,2;402,4;231;0
vpja35;19;6674;6783;-194,9;-278,1;109;0
vpja35;19;6814;7195;-41,2;-381,2;381;255000
vpja35;19;7211;7425;-76,4000000000001;-386,2;214;255000
vpja35;19;7485;7633;288,2;-199,9;148;0
vpja35;19;7659;7893;263,3;-244,6;234;0
vpja35;19;7949;8153;-178,4;-321,4;204;0
vpja35;19;8184;8397;-63,2;-396,3;213;255000
vpja35;19;8553;8628;-59,8000000000001;-407,7;75;255000
vpja35;19;8683;8964;-368,8;-330,1;281;0
vpja35;19;9018;9246;-564,2;-339,9;228;0
vpja35;19;9297;9455;-305,1;-357,5;158;0
vpja35;19;9480;9624;-264,2;-400,2;144;0
vpja35;19;9649;9905;-207,1;-376;256;0
vpja35;19;9969;10000;273,4;-301,3;31;0
vpja35;20;213;345;161,9;-149,3;132;255000
vpja35;20;360;538;152;-108,4;178;255000
vpja35;20;585;771;-128;266,3;186;255
vpja35;20;828;1099;391,7;425,4;271;255255000
vpja35;20;1125;1512;410,3;496,5;387;NA
vpja35;20;1542;2126;423;427,1;584;255255000
vpja35;20;2144;2446;460,2;438;302;255255000
vpja35;20;2469;2602;429,7;510,3;133;NA
vpja35;20;2646;2799;428,6;172,1;153;0
vpja35;20;2847;2971;214,1;-102,3;124;255000
vpja35;20;2991;3139;168,4;-115,3;148;255000
vpja35;20;3195;3465;-248,7;-283,2;270;0
vpja35;20;3506;3671;-429,1;-202,7;165;0
vpja35;20;3704;3924;-383,7;-30,9;220;0
vpja35;20;3950;4199;-465,5;-66,9;249;0
vpja35;20;4237;4413;-463,5;-181,3;176;0
vpja35;20;4611;4704;-373,8;-163,7;93;0
vpja35;20;4743;5008;-395,7;12,5;265;0
vpja35;20;5045;5173;-525,9;64,5;128;0
vpja35;20;5233;5459;-332,2;-331,8;226;0
vpja35;20;5489;5849;-200,1;-276,4;360;0
vpja35;20;5888;6050;21,6999999999999;-231,8;162;0
vpja35;20;6089;6414;146,3;-128,8;325;255000
vpja35;20;6451;6846;164;73;395;2,55e+08
vpja35;20;6883;7070;158,4;-102,3;187;255000
vpja35;20;7081;7309;149,6;-120;228;255000
vpja35;20;7501;7702;-163,9;279,4;201;255
vpja35;20;7755;7890;108;70,7;135;2,55e+08
vpja35;20;7925;8307;149,2;-112;382;255000
vpja35;20;8321;8782;137,3;-117,5;461;255000
vpja35;20;8834;8985;419;269,8;151;0
vpja35;20;9009;9287;416,1;224,9;278;0
vpja35;20;9328;9541;192,6;135,4;213;2,55e+08
vpja35;20;9567;9782;103,4;117,3;215;2,55e+08
vpja35;20;9826;10000;143,5;-107,3;174;255000
vpja35;21;212;318;-83,4;-138,9;106;2,55e+08
vpja35;21;342;883;-97,5;-182,4;541;255000
vpja35;21;925;1099;23;-313,3;174;0
vpja35;21;1174;1433;421,4;324,7;259;255255000
vpja35;21;1463;1723;465,6;448,1;260;0
vpja35;21;1746;2144;403,6;437,1;398;0
vpja35;21;2227;2466;-469,3;45,8000000000001;239;255
vpja35;21;2487;2682;-478,7;2,5;195;255
vpja35;21;2741;2894;-97,9;-181,5;153;255000
vpja35;21;2907;3440;-96;-194,6;533;255000
vpja35;21;3454;3694;-115,1;-186,1;240;255000
vpja35;21;3733;4146;-108;88,9;413;2,55e+08
vpja35;21;4168;4336;-81,6;40,7;168;2,55e+08
vpja35;21;4396;4615;42,1;-327,5;219;0
vpja35;21;4635;4776;38,6;-361,3;141;0
vpja35;21;4799;5685;48,4;-419,9;886;0
vpja35;21;5693;6008;31,5;-427,7;315;0
vpja35;21;6019;6201;45,6;-429;182;0
vpja35;21;6255;6834;-331;-185,9;579;0
vpja35;21;7034;7264;-378,7;117,7;230;0
vpja35;21;7311;7440;-356;326,8;129;0
vpja35;21;7470;7657;-445,5;267;187;0
vpja35;21;7673;7835;-417,1;271,8;162;0
vpja35;21;7852;8059;-420,2;246,4;207;0
vpja35;21;8093;8275;-574;311,1;182;0
vpja35;21;8319;8508;-377,2;187,3;189;0
vpja35;21;8532;8656;-352,2;158,8;124;0
vpja35;21;8687;8867;-437,7;256,6;180;0
vpja35;21;8879;9040;-424,8;250,5;161;0
vpja35;21;9052;9255;-423,6;233,9;203;0
vpja35;21;9278;9517;-420,9;307,1;239;0
vpja35;21;9544;9810;-418,1;381,3;266;0
vpja35;21;9838;10000;-403,1;468,5;162;0
vpja35;22;219;462;-77,5;-145,4;243;255000
vpja35;22;509;790;-309;153,9;281;255
vpja35;22;836;1064;-4,60000000000002;205,6;228;255255000
vpja35;22;1089;1422;60,1999999999999;204,6;333;0
vpja35;22;1445;1594;-0,600000000000023;214;149;0
vpja35;22;1645;2116;-103,9;-153,8;471;255000
vpja35;22;2162;2350;69;-288,4;188;0
vpja35;22;2411;2525;-0,300000000000068;158,7;114;0
vpja35;22;2547;2861;-23,9000000000001;189,7;314;255255000
vpja35;22;2890;3189;70,2;177,3;299;0
vpja35;22;3231;3479;-93,8000000000001;376,4;248;0
vpja35;22;3504;3683;-158,6;394,6;179;0
vpja35;22;3706;3967;-150,3;354,6;261;0
vpja35;22;4011;4222;-189,8;54,5;211;2,55e+08
vpja35;22;4276;4439;-461,9;-77,8;163;0
vpja35;22;4465;4707;-451,2;-151,6;242;0
vpja35;22;4741;5129;-442,1;29,4;388;0
vpja35;22;5164;5560;-483,9;244,1;396;0
vpja35;22;5573;5937;-468,7;233,4;364;0
vpja35;22;5993;6151;-185,2;394,6;158;0
vpja35;22;6174;6472;-237,5;388,9;298;0
vpja35;22;6487;6788;-231,8;364,6;301;0
vpja35;22;6872;7046;63,0999999999999;-344,1;174;0
vpja35;22;7071;7426;97,3999999999999;-376;355;0
vpja35;22;7476;7685;-96,4000000000001;-8;209;0
vpja35;22;7739;7952;-337,4;120,3;213;255
vpja35;22;7970;8275;-316,9;106,7;305;255
vpja35;22;8321;8675;-15,7;188,3;354;255255000
vpja35;22;8705;8906;72,7;184,9;201;0
vpja35;22;8945;9125;-77,8000000000001;86,4;180;2,55e+08
vpja35;22;9170;9345;-88,6;-166,5;175;255000
vpja35;22;9355;9753;-102,2;-165,6;398;255000
vpja35;23;199;291;-27,6;-136,3;92;2,55e+08
vpja35;23;319;444;0,299999999999955;-224,1;125;2,55e+08
vpja35;23;460;800;0,5;-235,5;340;2,55e+08
vpja35;23;847;1088;-230,7;63,6;241;0
vpja35;23;1103;1253;-229,7;43;150;255255000
vpja35;23;1293;1556;-42,8000000000001;-0,700000000000045;263;255
vpja35;23;1602;2629;-5,89999999999998;-245,6;1027;2,55e+08
vpja35;23;2688;2897;35,3;79,1;209;0
vpja35;23;2930;3216;-47;21,3;286;255
vpja35;23;3240;3372;-40;-23,9;132;255
vpja35;23;3430;3706;446,6;8,10000000000002;276;0
vpja35;23;3753;3958;443,1;-211,1;205;0
vpja35;23;3985;4242;300,6;-222,6;257;0
vpja35;23;4284;4489;213,3;-12,8000000000001;205;0
vpja35;23;4516;4760;312,6;19,9;244;0
vpja35;23;4788;5138;389;-4,60000000000002;350;0
vpja35;23;5178;5392;217,6;10,4;214;0
vpja35;23;5412;5540;256;37,8;128;0
vpja35;23;5572;5726;353,9;123,3;154;0
vpja35;23;5819;5937;-647,3;106,6;118;NA
vpja35;23;5969;6129;-593,6;97,8;160;0
vpja35;23;6175;6265;-571,4;-75,6;90;0
vpja35;23;6498;6600;401,8;102,2;102;0
vpja35;23;6615;6746;375,5;103,8;131;0
vpja35;23;6759;7079;357,5;106,9;320;0
vpja35;23;7127;7349;429,4;-118,4;222;0
vpja35;23;7373;7542;452,7;-200;169;0
vpja35;23;7551;7730;451,9;-209,4;179;0
vpja35;23;7769;8003;296,5;-251;234;0
vpja35;23;8050;8284;-38,7;-248,1;234;0
vpja35;23;8313;8594;-138,5;-193,8;281;0
vpja35;23;8623;8859;-224,2;-137,9;236;0
vpja35;23;8898;9152;-125,5;-223,2;254;0
vpja35;23;9182;9271;-10,6;-254,7;89;255000
vpja35;23;9484;9559;5;-251,9;75;2,55e+08
vpja35;23;9634;10000;435,5;16,4;366;0
vpja35;24;24;181;18,3570934256057;-1,21245674740487;157;2,55e+08
vpja35;24;216;262;-26,1429065743943;-148,412456747405;46;255000
vpja35;24;513;644;-47,7429065743943;411,487543252595;131;255255000
vpja35;24;670;789;-65,6429065743943;327,887543252595;119;255255000
vpja35;24;843;1023;-555,542906574394;232,287543252595;180;255
vpja35;24;1040;1507;-566,642906574394;213,787543252595;467;255
vpja35;24;1557;1730;-120,742906574394;307,187543252595;173;255255000
vpja35;24;1753;1910;-88,1429065743943;302,687543252595;157;255255000
vpja35;24;1924;2058;-81,2429065743943;276,987543252595;134;255255000
vpja35;24;2106;2399;-21,0429065743942;-132,012456747405;293;255000
vpja35;24;2426;2642;55,3570934256057;-211,912456747405;216;255000
vpja35;24;2826;3003;45,2570934256057;101,187543252595;177;2,55e+08
vpja35;24;3347;3501;-56,5429065743942;-125,412456747405;154;255000
vpja35;24;3515;4107;-40,6429065743943;-136,712456747405;592;255000
vpja35;24;4151;4309;99,3570934256056;-242,412456747405;158;255000
vpja35;24;4331;4447;130,357093425606;-274,112456747405;116;255000
vpja35;24;4488;5176;360,357093425606;-254,312456747405;688;0
vpja35;24;5247;5403;-42,8429065743943;328,287543252595;156;255255000
vpja35;24;5424;5588;-69,9429065743943;281,687543252595;164;255255000
vpja35;24;5614;5810;-42,3429065743943;236,287543252595;196;0
vpja35;24;5855;6046;-289,742906574394;120,787543252595;191;0
vpja35;24;6102;6268;-7,54290657439424;-117,912456747405;166;255000
vpja35;24;6289;7996;-46,0429065743942;-140,312456747405;1707;255000
vpja35;24;8057;8171;-68,9429065743943;351,787543252595;114;255255000
vpja35;24;8196;8353;-77,2429065743943;269,487543252595;157;255255000
vpja35;24;8375;8777;-84,1429065743943;256,987543252595;402;255255000
vpja35;24;8803;9008;14,7570934256057;236,287543252595;205;2,55e+08
vpja35;24;9283;9407;-11,1429065743943;111,987543252595;124;2,55e+08
vpja35;24;9449;9711;-14,5429065743942;-133,412456747405;262;255000
vpja35;24;9772;9885;-510,542906574394;144,887543252595;113;255
vpja35;24;9910;10000;-544,342906574394;185,987543252595;90;255
vpja35;25;223;387;1,19999999999993;-238,4;164;255000
vpja35;25;409;596;-30;-275,5;187;255000
vpja35;25;615;759;-70,5;-274,1;144;255000
vpja35;25;1030;1052;-516;334,3;22;255
vpja35;25;1144;1392;72,1999999999999;382,4;248;255255000
vpja35;25;1414;1661;16,1;363,7;247;255255000
vpja35;25;1679;1894;52,1999999999999;366,8;215;255255000
vpja35;25;1903;1971;38,9;357,4;68;255255000
vpja35;25;2036;2224;429,8;180;188;0
vpja35;25;2296;2533;-230,5;-185,4;237;0
vpja35;25;2558;2717;-246,8;-246,4;159;0
vpja35;25;2781;2957;-568,5;356,9;176;255
vpja35;25;2986;3402;-517;270,4;416;255
vpja35;25;3443;3575;-434,9;156,7;132;0
vpja35;25;3650;3856;-39,3000000000001;-276,3;206;255000
vpja35;25;3879;4056;-54,2;-305,6;177;255000
vpja35;25;4066;4383;-69,5;-291,9;317;255000
vpja35;25;4424;4812;-309;-226,6;388;0
vpja35;25;4858;5300;-562,3;-211,2;442;0
vpja35;25;5347;5531;-321;-255,4;184;0
vpja35;25;5570;5778;-190;-282,8;208;0
vpja35;25;5816;6056;-23,6;-287,2;240;255000
vpja35;25;6091;6233;-201,8;-280,1;142;0
vpja35;25;6291;6450;-587,5;-195;159;0
vpja35;25;6473;6808;-616,5;-262,1;335;0
vpja35;25;6868;7020;-172;-255,9;152;0
vpja35;25;7104;7314;403,2;250,7;210;0
vpja35;25;7338;7593;402,6;199,2;255;0
vpja35;25;7621;7778;343,9;78,8;157;0
vpja35;25;7836;8161;-267,1;138,4;325;0
vpja35;25;8182;8306;-304,4;160,9;124;0
vpja35;25;8375;8537;-34,3000000000001;-280,3;162;255000
vpja35;25;8553;8832;-52,5;-299,7;279;255000
vpja35;25;9053;9147;-22,8000000000001;-286,2;94;255000
vpja35;25;9193;9366;24,4;-25,3000000000001;173;2,55e+08
vpja35;25;9388;9567;16;-57,4;179;2,55e+08
vpja35;25;9622;9962;-166,9;188,2;340;2,55e+08
vpja35;26;247;279;0,899999999999977;11,4;32;0
vpja35;26;320;592;82,4;220,6;272;255255000
vpja35;26;661;962;-524;364;301;255
vpja35;26;1049;1143;-409,4;-163,4;94;2,55e+08
vpja35;26;1168;1498;-390,9;-242;330;255000
vpja35;26;1559;1711;-543;395,2;152;0
vpja35;26;1735;2123;-524,5;322,8;388;255
vpja35;26;2187;2513;61,9;204,6;326;255255000
vpja35;26;2560;2733;288,3;45,2;173;0
vpja35;26;2803;3072;-379,5;-275,5;269;255000
vpja35;26;3162;3332;433,4;-163,4;170;0
vpja35;26;3344;3515;404,9;-160,1;171;0
vpja35;26;3537;3734;412,8;-199,9;197;0
vpja35;26;3777;3949;222,6;19,4;172;0
vpja35;26;3983;4496;83,6;184,6;513;255255000
vpja35;26;4518;5031;133,9;223,8;513;255255000
vpja35;26;5054;5558;75,6999999999999;187,8;504;255255000
vpja35;26;5575;5723;44,4;185,3;148;255255000
vpja35;26;5796;6148;-377;-267,4;352;255000
vpja35;26;6173;6298;-425,1;-272;125;255000
vpja35;26;6341;6688;-605,6;-251;347;0
vpja35;26;6772;7119;237,6;-33,3;347;0
vpja35;26;7205;7400;-557,6;354,7;195;255
vpja35;26;7425;7788;-528,2;302;363;255
vpja35;26;7872;8037;-431,4;-216,7;165;255000
vpja35;26;8063;8339;-406,4;-274,2;276;255000
vpja35;26;8410;8525;183,4;-185,6;115;0
vpja35;26;8573;8766;395,2;-200,7;193;0
vpja35;26;8786;8971;415,3;-212,6;185;0
vpja35;26;8991;9244;405,2;-172,5;253;0
vpja35;26;9309;9479;132,8;196,4;170;255255000
vpja35;26;9502;9720;93,6;204,6;218;255255000
vpja35;26;9787;9941;-497,1;343,5;154;255
vpja35;26;9959;10000;-530,4;329,3;41;255
