vp;trial;timest;timeend;x;y;duration;roi
vpja63;1;302;586;-283;162,3;284;255
vpja63;1;651;871;5,5;-210,3;220;255000
vpja63;1;880;1361;-9,79999999999995;-212,4;481;255000
vpja63;1;1370;1652;-17,4;-206,7;282;255000
vpja63;1;1718;1973;-302,2;221,1;255;0
vpja63;1;1987;2368;-320;205,4;381;0
vpja63;1;2436;2600;293,2;171;164;0
vpja63;1;2624;2971;337;201;347;255255000
vpja63;1;3024;3420;637,6;130,3;396;0
vpja63;1;3454;3659;567,5;272,1;205;0
vpja63;1;3680;3850;518,7;282,5;170;0
vpja63;1;3925;4087;516,4;-354,2;162;0
vpja63;1;4147;4266;68,2;-378,9;119;255000
vpja63;1;4314;4617;-137,7;-388,5;303;0
vpja63;1;4641;4996;-185,8;-350,4;355;0
vpja63;1;5052;5236;-470,1;-380,1;184;0
vpja63;1;5261;5676;-520,7;-406;415;0
vpja63;1;5687;6007;-515,8;-428,5;320;0
vpja63;1;6073;6259;-416,1;142,8;186;0
vpja63;1;6290;6452;-330,7;224;162;0
vpja63;1;6491;6882;-419,5;369,7;391;0
vpja63;1;6910;7071;-370,6;286,5;161;0
vpja63;1;7102;7557;-445,3;334,5;455;0
vpja63;1;7606;7825;-304,7;213,1;219;0
vpja63;1;7879;8172;-4,29999999999995;77,6999999999999;293;2,55e+08
vpja63;1;8222;8480;319,6;183,8;258;255255000
vpja63;1;8487;10000;320,8;188;1513;255255000
vpja63;2;370;591;-16,1999999999999;21,3;221;2,55e+08
vpja63;2;648;829;-423,6;140;181;255
vpja63;2;866;975;-432,1;-66;109;0
vpja63;2;1014;1653;-519,8;-181,3;639;0
vpja63;2;1667;1900;-481,6;-192,4;233;0
vpja63;2;1960;2217;-0,299999999999955;-248,3;257;255000
vpja63;2;2271;2480;354,8;-328,4;209;0
vpja63;2;2519;3110;507,1;-298,4;591;0
vpja63;2;3130;3368;557,4;-292,1;238;0
vpja63;2;3444;3651;354,4;305,2;207;255255000
vpja63;2;3679;4012;334,3;212;333;255255000
vpja63;2;4052;4223;379;89,1;171;0
vpja63;2;4263;4958;466,5;50,8;695;0
vpja63;2;5026;5139;34,4;-247,8;113;255000
vpja63;2;5163;5425;-8,39999999999998;-222,9;262;255000
vpja63;2;5434;5710;1,89999999999998;-231,5;276;255000
vpja63;2;5724;5942;-26;-236,9;218;255000
vpja63;2;6006;6249;-429,1;227,9;243;255
vpja63;2;6269;6655;-413,1;264,1;386;255
vpja63;2;6677;6889;-369,3;256,7;212;255
vpja63;2;6911;7175;-399,9;310,7;264;255
vpja63;2;7188;7671;-421,2;326,4;483;255
vpja63;2;7714;8041;-290,7;367,5;327;0
vpja63;2;8113;9276;327,3;332,5;1163;255255000
vpja63;2;9301;9621;335,1;257,9;320;255255000
vpja63;2;9647;10000;333,5;191,9;353;255255000
vpja63;3;779;944;14;-341,9;165;255000
vpja63;3;966;1741;-5,60000000000002;-371,2;775;255000
vpja63;3;1788;1905;-210,4;-354,7;117;0
vpja63;3;1972;2146;-396,5;329,2;174;255
vpja63;3;2231;2452;445,1;379,2;221;255255000
vpja63;3;2477;2921;431;446,8;444;255255000
vpja63;3;2948;3225;403,8;359,3;277;0
vpja63;3;3252;3357;480,1;275,4;105;0
vpja63;3;3415;3561;388,6;-206,7;146;0
vpja63;3;3593;3806;387,5;-277,8;213;0
vpja63;3;3822;4205;422,9;-294,5;383;0
vpja63;3;4232;4461;308,6;-294,9;229;0
vpja63;3;4527;4675;-199;-311;148;0
vpja63;3;4723;4982;-416,9;-317,1;259;0
vpja63;3;4999;5361;-448,2;-347,1;362;0
vpja63;3;5401;5983;-313,1;-339,3;582;0
vpja63;3;6033;6279;-8,69999999999993;-381,6;246;255000
vpja63;3;6289;6523;-2,69999999999993;-385,7;234;255000
vpja63;3;6893;7132;-20,3;-370,8;239;255000
vpja63;3;7145;7406;-12,1999999999999;-388,9;261;255000
vpja63;3;7417;7542;-2;-399,5;125;255000
vpja63;3;7605;7835;383,5;-81,7;230;0
vpja63;3;7859;8032;399,6;-2,60000000000002;173;0
vpja63;3;8086;8395;35,1;-68,4;309;2,55e+08
vpja63;3;8435;8603;-117,9;-49,3000000000001;168;2,55e+08
vpja63;3;8655;8822;-375,8;-29,5;167;0
vpja63;3;8860;9062;-489,3;-61,7;202;0
vpja63;3;9099;9804;-359,3;-99,8000000000001;705;0
vpja63;3;9862;10000;22,4;-112,6;138;2,55e+08
vpja63;4;338;495;-43,8;31,4000000000001;157;2,55e+08
vpja63;4;527;590;37,3000000000001;21,8000000000001;63;2,55e+08
vpja63;4;637;850;40,1;-193,2;213;255000
vpja63;4;874;1027;72,0000000000001;-138,3;153;2,55e+08
vpja63;4;1044;1462;49,9;-169,1;418;255000
vpja63;4;1472;1660;38,1;-183,6;188;255000
vpja63;4;1715;2617;254;170,3;902;255
vpja63;4;2630;3017;239,4;147,3;387;255
vpja63;4;3031;3217;257,1;156,1;186;255
vpja63;4;3287;3666;-324,2;197,9;379;255255000
vpja63;4;3693;3835;-316,2;139,2;142;255255000
vpja63;4;3896;4119;-207,3;-323,4;223;0
vpja63;4;4171;4369;56,2;-323,2;198;0
vpja63;4;4405;4695;186,2;-295;290;0
vpja63;4;4719;4984;238,4;-268,6;265;0
vpja63;4;5026;5206;430;-211,2;180;0
vpja63;4;5229;5584;484,9;-186,2;355;0
vpja63;4;5627;5771;451,3;-299,4;144;0
vpja63;4;5814;5973;361,7;-417,7;159;0
vpja63;4;6054;6227;-318,5;-406,8;173;0
vpja63;4;6267;6548;-419,7;-298,1;281;0
vpja63;4;6590;6843;-480,3;-130,2;253;0
vpja63;4;6881;7089;-427,5;15;208;0
vpja63;4;7122;7339;-340,7;86,3000000000001;217;0
vpja63;4;7419;7574;367,3;49,7;155;0
vpja63;4;7618;7852;528,8;-32,6999999999999;234;0
vpja63;4;7880;8159;571,8;-61,6999999999999;279;0
vpja63;4;8181;9086;570,3;-103,7;905;0
vpja63;4;9154;9326;43,3000000000001;-179,4;172;255000
vpja63;4;9338;9724;56,6;-189,7;386;255000
vpja63;4;9734;9937;50,4;-196,2;203;255000
vpja63;4;9963;10000;30,4;-278,3;37;255000
vpja63;5;260;777;-64,5498293515359;-179,694197952218;517;255000
vpja63;5;827;1044;-309,649829351536;111,705802047782;217;255255000
vpja63;5;1059;1290;-295,049829351536;138,805802047782;231;255255000
vpja63;5;1332;2342;-455,849829351536;228,805802047782;1010;0
vpja63;5;2395;2715;-405,449829351536;-73,2941979522184;320;0
vpja63;5;2741;2900;-425,849829351536;-121,194197952218;159;0
vpja63;5;2933;3391;-414,949829351536;-9,09419795221845;458;0
vpja63;5;3448;3615;-48,0498293515359;187,405802047782;167;255
vpja63;5;3652;3920;-165,749829351536;311,905802047782;268;0
vpja63;5;3952;4320;-60,5498293515359;304,805802047782;368;0
vpja63;5;4346;4543;-124,449829351536;289,005802047782;197;0
vpja63;5;4585;4825;14,1501706484642;146,605802047782;240;0
vpja63;5;4843;5248;44,1501706484642;145,405802047782;405;0
vpja63;5;5280;5599;149,550170648464;127,805802047782;319;0
vpja63;5;5956;6303;239,250170648464;128,905802047782;347;0
vpja63;5;6351;6565;317,150170648464;-21,7941979522185;214;0
vpja63;5;6591;6732;309,250170648464;-108,994197952218;141;0
vpja63;5;6789;6988;-49,2498293515358;-174,294197952218;199;255000
vpja63;5;7036;7259;115,550170648464;-338,594197952218;223;0
vpja63;5;7294;7941;218,950170648464;-335,094197952218;647;0
vpja63;5;7965;8252;143,550170648464;-342,194197952218;287;0
vpja63;5;8281;8513;30,4501706484641;-357,294197952218;232;0
vpja63;5;8549;8818;-62,0498293515359;-238,194197952218;269;255000
vpja63;5;8860;9145;-149,449829351536;-93,3941979522185;285;2,55e+08
vpja63;5;9572;9637;-122,749829351536;-157,294197952218;65;0
vpja63;5;9687;9957;-398,749829351536;-94,1941979522185;270;0
vpja63;6;302;716;-197,723398062061;-252,157559972147;414;255000
vpja63;6;733;1211;-197,723398062061;-288,157559972147;478;255000
vpja63;6;1286;1510;-150,823398062061;294,742440027853;224;0
vpja63;6;1527;1690;-115,923398062061;305,342440027853;163;255
vpja63;6;1742;2128;-402,523398062061;275,742440027853;386;255255000
vpja63;6;2175;2420;-187,523398062061;160,542440027853;245;2,55e+08
vpja63;6;2646;2674;-210,023398062061;-288,757559972147;28;255000
vpja63;6;3095;3115;221,776601937939;-274,557559972147;20;0
vpja63;6;3341;3411;128,376601937939;-298,357559972147;70;0
vpja63;6;3460;3684;-167,223398062061;-293,957559972147;224;255000
vpja63;6;3701;4429;-182,623398062061;-282,157559972147;728;255000
vpja63;6;4452;4624;-113,423398062061;-276,257559972147;172;0
vpja63;6;4649;5536;-33,9233980620611;-246,257559972147;887;0
vpja63;6;5572;5774;-171,023398062061;-274,057559972147;202;255000
vpja63;6;5785;5858;-169,923398062061;-288,457559972147;73;255000
vpja63;6;5911;6133;222,576601937939;-260,157559972147;222;0
vpja63;6;6176;6358;365,176601937939;-43,057559972147;182;0
vpja63;6;6393;6750;479,576601937939;-5,75755997214708;357;0
vpja63;6;6788;7011;340,776601937939;19,7424400278529;223;0
vpja63;6;7068;7196;581,376601937939;352,142440027853;128;0
vpja63;6;7223;7446;554,376601937939;465,142440027853;223;0
vpja63;6;7531;7776;-180,423398062061;278,742440027853;245;0
vpja63;6;7798;7936;-106,623398062061;266,442440027853;138;255
vpja63;6;7985;8194;-393,723398062061;230,142440027853;209;0
vpja63;6;8415;9270;-190,723398062061;-266,457559972147;855;255000
vpja63;6;9281;9873;-185,223398062061;-286,157559972147;592;255000
vpja63;7;298;478;-239,923398062061;-221,157559972147;180;255000
vpja63;7;497;900;-206,123398062061;-197,457559972147;403;255000
vpja63;7;949;1143;-232,023398062061;151,542440027853;194;255255000
vpja63;7;1168;1379;-244,123398062061;205,542440027853;211;255255000
vpja63;7;1443;1615;301,176601937939;27,942440027853;172;255
vpja63;7;1657;1921;378,076601937939;-163,457559972147;264;0
vpja63;7;1968;2290;577,676601937939;-129,257559972147;322;0
vpja63;7;2300;2493;552,576601937939;-122,257559972147;193;0
vpja63;7;2546;2738;300,776601937939;65,8424400278529;192;255
vpja63;7;2798;3014;-77,2233980620612;-120,257559972147;216;0
vpja63;7;3052;3304;-110,323398062061;-207,657559972147;252;0
vpja63;7;3323;3509;-60,4233980620611;-199,457559972147;186;0
vpja63;7;3574;3914;-536,823398062061;-53,057559972147;340;0
vpja63;7;3968;4230;-477,623398062061;-364,457559972147;262;0
vpja63;7;4255;4626;-489,623398062061;-411,057559972147;371;0
vpja63;7;4672;4808;-272,323398062061;-257,657559972147;136;255000
vpja63;7;4832;4901;-210,423398062061;-225,557559972147;69;255000
vpja63;7;5469;5719;-226,223398062061;142,342440027853;250;255255000
vpja63;7;5759;6176;-216,823398062061;-38,9575599721471;417;2,55e+08
vpja63;7;6218;6448;-227,423398062061;-223,157559972147;230;255000
vpja63;7;6456;6893;-213,523398062061;-216,557559972147;437;255000
vpja63;7;6939;7172;-177,423398062061;124,742440027853;233;255255000
vpja63;7;7196;7519;-220,623398062061;167,242440027853;323;255255000
vpja63;7;7557;7732;-345,023398062061;224,042440027853;175;0
vpja63;7;7781;8238;-520,423398062061;365,642440027853;457;0
vpja63;7;8323;8453;246,076601937939;325,642440027853;130;0
vpja63;7;8507;8776;630,076601937939;378,442440027853;269;0
vpja63;7;8794;8999;641,376601937939;333,242440027853;205;NA
vpja63;7;9067;9205;221,376601937939;36,5424400278529;138;255
vpja63;7;9265;9652;-247,523398062061;155,442440027853;387;255255000
vpja63;7;9675;9842;-258,923398062061;228,042440027853;167;255255000
vpja63;7;9883;10000;-267,123398062061;57,942440027853;117;2,55e+08
vpja63;8;223;369;-34,6;-70,9;146;2,55e+08
vpja63;8;388;1001;-59,1999999999999;-68,0000000000001;613;2,55e+08
vpja63;8;1049;1261;-54,3;-328,6;212;0
vpja63;8;1283;1630;-74,1;-352,1;347;0
vpja63;8;1668;1838;41,9;-348,2;170;0
vpja63;8;1897;2050;356,3;-48,1;153;0
vpja63;8;2091;2258;229,9;89,5999999999999;167;255255000
vpja63;8;2299;2484;406;98,5;185;0
vpja63;8;2527;2752;159,9;120,9;225;255255000
vpja63;8;2780;3062;244,4;122;282;0
vpja63;8;3090;3640;109,1;126,5;550;0
vpja63;8;3709;3908;-445,4;201,6;199;0
vpja63;8;3916;4120;-439,5;187,6;204;0
vpja63;8;4164;4363;-441,2;-105,1;199;0
vpja63;8;4374;4495;-451,4;-109,4;121;0
vpja63;8;4720;4809;-450,6;-247,4;89;0
vpja63;8;4847;5763;-440,6;-394,4;916;0
vpja63;8;5816;6234;-96;-378,9;418;0
vpja63;8;6291;6483;-396,4;-305,1;192;0
vpja63;8;6527;6733;-476,2;-71,0000000000001;206;0
vpja63;8;6743;6911;-452,3;-71,9;168;0
vpja63;8;6944;7496;-459,8;50,5;552;0
vpja63;8;7538;7752;-411,3;222,8;214;0
vpja63;8;7798;7957;-205,5;354;159;0
vpja63;8;7985;8266;-94,6999999999999;334;281;0
vpja63;8;8313;8530;127;303,8;217;0
vpja63;8;8579;9013;167,6;86,4;434;255255000
vpja63;8;9053;9205;290,6;170,3;152;0
vpja63;8;9246;9562;346,5;339,7;316;0
vpja63;8;9590;9731;433,7;407;141;0
vpja63;8;9771;10000;541,2;246,4;229;0
vpja63;9;283;449;-11,3000000000001;-59,4;166;255000
vpja63;9;475;1558;-34,2;-92,6;1083;255000
vpja63;9;1600;1828;71,2;-227,2;228;255000
vpja63;9;1852;2205;132,8;-245,2;353;255000
vpja63;9;2253;2480;360,4;-241,6;227;0
vpja63;9;2490;3247;373,7;-242;757;0
vpja63;9;3335;3474;98;392;139;0
vpja63;9;3515;3728;-71,6;310,5;213;255255000
vpja63;9;3761;4165;-31,6;235,2;404;0
vpja63;9;4225;4370;-359,6;132,9;145;0
vpja63;9;4413;4693;-536,4;210,2;280;255
vpja63;9;4741;5089;-350,5;115,8;348;0
vpja63;9;5096;5395;-347,3;130,2;299;0
vpja63;9;5409;5789;-378,5;139,6;380;0
vpja63;9;5847;6009;-510,5;-121,5;162;0
vpja63;9;6036;6545;-565,5;-208,7;509;0
vpja63;9;6557;7011;-568,5;-241,3;454;0
vpja63;9;7059;7222;-291,7;-300,7;163;0
vpja63;9;7263;7653;-152,6;-317,7;390;0
vpja63;9;7748;7947;-16,2;222,5;199;0
vpja63;9;7976;8094;-93,7;289,2;118;255255000
vpja63;9;8142;8816;50,6999999999999;107,6;674;2,55e+08
vpja63;9;8879;9176;436,8;178,2;297;0
vpja63;9;9212;9526;562,5;297,6;314;0
vpja63;9;9553;10000;550,6;238,2;447;0
vpja63;10;264;316;8,19999999999993;-36,5;52;0
vpja63;10;339;505;61,6999999999999;-54,8;166;255000
vpja63;10;543;788;15,3;166,8;245;255
vpja63;10;824;964;83,4;97,5;140;2,55e+08
vpja63;10;1008;1219;335,8;72,6;211;0
vpja63;10;1285;1422;382,8;-229,7;137;0
vpja63;10;1444;1589;330,8;-195,7;145;0
vpja63;10;1639;1828;40;-191,7;189;0
vpja63;10;1855;1959;157,4;-190,1;104;0
vpja63;10;2235;2610;162,6;-199,3;375;0
vpja63;10;2661;2850;-78,5;-293,6;189;0
vpja63;10;2900;3379;-314,4;-307,6;479;0
vpja63;10;3417;3632;-174,1;-312,8;215;0
vpja63;10;3656;3802;-255,5;-341,5;146;0
vpja63;10;3853;4044;-428,6;38,5;191;0
vpja63;10;4084;4796;-547,1;157,9;712;0
vpja63;10;4835;5079;-511,4;359,5;244;0
vpja63;10;5129;5329;-221,6;393;200;0
vpja63;10;5380;6021;-537,8;355,6;641;0
vpja63;10;6100;6737;-551,8;-238,4;637;0
vpja63;10;6819;6983;-108,2;300,4;164;0
vpja63;10;7051;7270;153,7;627;219;NA
vpja63;10;7298;7454;25,1;488,5;156;NA
vpja63;10;7505;7822;68;131;317;2,55e+08
vpja63;10;7871;8405;49,1999999999999;-58,5;534;255000
vpja63;10;8446;8634;9,60000000000002;-242,2;188;0
vpja63;10;8673;8880;167,7;-260,9;207;0
vpja63;10;8921;9193;360,8;-203,9;272;0
vpja63;10;9236;9615;548,9;-171,8;379;0
vpja63;10;9641;9849;622,1;-133,7;208;0
vpja63;10;9901;9999;501,1;231;98;0
vpja63;11;247;392;-63,8;-164,3;145;255000
vpja63;11;407;1489;-87;-170,6;1082;255000
vpja63;11;1548;1735;381,3;-99,5000000000001;187;0
vpja63;11;1783;2042;612,4;-99,2;259;0
vpja63;11;2053;2188;611,4;-119,9;135;0
vpja63;11;2229;2453;455,6;-175,1;224;0
vpja63;11;2522;2705;198,1;-191,9;183;0
vpja63;11;2714;2966;187,4;-185,4;252;0
vpja63;11;3016;3228;317,3;-367;212;0
vpja63;11;3278;3515;66,3000000000001;-446,8;237;0
vpja63;11;3571;3799;480,8;-416,8;228;0
vpja63;11;4155;4259;-405,2;161,7;104;0
vpja63;11;4286;4958;-470,4;93;672;255
vpja63;11;4985;5241;-439,2;8,39999999999998;256;0
vpja63;11;5269;6096;-462,1;87,3;827;255
vpja63;11;6149;6581;-237,8;103,9;432;2,55e+08
vpja63;11;6624;7014;-356,5;307,3;390;0
vpja63;11;7052;7504;-477;337,7;452;0
vpja63;11;7531;7794;-388,6;336,1;263;0
vpja63;11;7859;7933;-5,39999999999998;128,1;74;0
vpja63;11;8196;8453;-43,1;84,9;257;255255000
vpja63;11;8504;8550;-39,5;-128;46;2,55e+08
vpja63;11;8572;8727;-77,3;-170,7;155;255000
vpja63;11;8739;9280;-90,1;-172,6;541;255000
vpja63;11;9288;9715;-96,9;-183,6;427;255000
vpja63;11;9770;10000;250;-48,7;230;0
vpja63;12;225;389;-127,2;34,4;164;255255000
vpja63;12;428;617;-5,29999999999995;10,3;189;0
vpja63;12;670;808;101,9;-277,1;138;255000
vpja63;12;824;1175;127,9;-279,2;351;0
vpja63;12;1235;1431;461;77,8;196;255
vpja63;12;1448;2419;469,8;96,7;971;255
vpja63;12;2656;2810;161,3;-102;154;0
vpja63;12;2859;3107;-71,4;18;248;0
vpja63;12;3166;3354;98,5999999999999;-288,4;188;255000
vpja63;12;3365;4020;124,6;-274,4;655;0
vpja63;12;4056;4209;56,1;-143,1;153;2,55e+08
vpja63;12;4284;4781;-420,1;-100,3;497;0
vpja63;12;4818;5100;-506,5;-34,7;282;0
vpja63;12;5140;5859;-371;133;719;0
vpja63;12;5904;6427;-187,4;79,4;523;255255000
vpja63;12;6469;6679;-85,6;204,7;210;0
vpja63;12;6744;7008;436,1;88,1;264;255
vpja63;12;7030;7300;472,7;67,4;270;255
vpja63;12;7574;7683;458,2;76,3;109;255
vpja63;12;7741;7962;168,7;-147,2;221;0
vpja63;12;8041;8332;510,9;-261,2;291;0
vpja63;12;8360;8743;599,5;-296,3;383;0
vpja63;12;8788;9241;502,9;-46,2;453;0
vpja63;12;9277;9631;476,5;92,5;354;255
vpja63;12;9644;10000;459,5;124,3;356;255
vpja63;13;272;431;-62,8117241379312;16,9127586206897;159;2,55e+08
vpja63;13;479;643;-78,6117241379311;-285,18724137931;164;255000
vpja63;13;660;2113;-83,9117241379312;-321,18724137931;1453;255000
vpja63;13;2128;2387;-112,911724137931;-329,98724137931;259;255000
vpja63;13;2406;2973;-74,2117241379311;-324,58724137931;567;255000
vpja63;13;3037;3230;365,388275862069;-97,6872413793103;193;0
vpja63;13;3280;3523;377,688275862069;278,81275862069;243;255255000
vpja63;13;3539;3985;350,988275862069;291,51275862069;446;255255000
vpja63;13;4013;4460;413,488275862069;343,81275862069;447;255255000
vpja63;13;4485;5060;354,888275862069;310,11275862069;575;255255000
vpja63;13;5149;5279;-443,611724137931;381,01275862069;130;0
vpja63;13;5305;5650;-489,011724137931;356,51275862069;345;255
vpja63;13;5685;5797;-395,711724137931;252,31275862069;112;0
vpja63;13;5853;6044;-40,3117241379312;143,01275862069;191;2,55e+08
vpja63;13;6080;6231;93,2882758620689;120,81275862069;151;2,55e+08
vpja63;13;6279;6626;380,388275862069;299,81275862069;347;255255000
vpja63;13;6649;6905;417,688275862069;358,01275862069;256;255255000
vpja63;13;6997;7146;493,988275862069;-312,08724137931;149;0
vpja63;13;7170;7400;553,888275862069;-341,88724137931;230;0
vpja63;13;7449;7658;343,488275862069;-122,28724137931;209;0
vpja63;13;7717;7949;539,288275862069;-364,28724137931;232;0
vpja63;13;7960;9570;556,088275862069;-354,38724137931;1610;0
vpja63;13;9774;9821;541,488275862069;-395,98724137931;47;0
vpja63;13;9832;9914;545,588275862069;-367,78724137931;82;0
vpja63;13;9962;9999;300,788275862069;-104,18724137931;37;0
vpja63;14;262;465;-52,5;34,8000000000001;203;2,55e+08
vpja63;14;484;619;-3,80000000000007;45,3000000000001;135;2,55e+08
vpja63;14;674;964;-373,4;125,2;290;0
vpja63;14;976;2068;-341,2;124,8;1092;255255000
vpja63;14;2127;2298;-75,9;64,1;171;0
vpja63;14;2345;2489;2,60000000000002;-242,2;144;255000
vpja63;14;2509;3012;23,6999999999999;-259,6;503;255000
vpja63;14;3074;3262;464,8;-165,6;188;0
vpja63;14;3300;3608;545,5;-62,4999999999999;308;0
vpja63;14;3634;3866;590,8;10,2;232;0
vpja63;14;3921;4644;287,9;142,7;723;0
vpja63;14;4720;4858;-274,7;180,7;138;0
vpja63;14;4882;5071;-337,9;127,8;189;255255000
vpja63;14;5128;5289;-357,5;-259,1;161;0
vpja63;14;5333;5598;-393,9;-373;265;0
vpja63;14;5652;6022;-48,8000000000001;-356,1;370;0
vpja63;14;6263;6845;11,4;-175,2;582;2,55e+08
vpja63;14;6867;8061;28,5;-100,3;1194;2,55e+08
vpja63;14;8295;8424;122,8;-136,5;129;0
vpja63;14;8452;9467;217,8;-109,1;1015;0
vpja63;14;9519;9852;-44,4;-76,4999999999999;333;2,55e+08
vpja63;14;9884;10000;20,3;23,8000000000001;116;2,55e+08
vpja63;15;235;440;-227,9;87,9;205;255255000
vpja63;15;497;715;125,7;123,7;218;0
vpja63;15;732;1550;86,9000000000001;142,8;818;0
vpja63;15;1573;1891;149,3;122,1;318;255
vpja63;15;2239;2307;-27,8;-102;68;2,55e+08
vpja63;15;2331;2479;-69;-157,4;148;255000
vpja63;15;2532;2709;381,6;-50,2;177;0
vpja63;15;2762;3096;617,1;-212,6;334;0
vpja63;15;3123;3430;632,4;-102,7;307;0
vpja63;15;3478;3715;366,7;-80,7;237;0
vpja63;15;3777;4114;-70,8;-166,5;337;255000
vpja63;15;4166;4353;-310,5;-247,4;187;0
vpja63;15;4380;5126;-404,7;-264,2;746;0
vpja63;15;5183;5464;-54,2;-181,2;281;255000
vpja63;15;5681;5859;-54,1;-197,5;178;255000
vpja63;15;5903;6200;-76,6;93,4;297;0
vpja63;15;6225;6497;-51,5;27,0999999999999;272;2,55e+08
vpja63;15;6540;8087;89,5999999999999;115,8;1547;0
vpja63;15;8137;8297;-186,4;90,1999999999999;160;0
vpja63;15;8347;8478;-69,3;-147,6;131;255000
vpja63;15;8494;9238;-60,4;-161;744;255000
vpja63;15;9262;9513;-66,2;-234,9;251;255000
vpja63;15;9539;9683;-120,2;-196,7;144;255000
vpja63;15;9937;10000;336,5;-94,9;63;0
vpja63;16;612;811;363,4;32,7;199;255255000
vpja63;16;892;1201;-442;294,7;309;255
vpja63;16;1223;1452;-450;353,9;229;255
vpja63;16;1472;1696;-500,7;348,9;224;255
vpja63;16;1722;1979;-410;334;257;255
vpja63;16;2245;2363;-399,8;37,4000000000001;118;0
vpja63;16;2420;2554;-119,6;-176,6;134;2,55e+08
vpja63;16;2577;2794;-146,3;-220,2;217;255000
vpja63;16;2829;2971;-269,6;-232,8;142;0
vpja63;16;3009;3230;-400,3;-232;221;0
vpja63;16;3275;3599;-142,4;-215,1;324;255000
vpja63;16;3613;3950;-153,7;-231,1;337;255000
vpja63;16;3961;4105;-141,1;-238,9;144;255000
vpja63;16;4154;4416;-10,4;-393,6;262;0
vpja63;16;4470;4677;279,4;-90,9;207;255255000
vpja63;16;4902;5025;321,2;57,3000000000001;123;0
vpja63;16;5046;5218;286,3;31,7;172;255255000
vpja63;16;5479;5709;383,1;-43,5;230;255255000
vpja63;16;5746;6006;388;187,9;260;0
vpja63;16;6032;6160;334,5;223,5;128;0
vpja63;16;6409;6435;329;27,3000000000001;26;255255000
vpja63;16;6701;7259;338,5;-70,4999999999999;558;255255000
vpja63;16;7300;7495;429,7;124,9;195;255255000
vpja63;16;7527;7771;342,3;198,1;244;0
vpja63;16;7789;8827;318,7;206,3;1038;0
vpja63;16;9277;9650;327,7;281,6;373;0
vpja63;16;9733;9884;-57;-88,4;151;2,55e+08
vpja63;16;9927;10000;-136,8;-240,6;73;255000
vpja63;17;434;609;109,3;304,1;175;255
vpja63;17;627;825;137,2;331,8;198;255
vpja63;17;896;1125;-458,8;424,3;229;255255000
vpja63;17;1141;1487;-481;418,7;346;255255000
vpja63;17;1556;1773;144,9;361,7;217;255
vpja63;17;1806;2020;254,2;384,6;214;0
vpja63;17;2076;2266;428,3;109,4;190;0
vpja63;17;2314;2505;558,5;-48,6999999999999;191;0
vpja63;17;2592;2799;-305,3;-114,6;207;255000
vpja63;17;2816;3127;-283,9;-140,9;311;255000
vpja63;17;3147;3432;-265,4;-191,4;285;255000
vpja63;17;3478;3756;-506,5;-131,4;278;2,55e+08
vpja63;17;3800;4087;-289,6;-184;287;255000
vpja63;17;4098;4247;-271,6;-190,9;149;255000
vpja63;17;4536;5378;101,2;322,5;842;255
vpja63;17;5430;5703;393;223,1;273;0
vpja63;17;5730;5966;455,4;130,6;236;0
vpja63;17;6024;6499;596,5;-82,9999999999999;475;0
vpja63;17;6560;6991;168,8;-46,1999999999999;431;0
vpja63;17;7374;9104;-280,8;-151,6;1730;255000
vpja63;17;9124;9797;-285;-198,9;673;255000
vpja63;17;9808;10000;-272,3;-203,5;192;255000
vpja63;18;273;419;81,0999999999999;-173,5;146;255000
vpja63;18;447;643;117,4;-212,2;196;255000
vpja63;18;657;1070;105,7;-233,4;413;255000
vpja63;18;1126;1339;383,7;176,9;213;255
vpja63;18;1357;1403;353,5;197,7;46;255
vpja63;18;1661;1781;361,7;291,9;120;0
vpja63;18;1863;2037;-415,8;229,8;174;255255000
vpja63;18;2063;2340;-469,2;221,6;277;255255000
vpja63;18;2349;2784;-480,1;212,4;435;255255000
vpja63;18;2808;3003;-416,9;267,7;195;0
vpja63;18;3048;3193;-470,5;57,8;145;0
vpja63;18;3212;3407;-483,1;28,3;195;0
vpja63;18;3446;3660;-360;-41,4;214;0
vpja63;18;3682;4417;-314,2;4,60000000000002;735;0
vpja63;18;4424;4619;-300,8;5,39999999999998;195;0
vpja63;18;4637;4852;-333,8;1,5;215;0
vpja63;18;4876;5254;-386,6;-55,8000000000001;378;0
vpja63;18;5314;5583;-343,5;-402,5;269;0
vpja63;18;5611;5909;-435,3;-366,5;298;0
vpja63;18;6132;6196;177,1;-212,8;64;0
vpja63;18;6223;6476;102,5;-250,9;253;255000
vpja63;18;6538;6755;590,8;-274,9;217;0
vpja63;18;6778;7033;537,7;-220,4;255;0
vpja63;18;7079;7278;507,6;39,3;199;0
vpja63;18;7316;7656;375,5;115,5;340;255
vpja63;18;7705;8003;135,1;53,9;298;2,55e+08
vpja63;18;8042;8415;13,3;15,1;373;2,55e+08
vpja63;18;8466;8655;95,2;-195,6;189;255000
vpja63;18;8672;8814;110,3;-215,7;142;255000
vpja63;18;8873;9104;-195,8;83,8;231;0
vpja63;18;9131;9382;-98,7;75,1;251;2,55e+08
vpja63;18;9437;9522;60;-111,8;85;2,55e+08
vpja63;18;9739;9887;117,3;-240,5;148;255000
vpja63;18;9904;10000;113,4;-257,7;96;255000
vpja63;19;456;681;-532,9;247;225;255
vpja63;19;695;964;-529,8;278,1;269;255
vpja63;19;1041;1307;140,1;285,9;266;255255000
vpja63;19;1340;1430;243,8;216,8;90;2,55e+08
vpja63;19;1494;2276;-4,80000000000007;-298,6;782;255000
vpja63;19;2340;2510;381,8;4,70000000000005;170;0
vpja63;19;2547;2881;444,6;136,7;334;0
vpja63;19;2903;3403;482,1;173,4;500;0
vpja63;19;3496;3842;-268;-240,3;346;0
vpja63;19;3872;4241;-399,7;-227,6;369;0
vpja63;19;4307;4484;-513,3;329,3;177;255
vpja63;19;4502;4765;-531,4;275,4;263;255
vpja63;19;4834;5083;197,2;336,2;249;255255000
vpja63;19;5690;5815;-461,5;289;125;255
vpja63;19;5844;6132;-505,8;351,5;288;255
vpja63;19;6170;6460;-499,3;195,9;290;255
vpja63;19;6472;6682;-499,4;227,1;210;255
vpja63;19;6690;7292;-502,3;241;602;255
vpja63;19;7316;7796;-506,7;148,7;480;255
vpja63;19;7824;7981;-425,5;66,5;157;0
vpja63;19;8040;8378;-40,6;6,10000000000002;338;2,55e+08
vpja63;19;8416;8634;-141,9;147;218;2,55e+08
vpja63;19;8681;9055;117,3;95,2;374;2,55e+08
vpja63;19;9082;9984;14,5999999999999;64,6;902;2,55e+08
vpja63;20;301;452;32,4;-108,5;151;2,55e+08
vpja63;20;494;655;52,8000000000001;-359,1;161;255000
vpja63;20;668;1145;23;-345,4;477;255000
vpja63;20;1210;1396;336,1;188,8;186;255255000
vpja63;20;1406;1434;322,1;233,9;28;255255000
vpja63;20;1462;1603;334,8;333,8;141;255255000
vpja63;20;1620;2160;369;339,5;540;255255000
vpja63;20;2191;2966;324,8;237,1;775;255255000
vpja63;20;2985;3608;319,3;298,1;623;255255000
vpja63;20;3628;3794;326,6;236,1;166;255255000
vpja63;20;3869;4065;519,7;-130,2;196;0
vpja63;20;4088;4600;518,7;-175,8;512;0
vpja63;20;4616;5055;545,7;-187,8;439;0
vpja63;20;5116;5311;127,9;-220,6;195;0
vpja63;20;5354;5518;117,9;-380,4;164;0
vpja63;20;5585;5761;-364,7;-360,7;176;0
vpja63;20;5787;6025;-431,2;-290,7;238;0
vpja63;20;6042;6329;-457;-256,1;287;0
vpja63;20;6379;6645;-217,1;-369,4;266;0
vpja63;20;6670;6892;-147,5;-414,8;222;0
vpja63;20;7080;7785;20,6;-368,1;705;255000
vpja63;20;7855;8130;-314;181,8;275;255
vpja63;20;8157;8379;-371,9;200,7;222;255
vpja63;20;8417;8599;-249,4;138,1;182;255
vpja63;20;8649;9077;28,6;127,6;428;2,55e+08
vpja63;20;9338;9945;59,4;-39,5;607;2,55e+08
vpja63;21;293;432;82,6999999999999;91,3;139;0
vpja63;21;472;677;261,7;205,9;205;0
vpja63;21;736;970;-209,2;316,6;234;0
vpja63;21;988;1249;-157,8;312;261;0
vpja63;21;1257;1443;-148;307,5;186;0
vpja63;21;1473;1673;-216,2;277;200;0
vpja63;21;1715;1951;-53,6;185,6;236;2,55e+08
vpja63;21;1974;2061;-11,9;178,9;87;2,55e+08
vpja63;21;2110;2292;-91,3000000000001;-188,6;182;255000
vpja63;21;2306;2818;-94,8000000000001;-208,8;512;255000
vpja63;21;2879;3076;-431,4;-237,6;197;0
vpja63;21;3101;3279;-460,6;-321;178;0
vpja63;21;3463;3649;379,9;-248,9;186;0
vpja63;21;3671;3937;372,4;-173,2;266;0
vpja63;21;3987;4271;245,1;148,6;284;255255000
vpja63;21;4281;4456;264,4;160,5;175;255255000
vpja63;21;4505;4680;322,7;-77,2;175;0
vpja63;21;4701;5109;306,5;-108,4;408;0
vpja63;21;5157;5360;481;-87,1;203;0
vpja63;21;5413;6036;245,8;162,6;623;255255000
vpja63;21;6044;6613;238,7;158,3;569;255255000
vpja63;21;6666;6834;420,1;-38,9;168;0
vpja63;21;6863;7084;336,9;-90,8;221;0
vpja63;21;7123;7324;423,2;-194,1;201;0
vpja63;21;7348;7636;490,4;-195,6;288;0
vpja63;21;7710;7873;-30,6;-295,3;163;255000
vpja63;21;7932;8093;-375,7;-311,5;161;0
vpja63;21;8147;8215;-414,7;64,1;68;0
vpja63;21;8477;8661;-398,7;157,2;184;0
vpja63;21;8705;8871;-206,9;286,4;166;0
vpja63;21;8896;9055;-135,2;297,8;159;0
vpja63;21;9368;9438;-85,5;132,8;70;2,55e+08
vpja63;21;9460;9626;-40,3000000000001;158,1;166;2,55e+08
vpja63;21;9644;9814;-77,7;146,6;170;2,55e+08
vpja63;21;9839;10000;4,69999999999993;137;161;2,55e+08
vpja63;22;863;1009;-177,3;266,5;146;255
vpja63;22;1033;1669;-219,6;284,6;636;255
vpja63;22;1710;1932;-67,4;345,5;222;255
vpja63;22;1988;2212;383,4;471,5;224;255255000
vpja63;22;2231;2388;391,9;502,1;157;NA
vpja63;22;2697;2732;469,9;634,6;35;NA
vpja63;22;2754;2966;528,5;630,3;212;NA
vpja63;22;3043;3223;-102;327,9;180;255
vpja63;22;3257;3382;-190,9;296,6;125;255
vpja63;22;3428;3546;42,6;119,6;118;2,55e+08
vpja63;22;3639;3819;157,3;-123,3;180;255000
vpja63;22;3832;4316;145,7;-118,3;484;255000
vpja63;22;4386;4608;-364,6;-134,3;222;0
vpja63;22;4656;4865;-183,6;-252,8;209;0
vpja63;22;4904;5080;-127,1;-326,3;176;0
vpja63;22;5122;5361;-247,6;-382,6;239;0
vpja63;22;5385;5527;-311,6;-349,3;142;0
vpja63;22;5563;5966;-177,8;-359,4;403;0
vpja63;22;6007;6188;24,9;-297,7;181;0
vpja63;22;6257;6761;428,2;137,5;504;0
vpja63;22;6791;7275;475,4;226,8;484;0
vpja63;22;7347;7569;-74,9;280,8;222;255
vpja63;22;7607;7862;-191,6;260,1;255;255
vpja63;22;7872;10000;-207,8;279,3;2128;255
vpja63;23;275;491;-7,59999999999991;22,2;216;2,55e+08
vpja63;23;517;864;-85;20,1;347;255
vpja63;23;902;1172;-201,3;11,9000000000001;270;255255000
vpja63;23;1191;2757;-223,1;3,40000000000009;1566;255255000
vpja63;23;2797;2930;-115,6;-50,1999999999999;133;0
vpja63;23;2973;3213;-20,5999999999999;-295,3;240;255000
vpja63;23;3228;3576;-0,799999999999955;-297,5;348;255000
vpja63;23;3635;3928;381,8;-28,9;293;0
vpja63;23;3954;4155;465,4;1,30000000000007;201;0
vpja63;23;4399;6654;523,6;-54,1999999999999;2255;0
vpja63;23;6678;6935;447,3;-50,6999999999999;257;0
vpja63;23;6992;7170;336,5;-252,6;178;0
vpja63;23;7204;7328;314,9;-337,1;124;0
vpja63;23;7387;7544;-122,5;-312;157;0
vpja63;23;7593;7661;-331,7;-221,7;68;0
vpja63;23;7853;7972;-539,3;-11,6999999999999;119;0
vpja63;23;7992;8245;-487,3;-0,399999999999977;253;0
vpja63;23;8297;8846;-225,4;267;549;0
vpja63;23;8869;9393;-282,9;277,3;524;0
vpja63;23;9445;9662;-114,4;90,5;217;0
vpja63;23;9690;9882;-179,3;19;192;0
vpja63;23;9934;10000;-23,8;-291;66;255000
vpja63;24;23;899;-4,5;27,2;876;2,55e+08
vpja63;24;949;1127;335,5;219,8;178;255255000
vpja63;24;1146;1464;371;246,3;318;255255000
vpja63;24;1480;2498;314,4;267,2;1018;255255000
vpja63;24;2521;3080;345,8;232,6;559;255255000
vpja63;24;3130;3254;306,7;-15,1;124;0
vpja63;24;3275;3518;287,6;-49,9;243;0
vpja63;24;3563;3795;396,4;-160,6;232;0
vpja63;24;3813;3833;390,8;-185,4;20;0
vpja63;24;3848;3980;395,5;-160,6;132;0
vpja63;24;4044;4218;-46,7;-229;174;255000
vpja63;24;4232;4706;-42,9;-253,4;474;255000
vpja63;24;4758;4916;-274,9;-69,5;158;0
vpja63;24;4930;5119;-292,6;-52,1;189;0
vpja63;24;5167;5391;-320,3;250,3;224;255
vpja63;24;5416;5817;-357,1;219;401;255
vpja63;24;5862;6181;-381,9;58,8000000000001;319;0
vpja63;24;6221;6592;-301,1;-36,3;371;0
vpja63;24;6616;6812;-368,8;-19,9;196;0
vpja63;24;6902;7291;526,7;79;389;0
vpja63;24;7336;7544;320,3;244;208;255255000
vpja63;24;7562;7846;304,5;264,6;284;0
vpja63;24;7888;8108;112,9;325,7;220;0
vpja63;24;8135;8939;82,6;265,4;804;0
vpja63;24;8978;9420;-24,3000000000001;115,2;442;0
vpja63;24;9471;9645;-11;-151;174;2,55e+08
vpja63;24;9672;10000;-48,9;-270;328;255000
vpja63;25;223;464;-8,09999999999991;0,899999999999977;241;2,55e+08
vpja63;25;509;800;138,5;-183;291;255000
vpja63;25;810;1168;155,3;-192,2;358;255000
vpja63;25;1240;1461;-426,6;137,2;221;255255000
vpja63;25;1474;1782;-403,1;153;308;255255000
vpja63;25;1809;2419;-337,4;96;610;255255000
vpja63;25;2476;2670;-209,8;-126,2;194;0
vpja63;25;2714;2879;-142,8;-292,7;165;0
vpja63;25;2901;3224;-116,7;-339,4;323;0
vpja63;25;3232;3450;-117,1;-351,6;218;0
vpja63;25;3479;3731;-203,1;-302,4;252;0
vpja63;25;3766;4095;-285,9;-265,1;329;0
vpja63;25;4691;4743;-204,2;-307,2;52;0
vpja63;25;4921;5047;-89,1999999999999;-326,5;126;0
vpja63;25;5067;5727;-105,9;-359,6;660;0
vpja63;25;5733;6090;-115,5;-354,7;357;0
vpja63;25;6117;6409;-9,19999999999993;-327,8;292;0
vpja63;25;6461;6704;344,2;-344,1;243;0
vpja63;25;6890;7090;398,7;-361,4;200;0
vpja63;25;7126;7423;513,5;-372,9;297;0
vpja63;25;7439;7637;536,2;-388,2;198;0
vpja63;25;7679;7869;353,3;-388,2;190;0
vpja63;25;7881;8053;371,6;-368,6;172;0
vpja63;25;8064;8345;376,2;-347,8;281;0
vpja63;25;8430;8666;-390;-178;236;0
vpja63;25;8673;8766;-389,4;-164,7;93;0
vpja63;25;8820;9027;-370,4;174;207;255255000
vpja63;25;9076;9339;-176,1;76,9;263;0
vpja63;25;9404;9548;168,9;286,6;144;255
vpja63;25;9621;9889;-520,7;442,8;268;0
vpja63;25;9909;10000;-539,5;464;91;0
vpja63;26;949;1322;-293,5;75,3;373;255255000
vpja63;26;1336;2389;-305,5;80,5;1053;255255000
vpja63;26;2405;2671;-304,9;51;266;255255000
vpja63;26;2698;3022;-277,7;-23;324;0
vpja63;26;3045;3190;-298,4;26,6999999999999;145;255255000
vpja63;26;3237;3488;-199;-245,6;251;0
vpja63;26;3533;3695;-0,5;-337,6;162;0
vpja63;26;3934;4179;60,9000000000001;-436,4;245;0
vpja63;26;4206;4525;171,6;-434,8;319;0
vpja63;26;4548;4981;119,6;-405,7;433;0
vpja63;26;5043;5398;479,7;-258,3;355;0
vpja63;26;5428;5676;528,8;-136,2;248;0
vpja63;26;5696;6185;470,7;-143,4;489;0
vpja63;26;6224;6427;582,2;31,1999999999999;203;0
vpja63;26;6489;7043;204,7;211,9;554;0
vpja63;26;7088;7248;30,9000000000001;125,5;160;255
vpja63;26;7276;7376;-17;45,6;100;255
vpja63;26;7440;7700;-463,6;-103,6;260;255000
vpja63;26;7708;8072;-450,3;-113,4;364;255000
vpja63;26;8079;8318;-442,8;-108;239;255000
vpja63;26;8331;8521;-444,5;-128,8;190;255000
vpja63;26;8568;8826;-538,3;122,1;258;2,55e+08
vpja63;26;8849;8993;-470,4;112,4;144;2,55e+08
vpja63;26;9216;9339;-434,9;-136;123;255000
vpja63;26;9347;9478;-447,2;-119,1;131;255000
vpja63;26;9529;9794;-186,7;-246,5;265;0
vpja63;26;9813;10000;-192,5;-276,6;187;0
