vp;trial;timest;timeend;x;y;duration;roi
vpja17;1;230;428;45,7;-156,1;198;255000
vpja17;1;442;592;34,1;-179,8;150;255000
vpja17;1;612;1092;26,7;-212,1;480;255000
vpja17;1;1101;1364;12;-207,8;263;255000
vpja17;1;1430;1585;-348;-410,2;155;0
vpja17;1;1621;1736;-423,6;-375,3;115;0
vpja17;1;1796;1941;-604,2;-57;145;0
vpja17;1;1996;2121;-521,4;155,3;125;0
vpja17;1;2166;2264;-425,5;-53,6;98;0
vpja17;1;2345;2657;314;227,5;312;255
vpja17;1;2722;2804;-7;-13,8;82;2,55e+08
vpja17;1;2863;3116;-435,6;-34,4;253;0
vpja17;1;3178;3356;37,6;-162,1;178;255000
vpja17;1;3370;3528;56,0000000000001;-170;158;255000
vpja17;1;3552;4023;32,9;-218,2;471;255000
vpja17;1;4048;4129;-23,6;-194,3;81;0
vpja17;1;4293;4648;515,2;-189,4;355;0
vpja17;1;4679;4855;627,4;-216,3;176;0
vpja17;1;4923;5057;75,1999999999999;-190,3;134;255000
vpja17;1;5076;5255;55,3000000000001;-165,7;179;255000
vpja17;1;5310;5554;1,5;44,3000000000001;244;2,55e+08
vpja17;1;5592;5951;-66,1;127;359;2,55e+08
vpja17;1;5977;6128;-100,7;34,4;151;2,55e+08
vpja17;1;6182;6387;34,7;-183,8;205;255000
vpja17;1;6410;6918;39,7;-224,5;508;255000
vpja17;1;6942;7201;75,6;-195,2;259;255000
vpja17;1;7222;7476;41,2;-167,9;254;255000
vpja17;1;7502;7703;-25,1999999999999;-202,5;201;0
vpja17;1;7712;7924;-8,79999999999995;-201,2;212;255000
vpja17;1;7932;8137;-19,9;-194,2;205;255000
vpja17;1;8196;8397;-372,3;-19,6;201;0
vpja17;1;8426;8691;-447,9;-58,5;265;0
vpja17;1;8748;9025;-451,6;-354,6;277;0
vpja17;1;9102;9304;92,0000000000001;-55,9;202;2,55e+08
vpja17;1;9368;9545;314,7;261,7;177;255
vpja17;1;9598;9768;302;-58,8;170;0
vpja17;1;9959;10000;286,3;-92,9;41;0
vpja17;2;248;436;-42,5;-235,8;188;255000
vpja17;2;465;1380;-106,3;-297,5;915;0
vpja17;2;1428;1587;-256,8;-280;159;0
vpja17;2;1666;1928;-550,2;229,3;262;255
vpja17;2;1949;2281;-571,4;193,9;332;0
vpja17;2;2307;2497;-500,9;267,2;190;255
vpja17;2;2537;2875;-393,9;178,2;338;0
vpja17;2;2925;3017;-390,6;365;92;0
vpja17;2;3073;3262;49,5999999999999;365,7;189;255255000
vpja17;2;3286;3497;40,5999999999999;297,2;211;255255000
vpja17;2;3516;3684;2;304,2;168;255255000
vpja17;2;3698;3957;19;309,6;259;255255000
vpja17;2;3967;4185;16,5;333,2;218;255255000
vpja17;2;4249;4506;344;215,5;257;0
vpja17;2;4531;4715;390,3;272;184;0
vpja17;2;4734;4881;362,6;309,2;147;0
vpja17;2;4962;5074;251,1;-246,4;112;0
vpja17;2;5146;5470;-289,9;-269,7;324;0
vpja17;2;5530;5852;-633,4;-332,4;322;0
vpja17;2;5917;6266;-82,7;-319,7;349;255000
vpja17;2;6304;6504;-67,5;-216,5;200;255000
vpja17;2;6622;6847;48,0999999999999;-291,6;225;255000
vpja17;2;6882;7207;-48,6;-299,5;325;255000
vpja17;2;7232;7500;-99,7;-297,5;268;0
vpja17;2;7542;7852;-59,9000000000001;-79,3000000000001;310;2,55e+08
vpja17;2;7876;8039;7,69999999999993;-56,9;163;2,55e+08
vpja17;2;8105;8256;-183,9;233;151;2,55e+08
vpja17;2;8312;8537;-538,5;300;225;255
vpja17;2;8563;9088;-538,5;207,5;525;0
vpja17;2;9165;9382;-74,7;-217,9;217;0
vpja17;2;9421;9746;55,3;-268,5;325;255000
vpja17;2;9800;9998;-243,2;-250,3;198;0
vpja17;3;271;397;-336,903484320557;-221,809407665505;126;255000
vpja17;3;428;610;-432,903484320557;-256,009407665505;182;255000
vpja17;3;631;987;-454,903484320557;-285,709407665505;356;255000
vpja17;3;1014;1208;-414,103484320558;-241,409407665505;194;255000
vpja17;3;1254;1379;-597,603484320558;-262,209407665505;125;0
vpja17;3;1466;1651;72,4965156794426;136,590592334495;185;255255000
vpja17;3;1673;2046;88,2965156794426;181,190592334495;373;255255000
vpja17;3;2090;2522;224,496515679443;84,8905923344948;432;0
vpja17;3;2607;2771;-552,003484320558;359,890592334495;164;255
vpja17;3;2802;3601;-568,203484320557;294,090592334495;799;255
vpja17;3;3670;3814;-611,003484320558;-173,309407665505;144;0
vpja17;3;3841;4040;-619,103484320558;-265,209407665505;199;0
vpja17;3;4056;4224;-637,803484320557;-291,009407665505;168;0
vpja17;3;4265;4433;-443,803484320557;-266,309407665505;168;255000
vpja17;3;4525;4663;395,296515679443;-247,709407665505;138;0
vpja17;3;4684;4931;409,096515679443;-205,509407665505;247;0
vpja17;3;4959;5086;308,596515679443;-161,709407665505;127;0
vpja17;3;5140;5249;31,7965156794426;-101,309407665505;109;0
vpja17;3;5322;5494;-492,503484320558;321,190592334495;172;255
vpja17;3;5530;6089;-563,703484320557;296,690592334495;559;255
vpja17;3;6146;6293;-179,203484320557;316,390592334495;147;0
vpja17;3;6309;6595;-157,003484320558;303,790592334495;286;0
vpja17;3;6780;6887;-162,703484320557;292,590592334495;107;0
vpja17;3;6952;7090;-388,603484320558;-155,109407665505;138;2,55e+08
vpja17;3;7117;7313;-433,103484320558;-248,609407665505;196;255000
vpja17;3;7331;7885;-449,503484320558;-276,509407665505;554;255000
vpja17;3;7942;8099;-83,0034843205575;-191,409407665505;157;0
vpja17;3;8126;8334;-22,4034843205575;-151,809407665505;208;0
vpja17;3;8353;8406;-53,0034843205575;-175,309407665505;53;0
vpja17;3;8469;8547;-396,703484320557;-265,409407665505;78;255000
vpja17;3;8659;9079;-412,003484320558;-256,209407665505;420;255000
vpja17;3;9091;9562;-399,903484320557;-241,809407665505;471;255000
vpja17;3;9587;10000;-426,903484320557;-300,309407665505;413;255000
vpja17;4;245;392;-90,2;-165,1;147;255000
vpja17;4;403;785;-109,3;-150;382;255000
vpja17;4;850;975;-340,2;104,7;125;255
vpja17;4;1031;1288;-476,8;264,1;257;0
vpja17;4;1310;1498;-508,9;306,6;188;0
vpja17;4;1688;1811;-451,9;235,4;123;0
vpja17;4;1827;3240;-477,6;239,3;1413;0
vpja17;4;3293;3442;-435,6;-3,89999999999998;149;0
vpja17;4;3495;3806;-110;-176,1;311;255000
vpja17;4;3859;4075;-421,8;18,9000000000001;216;0
vpja17;4;4105;4402;-353,2;-36,1999999999999;297;0
vpja17;4;4446;4568;-259,4;116,3;122;255
vpja17;4;4614;4876;-12,9;188,5;262;255255000
vpja17;4;4933;5135;-204,3;377,4;202;0
vpja17;4;5161;5360;-238,9;395,6;199;0
vpja17;4;5410;5624;22,6;215,1;214;0
vpja17;4;5700;6069;81,4000000000001;-294;369;0
vpja17;4;6111;6295;-82,3;-403,8;184;0
vpja17;4;6329;6478;-179;-337,4;149;0
vpja17;4;6535;6922;-450,6;-137,9;387;0
vpja17;4;6988;7147;-71,9;154,3;159;0
vpja17;4;7177;7488;-14,7;199,3;311;0
vpja17;4;7525;7669;-79,3;327,9;144;0
vpja17;4;7729;7911;-101;-134,3;182;0
vpja17;4;7925;8204;-116,6;-149,3;279;0
vpja17;4;8225;8570;-114,6;-177;345;255000
vpja17;4;8626;8780;-160,4;12,7;154;2,55e+08
vpja17;4;8836;9011;-474,8;285,5;175;0
vpja17;4;9034;9280;-476,5;241,5;246;0
vpja17;4;9289;10000;-483,6;251,9;711;0
vpja17;5;226;451;-21;-294,2;225;2,55e+08
vpja17;5;473;640;-24,7;-350,3;167;255000
vpja17;5;665;1072;-50,7;-385;407;255000
vpja17;5;1126;1356;-302,6;-298;230;0
vpja17;5;1410;1599;-555,6;-313,5;189;0
vpja17;5;1682;1865;-375,3;210,4;183;0
vpja17;5;1943;2186;373,6;334,1;243;0
vpja17;5;2207;2356;409,6;357,2;149;255
vpja17;5;2409;2573;451,5;70,1;164;0
vpja17;5;2607;2942;580,4;99,7;335;0
vpja17;5;2996;3544;396,9;302,9;548;255
vpja17;5;3631;3859;-321,7;248,5;228;255255000
vpja17;5;3938;4257;-396,5;-257,4;319;0
vpja17;5;4291;4442;-449,8;-318,4;151;0
vpja17;5;4474;4641;-347,5;-360;167;0
vpja17;5;4713;4950;282,2;-298,7;237;0
vpja17;5;4980;5301;228,4;-232,5;321;0
vpja17;5;5388;5848;403;354,3;460;255
vpja17;5;5911;6031;28;108,4;120;2,55e+08
vpja17;5;6083;6307;-6;-304,1;224;255000
vpja17;5;6439;6689;-50,7;-448,1;250;255000
vpja17;5;6740;6947;204,1;-233,4;207;0
vpja17;5;6997;7778;-6,10000000000002;-317,3;781;255000
vpja17;5;7822;7953;-31;-410,9;131;255000
vpja17;5;8040;8159;470,7;-79,1999999999999;119;0
vpja17;5;8199;8338;582,7;-17,8;139;0
vpja17;5;8392;8523;411,6;278,8;131;0
vpja17;5;8572;9067;611,4;115,2;495;0
vpja17;5;9129;9287;418,1;-203,4;158;0
vpja17;5;9327;9472;250,8;-241,3;145;0
vpja17;5;9546;9808;-360,3;-284,6;262;0
vpja17;5;9852;10000;-558,5;-303,8;148;0
vpja17;6;190;344;-62;-175;154;255000
vpja17;6;358;664;-101,5;-181,6;306;255000
vpja17;6;731;994;-454,8;114;263;255
vpja17;6;1048;1297;-395,6;301,5;249;0
vpja17;6;1341;1556;-570,5;207,3;215;0
vpja17;6;1582;1822;-580,6;106,3;240;255
vpja17;6;1856;2050;-626,7;171,1;194;0
vpja17;6;2085;2362;-513;31,5;277;0
vpja17;6;2383;2578;-481,1;49,6;195;0
vpja17;6;2640;2777;-141;-176;137;0
vpja17;6;2801;3315;-102,5;-176,4;514;255000
vpja17;6;3332;3731;-108,3;-200,2;399;255000
vpja17;6;3786;4159;-57;25,9;373;255255000
vpja17;6;4178;4628;-41,6;52,7;450;255255000
vpja17;6;4641;4876;-28,1;32,1;235;255255000
vpja17;6;4886;5227;-43,4;33,4;341;255255000
vpja17;6;5250;5677;-88,9;13,1;427;255255000
vpja17;6;5704;6083;-45,3000000000001;72,5;379;255255000
vpja17;6;6106;6290;-50,4;15,5;184;255255000
vpja17;6;6366;6497;488,6;-103,6;131;0
vpja17;6;6528;6824;598,8;-128,1;296;0
vpja17;6;6881;7064;402,8;-347,5;183;0
vpja17;6;7121;7378;88,9;-416,1;257;0
vpja17;6;7459;7568;-377,7;-127,7;109;0
vpja17;6;7625;7791;-524,4;115,7;166;255
vpja17;6;7814;8073;-544,8;74,2;259;0
vpja17;6;8098;8521;-505,7;35,6;423;0
vpja17;6;8566;8755;-637,3;145,6;189;0
vpja17;6;8835;9056;-421,9;-314;221;0
vpja17;6;9084;9301;-498;-395,5;217;0
vpja17;6;9369;9575;5,29999999999995;-365,6;206;0
vpja17;6;9603;9769;88,4999999999999;-377,7;166;0
vpja17;6;9819;10000;140,8;-169,4;181;0
vpja17;7;193;355;117,7;-119,2;162;255000
vpja17;7;369;532;124,2;-97,9;163;255000
vpja17;7;589;952;395,8;167,4;363;0
vpja17;7;1002;1165;260,6;362,7;163;255
vpja17;7;1211;1456;392,7;152,3;245;0
vpja17;7;1515;2132;592,5;413,3;617;0
vpja17;7;2282;2520;143,9;-105,8;238;255000
vpja17;7;2545;2699;127,1;-152,4;154;255000
vpja17;7;2748;2941;-59,3;-270,3;193;0
vpja17;7;2980;3160;-180,2;-273,9;180;0
vpja17;7;3217;3426;-446,9;-112,7;209;0
vpja17;7;3450;3676;-479,6;-178,8;226;0
vpja17;7;3714;3952;-471,9;-350,4;238;0
vpja17;7;3998;4234;-251,1;-327,4;236;0
vpja17;7;4290;4473;16,8000000000001;-294,3;183;0
vpja17;7;4517;4705;130,2;-132,3;188;255000
vpja17;7;4728;5024;123,1;-162,7;296;255000
vpja17;7;5074;5238;143,8;110,9;164;2,55e+08
vpja17;7;5285;5429;337,6;273,1;144;255
vpja17;7;5465;5679;418,4;178,5;214;255
vpja17;7;5709;5958;415,5;295,9;249;255
vpja17;7;5969;6545;417,7;316,8;576;255
vpja17;7;6587;6832;380,2;165,6;245;0
vpja17;7;6847;6942;400,4;184,6;95;255
vpja17;7;6996;7199;161,1;-108,5;203;2,55e+08
vpja17;7;7223;7457;139,4;-159,6;234;255000
vpja17;7;7469;7948;121,2;-151,2;479;255000
vpja17;7;8016;8213;320;244,7;197;255
vpja17;7;8254;8416;377,6;318,5;162;255
vpja17;7;8436;8583;406,6;324,8;147;255
vpja17;7;8654;8852;-109,1;262,4;198;255255000
vpja17;7;8877;9125;-161,9;312,7;248;255255000
vpja17;7;9142;9242;-169,1;284,3;100;255255000
vpja17;7;9410;9606;98,0000000000001;87,4;196;2,55e+08
vpja17;7;9647;9948;2,5;-12,5;301;2,55e+08
vpja17;8;208;349;-105,9;-199,5;141;255000
vpja17;8;371;448;-130,8;-174,5;77;255000
vpja17;8;505;1026;-167,2;-564,9;521;NA
vpja17;8;1079;1284;-128,5;-202;205;255000
vpja17;8;1301;1429;-124;-161,9;128;2,55e+08
vpja17;8;1529;1574;-214;275,2;45;0
vpja17;8;1635;1688;-211,2;277,8;53;0
vpja17;8;1715;1953;-147,9;304,5;238;0
vpja17;8;1971;2253;-172,2;276,5;282;0
vpja17;8;2311;2579;208,8;197,4;268;0
vpja17;8;2593;2794;229,5;210,9;201;0
vpja17;8;2835;3179;175,7;74,8000000000001;344;0
vpja17;8;3237;3392;140,5;452,1;155;0
vpja17;8;3614;3724;218,9;483,2;110;NA
vpja17;8;3786;4004;230,7;198,1;218;255255000
vpja17;8;4067;4243;-70,5;139,6;176;2,55e+08
vpja17;8;4266;4425;-76,2;188,7;159;2,55e+08
vpja17;8;4452;4770;-10,5;173;318;2,55e+08
vpja17;8;4790;4957;-61,8000000000001;174,6;167;2,55e+08
vpja17;8;4968;5124;-79,5;172,9;156;2,55e+08
vpja17;8;5174;5439;-132,2;-58,9;265;2,55e+08
vpja17;8;5464;5700;-154,9;15,6;236;2,55e+08
vpja17;8;5718;5995;-161,7;-15,9;277;2,55e+08
vpja17;8;6046;6265;-159,7;-243,5;219;255000
vpja17;8;6275;6695;-170,4;-231,1;420;255000
vpja17;8;6720;7007;-204,4;-214,7;287;0
vpja17;8;7031;7647;-159,3;-231,4;616;255000
vpja17;8;7689;7821;-220,9;-149,2;132;2,55e+08
vpja17;8;7841;8043;-246,8;-153,4;202;2,55e+08
vpja17;8;8070;8203;-182,5;-125,7;133;2,55e+08
vpja17;8;8372;8536;-182,5;235,7;164;255
vpja17;8;8582;8964;-152,5;51,1;382;2,55e+08
vpja17;8;9019;9274;-159,2;288,9;255;0
vpja17;8;9286;9917;-171,2;279,3;631;0
vpja17;8;9939;10000;-224,2;263,8;61;0
vpja17;9;147;234;4,30000000000007;3,30000000000007;87;2,55e+08
vpja17;9;282;476;-114,7;-223,8;194;255000
vpja17;9;508;700;-179,4;-303,3;192;255000
vpja17;9;715;822;-193,3;-300,5;107;255000
vpja17;9;879;982;-69,3;-112,1;103;2,55e+08
vpja17;9;1050;1309;474,5;-302,6;259;0
vpja17;9;1371;1661;270,1;-91;290;0
vpja17;9;1705;1944;381,8;89;239;0
vpja17;9;1985;2167;256;-11,4;182;0
vpja17;9;2249;2388;-414,8;271,5;139;255
vpja17;9;2435;2665;-506,6;360,8;230;255
vpja17;9;2680;3491;-519,6;376,3;811;255
vpja17;9;3520;3778;-435,6;259,5;258;0
vpja17;9;3830;4014;-195,2;173,3;184;0
vpja17;9;4073;4218;-422,3;-126,6;145;0
vpja17;9;4249;4425;-392,5;-245,1;176;0
vpja17;9;4472;4724;-162,7;-282,6;252;255000
vpja17;9;4767;4929;-94,8;-162,9;162;2,55e+08
vpja17;9;4957;5161;-62,6;-96,9;204;2,55e+08
vpja17;9;5213;5385;-151,1;-326,4;172;255000
vpja17;9;5408;5845;-183,9;-310,4;437;255000
vpja17;9;5858;6034;-185,1;-322,4;176;255000
vpja17;9;6095;6409;-53,4;-94,1999999999999;314;2,55e+08
vpja17;9;6417;7074;-54,5;-86,9;657;2,55e+08
vpja17;9;7132;7368;78,9;122,1;236;2,55e+08
vpja17;9;7412;7695;292,6;282,6;283;0
vpja17;9;7747;7980;325,1;102;233;0
vpja17;9;8018;8261;258,6;-3,59999999999991;243;0
vpja17;9;8315;8677;492,4;77,7;362;0
vpja17;9;8702;8905;465,5;132;203;0
vpja17;9;8934;9037;554,5;110,4;103;0
vpja17;9;9096;9550;509,2;-317,2;454;0
vpja17;9;9594;9696;482,4;-418,6;102;0
vpja17;9;9728;10000;452,4;-586,2;272;NA
vpja17;10;197;373;-139,7;-158,2;176;255000
vpja17;10;388;839;-152;-177,5;451;255000
vpja17;10;882;1103;-294,5;-194,8;221;0
vpja17;10;1152;1478;-376;58,2;326;0
vpja17;10;1507;1872;-454,1;79,7;365;0
vpja17;10;1885;2129;-455,7;60,8000000000001;244;0
vpja17;10;2223;2393;462,2;303,6;170;255
vpja17;10;2419;2597;445;227,5;178;255
vpja17;10;2626;2873;374,6;296,5;247;0
vpja17;10;2891;3128;334,5;323,1;237;0
vpja17;10;3161;3325;268,4;334,3;164;0
vpja17;10;3560;3668;274,9;337,9;108;0
vpja17;10;3730;3899;-169,4;358,3;169;0
vpja17;10;3939;4089;-334;336;150;0
vpja17;10;4123;4371;-458,2;379,5;248;0
vpja17;10;4391;4528;-436,7;402,3;137;0
vpja17;10;4568;4889;-430,4;243,3;321;0
vpja17;10;4914;5112;-473,8;276,5;198;0
vpja17;10;5155;5342;-414;74,6;187;0
vpja17;10;5387;5567;-462,9;-102,2;180;255255000
vpja17;10;5610;6226;-332,7;47,3000000000001;616;0
vpja17;10;6276;6457;-339,5;-173,2;181;0
vpja17;10;6509;6706;-23,6999999999999;-301,7;197;0
vpja17;10;6744;6930;24,1;-406,2;186;0
vpja17;10;6960;7306;35;-525,4;346;NA
vpja17;10;7323;7591;58,9000000000001;-515,4;268;NA
vpja17;10;7612;7863;30,9000000000001;-488,9;251;NA
vpja17;10;7874;8033;23,3000000000001;-495;159;NA
vpja17;10;8096;8505;462,5;-607,1;409;NA
vpja17;10;8575;8686;366,4;-150,9;111;0
vpja17;10;8722;8824;332;14,8000000000001;102;0
vpja17;10;8875;9101;455,4;325,4;226;255
vpja17;10;9125;9405;372,3;315,5;280;0
vpja17;10;9425;9632;359;364,4;207;0
vpja17;10;9657;10000;270,5;328,2;343;0
vpja17;11;181;446;-72,0560000000002;-101,464;265;255000
vpja17;11;454;906;-89,7560000000001;-98,464;452;255000
vpja17;11;979;1314;-469,156;132,036;335;255
vpja17;11;1368;1653;-466,456;351,036;285;0
vpja17;11;1854;1984;-482,356;430,436;130;0
vpja17;11;2001;2214;-490,656;445,136;213;0
vpja17;11;2285;2405;112,844;237,436;120;0
vpja17;11;2456;2641;298,344;99,736;185;0
vpja17;11;2666;2917;300,644;24,336;251;0
vpja17;11;2994;3304;-85,0560000000002;-304,064;310;0
vpja17;11;3329;3503;-111,056;-366,564;174;0
vpja17;11;3559;3789;-473,056;-322,764;230;0
vpja17;11;3829;4038;-499,756;-158,564;209;0
vpja17;11;4053;4302;-489,256;-131,164;249;0
vpja17;11;4339;4644;-499,056;6,53599999999994;305;0
vpja17;11;4706;4855;-107,556;-112,364;149;0
vpja17;11;4874;5244;-77,7560000000001;-101,164;370;255000
vpja17;11;5292;5452;64,1439999999999;67,436;160;0
vpja17;11;5697;5818;146,244;152,236;121;0
vpja17;11;5827;5997;136,944;140,736;170;255255000
vpja17;11;6040;6223;-62,2560000000001;-95,164;183;255000
vpja17;11;6234;6704;-84,5560000000002;-102,964;470;255000
vpja17;11;6781;6922;503,244;-73,664;141;0
vpja17;11;6963;7143;577,444;28,836;180;0
vpja17;11;7183;7371;558,844;-93,4640000000001;188;0
vpja17;11;7394;7720;490,244;-82,4640000000001;326;0
vpja17;11;7769;7942;426,744;-400,464;173;0
vpja17;11;8014;8249;-95,0560000000002;-386,764;235;0
vpja17;11;8279;8509;-122,856;-318,964;230;0
vpja17;11;8587;8724;-386,356;225,236;137;0
vpja17;11;8761;8938;-452,056;348,136;177;0
vpja17;11;8966;9297;-509,256;456,536;331;0
vpja17;11;9368;9491;89,544;398,936;123;0
vpja17;11;9546;9673;321,444;398,236;127;0
vpja17;11;9720;9861;584,244;425,836;141;0
vpja17;11;9922;10000;612,744;16,836;78;0
vpja17;12;238;370;-405,3;-89,3000000000001;132;0
vpja17;12;390;528;-454,7;-105,6;138;255000
vpja17;12;684;1197;-461,3;-144,5;513;255000
vpja17;12;1218;1314;-439,9;-117,3;96;255000
vpja17;12;1372;1589;-11;63,0999999999999;217;255
vpja17;12;1612;1760;-43,3;45,1999999999999;148;255
vpja17;12;1811;1987;-83,9;-218,7;176;0
vpja17;12;2050;2242;485,4;-209,6;192;0
vpja17;12;2290;2528;458,2;-413,7;238;0
vpja17;12;2574;2708;574,5;-300,3;134;0
vpja17;12;2748;2943;446,8;-155,5;195;0
vpja17;12;2962;3061;450,9;-118,2;99;0
vpja17;12;3222;3543;459;-147,8;321;0
vpja17;12;3580;3801;609,6;-143;221;0
vpja17;12;3832;3982;539,2;-103,5;150;0
vpja17;12;4035;4237;461,8;-387,9;202;0
vpja17;12;4299;4513;49,1;-382,5;214;0
vpja17;12;4529;4764;56,5;-408,1;235;0
vpja17;12;4786;5088;20,4;-378,5;302;0
vpja17;12;5097;5352;32,9;-372,9;255;0
vpja17;12;5404;5708;-204,2;-234,9;304;0
vpja17;12;5727;5928;-189,2;-206,6;201;0
vpja17;12;5958;6150;-270,6;-206,7;192;0
vpja17;12;6197;6394;-468;-112,3;197;255000
vpja17;12;6417;7141;-461,5;-157,2;724;255000
vpja17;12;7295;7824;-451,9;-104,8;529;255000
vpja17;12;7865;8118;-323,1;39,5;253;0
vpja17;12;8153;8603;-277,6;-63;450;0
vpja17;12;8641;8855;-438,7;-120,8;214;255000
vpja17;12;8871;9030;-452,1;-142,6;159;255000
vpja17;12;9093;9358;-16,6999999999999;74,6999999999999;265;255
vpja17;12;9379;9615;-45;47,5;236;255
vpja17;12;9662;9949;-254,8;-40,4000000000001;287;0
vpja17;13;319;436;79,9;-274,7;117;2,55e+08
vpja17;13;457;698;54;-305,1;241;255000
vpja17;13;731;890;41,1;-172,1;159;2,55e+08
vpja17;13;930;1217;53,6;-347,9;287;255000
vpja17;13;1230;2030;63,3000000000001;-332,9;800;255000
vpja17;13;2041;2234;42,4;-340,7;193;255000
vpja17;13;2295;2469;-136,4;-13,8;174;255
vpja17;13;2504;2851;-196,7;47,4;347;255
vpja17;13;2866;3036;-212,7;66,4;170;0
vpja17;13;3076;3250;-336,7;-51,3;174;0
vpja17;13;3322;3543;265;104,6;221;255255000
vpja17;13;3576;3846;391,6;61,2;270;0
vpja17;13;3863;4065;365,9;69,6;202;255255000
vpja17;13;4090;4327;397,3;136,9;237;0
vpja17;13;4382;4628;163,2;220,6;246;0
vpja17;13;4656;4938;33;184,6;282;0
vpja17;13;4954;5229;-7,5;178,2;275;0
vpja17;13;5254;5388;-31,8;124,4;134;0
vpja17;13;5449;5577;-375,3;48,9;128;0
vpja17;13;5609;5874;-520,7;87,4;265;0
vpja17;13;6051;6314;-627,2;59,8000000000001;263;0
vpja17;13;6355;6481;-637,1;-59,8;126;0
vpja17;13;6525;6668;-409,3;-9;143;0
vpja17;13;6695;6998;-444,1;43;303;0
vpja17;13;7041;7105;-350,3;-82,9;64;0
vpja17;13;7201;7416;461,4;-27,1999999999999;215;0
vpja17;13;7453;7773;564,1;3,89999999999998;320;0
vpja17;13;7802;7928;461,3;3,70000000000005;126;0
vpja17;13;7993;8131;44,9;-247,3;138;2,55e+08
vpja17;13;8156;8394;42,6;-307,8;238;255000
vpja17;13;8412;8639;65,0000000000001;-289;227;255000
vpja17;13;8664;8863;43,2;-340;199;255000
vpja17;13;8874;9057;29,1;-332,3;183;0
vpja17;13;9128;9347;-133,1;-10,6999999999999;219;255
vpja17;13;9372;9601;-182,6;31,5;229;255
vpja17;13;9621;9796;-208,4;73,5;175;255
vpja17;13;9824;10000;-148,8;22,9;176;255
vpja17;14;205;845;41,1999999999999;-30,8;640;255000
vpja17;14;866;1037;27,5;-55,4;171;255000
vpja17;14;1078;1257;138,9;-164,2;179;0
vpja17;14;1302;1433;-22,7;-194,4;131;0
vpja17;14;1481;1641;-189;-290,6;160;0
vpja17;14;1691;1881;-391,9;-274;190;0
vpja17;14;1914;2068;-446,9;-347,3;154;0
vpja17;14;2138;2307;-605;93,4;169;0
vpja17;14;2332;2615;-609,9;162,3;283;0
vpja17;14;2659;2846;-602,9;352,4;187;0
vpja17;14;2858;3055;-594,6;338,5;197;0
vpja17;14;3139;3324;126;149,7;185;2,55e+08
vpja17;14;3354;3906;274,7;123,5;552;0
vpja17;14;3963;4151;164,9;419,8;188;0
vpja17;14;4172;4405;190,8;465;233;0
vpja17;14;4467;4611;287,5;80;144;255255000
vpja17;14;4661;4888;362,8;-89,6;227;0
vpja17;14;4915;5128;322,8;-149,5;213;0
vpja17;14;5155;5472;390,3;-163,7;317;0
vpja17;14;5490;5677;417,2;-152,4;187;0
vpja17;14;5712;5973;587,7;-135;261;0
vpja17;14;6022;6360;402;-171,1;338;0
vpja17;14;6412;6685;292,9;80,7;273;255255000
vpja17;14;6702;6847;283,6;106,5;145;255255000
vpja17;14;6904;7115;43,1999999999999;191,8;211;255
vpja17;14;7163;7480;52,3;-55,8;317;255000
vpja17;14;7489;7879;38,6999999999999;-58,8;390;255000
vpja17;14;7939;8327;62,8;170,2;388;255
vpja17;14;8387;8555;70,3999999999999;491,3;168;NA
vpja17;14;8573;8868;64,7;462,9;295;0
vpja17;14;8905;9034;224,2;444,5;129;0
vpja17;14;9086;9418;302;105,7;332;255255000
vpja17;14;9428;9528;300,5;119,2;100;255255000
vpja17;14;9593;9756;38,5999999999999;-172,9;163;0
vpja17;14;9778;9953;-1,70000000000005;-193,7;175;0
vpja17;15;132;238;-5,39999999999998;5,5;106;2,55e+08
vpja17;15;282;438;-40,6;-185,6;156;2,55e+08
vpja17;15;456;607;-52,6;-229,2;151;255000
vpja17;15;630;905;-70,5;-270;275;255000
vpja17;15;1081;1196;387,9;267,5;115;255
vpja17;15;1232;1563;382,3;180,4;331;255
vpja17;15;1596;1790;443,7;271,1;194;255
vpja17;15;1837;2286;358,7;53,1999999999999;449;0
vpja17;15;2315;2600;251,1;60,4;285;0
vpja17;15;2618;2773;220,3;42,5;155;0
vpja17;15;2820;2994;415,8;254,4;174;255
vpja17;15;3022;3105;409,5;325,4;83;0
vpja17;15;3305;3437;458,2;258,3;132;255
vpja17;15;3492;3846;374,7;29,1999999999999;354;0
vpja17;15;3874;4207;251,9;45,5999999999999;333;0
vpja17;15;4224;4858;219,4;32,0999999999999;634;0
vpja17;15;4873;5183;237,6;37,4;310;0
vpja17;15;5271;5424;-381,6;242,4;153;255255000
vpja17;15;5493;5670;-569,6;-152,1;177;0
vpja17;15;5683;5984;-582,4;-174,7;301;0
vpja17;15;6027;6235;-413,1;-141,2;208;0
vpja17;15;6282;6597;-574,5;-197,8;315;0
vpja17;15;6606;6751;-592;-193,3;145;0
vpja17;15;6826;6961;24,8;-241,3;135;255000
vpja17;15;6988;7305;77,9;-274,8;317;0
vpja17;15;7328;7574;101,5;-306,8;246;0
vpja17;15;7591;7775;139,3;-310,3;184;0
vpja17;15;7823;7998;-17;-246;175;255000
vpja17;15;8022;8504;-69,3000000000001;-261,7;482;255000
vpja17;15;8690;8954;-40,8000000000001;-169,9;264;2,55e+08
vpja17;15;8972;9202;-44,9;-193,8;230;255000
vpja17;15;9225;9925;-72,2;-255,7;700;255000
vpja17;16;90;223;12,9000000000001;-8,5;133;2,55e+08
vpja17;16;249;566;-9;-78,8000000000001;317;255000
vpja17;16;589;854;-32,5;-135,2;265;255000
vpja17;16;922;1403;-106;238,9;481;255
vpja17;16;1424;1726;-90,4;212,1;302;255
vpja17;16;1734;2053;-89,6999999999999;204,9;319;255
vpja17;16;2091;2332;1,60000000000002;84,6999999999999;241;2,55e+08
vpja17;16;2471;2672;-84,5999999999999;270,7;201;255
vpja17;16;2740;2875;-519,5;188,5;135;255255000
vpja17;16;2902;3091;-573,6;126,1;189;0
vpja17;16;3098;3261;-577,3;121,2;163;0
vpja17;16;3305;3897;-420,9;65,1999999999999;592;0
vpja17;16;3912;4203;-449,4;80,9;291;0
vpja17;16;4263;4424;-606,6;-193,2;161;0
vpja17;16;4447;4681;-626,9;-258,8;234;0
vpja17;16;4739;4985;-247,1;-329,7;246;0
vpja17;16;5064;5203;262,3;-299,9;139;0
vpja17;16;5229;5990;323,2;-284,7;761;0
vpja17;16;6067;6186;452;139,2;119;0
vpja17;16;6235;6448;569,9;388,1;213;0
vpja17;16;6477;6871;493,4;457;394;0
vpja17;16;6920;7009;250,3;342,1;89;2,55e+08
vpja17;16;7289;7578;7;-73,2;289;255000
vpja17;16;7602;7858;-20,9;-138,8;256;255000
vpja17;16;7892;8119;10,9000000000001;-276,1;227;255000
vpja17;16;8186;8500;-12,4;166,3;314;2,55e+08
vpja17;16;8535;8788;32,3000000000001;69,6999999999999;253;2,55e+08
vpja17;16;8846;9065;-132;177,8;219;2,55e+08
vpja17;16;9091;9286;-115,5;246,8;195;255
vpja17;16;9313;9523;-148,9;181,5;210;0
vpja17;16;9541;9665;-165,8;157,9;124;0
vpja17;16;9702;9920;-9,19999999999993;166,1;218;255
vpja17;17;228;466;148,4;-156,3;238;255000
vpja17;17;501;687;117,6;-37,6;186;2,55e+08
vpja17;17;727;943;161,2;-220;216;255000
vpja17;17;951;1134;155,6;-213;183;255000
vpja17;17;1209;1394;359,1;219,6;185;255
vpja17;17;1422;1574;380,2;283,4;152;255
vpja17;17;1621;2167;408,4;71,5;546;0
vpja17;17;2210;2374;394,1;266,7;164;255
vpja17;17;2390;2525;388,2;287,6;135;255
vpja17;17;2711;2904;361,6;206,4;193;255
vpja17;17;2926;3125;311,5;163,7;199;255
vpja17;17;3136;3354;295,6;173,6;218;255
vpja17;17;3398;3556;190,6;56;158;2,55e+08
vpja17;17;3607;3902;170,9;-188,5;295;255000
vpja17;17;3957;4109;-73,4000000000001;-201,5;152;0
vpja17;17;4149;4526;-111;-349,5;377;0
vpja17;17;4577;4702;-138,8;-217,6;125;0
vpja17;17;4738;4952;-95,3000000000001;-340;214;0
vpja17;17;4987;5143;-204,1;-341,6;156;0
vpja17;17;5181;5362;-159,6;-220,6;181;0
vpja17;17;5390;5574;-86,8000000000001;-204,5;184;0
vpja17;17;5589;5681;-74;-219,2;92;0
vpja17;17;5714;6048;-175,4;-228,1;334;0
vpja17;17;6079;6289;-74,9000000000001;-204,6;210;0
vpja17;17;6313;6705;-24,5;-203,9;392;0
vpja17;17;6729;6860;-71,6;-196,4;131;0
vpja17;17;7003;7488;-40,5;-210,1;485;0
vpja17;17;7506;7744;-4,40000000000009;-207,1;238;0
vpja17;17;7769;8042;-69,5;-199,3;273;0
vpja17;17;8069;8303;-160,7;-216,8;234;0
vpja17;17;8336;8722;-50,9000000000001;-202,8;386;0
vpja17;17;8747;9007;-12,5;-197,5;260;0
vpja17;17;9017;9762;-0,600000000000023;-203,6;745;0
vpja17;17;9817;10000;-327,5;-208,8;183;0
vpja17;18;252;420;-31,8;-259,6;168;0
vpja17;18;468;839;-229,5;-86;371;255
vpja17;18;897;1151;239,6;-44,4;254;0
vpja17;18;1183;1453;353,5;-12,6999999999999;270;0
vpja17;18;1514;1628;56,8000000000001;127,8;114;2,55e+08
vpja17;18;1689;1939;53,3000000000001;491,5;250;NA
vpja17;18;1995;2251;-364,5;465,4;256;0
vpja17;18;2325;2586;-267;-17;261;0
vpja17;18;2610;2800;-191;-21,5999999999999;190;0
vpja17;18;2853;3164;-66,1;-267,5;311;0
vpja17;18;3189;3434;-156,2;-302,6;245;0
vpja17;18;3461;3721;-228,2;-259;260;0
vpja17;18;3788;3997;272,4;-322,4;209;0
vpja17;18;4030;4240;430,9;-241,2;210;0
vpja17;18;4261;4636;450;-278,4;375;0
vpja17;18;4713;4873;-200,5;-253,6;160;0
vpja17;18;4900;5339;-277,1;-254,7;439;0
vpja17;18;5382;5572;-36,8;-265,4;190;0
vpja17;18;5581;5864;-44,4;-258,5;283;0
vpja17;18;5879;6358;-61,5;-275,7;479;0
vpja17;18;6383;6701;-18,1999999999999;-294,8;318;255000
vpja17;18;6750;7099;67,3000000000001;-120,7;349;2,55e+08
vpja17;18;7122;7496;99,1;-79,4;374;2,55e+08
vpja17;18;7558;7818;50,0000000000001;192,6;260;2,55e+08
vpja17;18;7864;8145;49,6;430,1;281;2,55e+08
vpja17;18;8165;8340;29,3000000000001;385,3;175;0
vpja17;18;8385;8553;25;187;168;2,55e+08
vpja17;18;8624;8841;468,1;-4,69999999999993;217;0
vpja17;18;8890;9153;536,7;-186,8;263;0
vpja17;18;9180;9418;466,4;-281,5;238;0
vpja17;18;9468;9768;262,3;-173,2;300;0
vpja17;18;9846;10000;-59,5;-221,1;154;0
vpja17;19;195;339;29,9;-191,4;144;255000
vpja17;19;357;580;48,1;-195,7;223;255000
vpja17;19;749;944;66,9;-228,2;195;255000
vpja17;19;1013;1373;267,5;181,1;360;255
vpja17;19;1396;1644;258,1;133,7;248;255
vpja17;19;1678;1984;146,9;128,8;306;2,55e+08
vpja17;19;2050;2325;-259,3;158,5;275;255255000
vpja17;19;2355;2588;-350,1;182,4;233;0
vpja17;19;2624;2810;-523,3;117,4;186;0
vpja17;19;2880;3116;106,8;132,5;236;2,55e+08
vpja17;19;3136;3785;141,2;132;649;2,55e+08
vpja17;19;3801;4017;167,6;117,7;216;2,55e+08
vpja17;19;4045;4317;81,8000000000001;118,5;272;2,55e+08
vpja17;19;4331;4638;61,3;131,8;307;2,55e+08
vpja17;19;4656;4838;33,1999999999999;114,4;182;2,55e+08
vpja17;19;4868;5159;44,5;-3,10000000000002;291;2,55e+08
vpja17;19;5192;5509;31,9;-168,3;317;2,55e+08
vpja17;19;5526;5706;52,1;-194,6;180;255000
vpja17;19;5734;6019;48,8;-255,1;285;255000
vpja17;19;6046;6176;-34,2;-250,4;130;0
vpja17;19;6199;6464;-94,7;-222,7;265;0
vpja17;19;6518;6721;-324,9;-249,5;203;0
vpja17;19;6763;6972;-446,1;-290,4;209;0
vpja17;19;7062;7263;343,7;-274,4;201;0
vpja17;19;7311;7880;513,9;-114,4;569;0
vpja17;19;7902;7949;523,2;-187,5;47;0
vpja17;19;7974;8218;404,2;-267,3;244;0
vpja17;19;8262;8569;278,6;-325,7;307;0
vpja17;19;8589;8812;222;-307,7;223;0
vpja17;19;8896;9010;-292,2;-360,5;114;0
vpja17;19;9088;9282;-620,7;-72,3000000000001;194;0
vpja17;19;9318;9546;-657,3;28,9;228;NA
vpja17;19;9604;9723;-630,9;235,3;119;0
vpja17;19;9771;9972;-349,5;177,6;201;0
vpja17;20;211;548;-104,4;-154,5;337;255000
vpja17;20;564;768;-127,3;-172,8;204;255000
vpja17;20;826;1101;-263,3;77,8000000000001;275;0
vpja17;20;1129;1322;-335,7;109,4;193;0
vpja17;20;1340;1541;-379,8;94,6;201;0
vpja17;20;1564;2191;-427,4;99,9000000000001;627;0
vpja17;20;2264;2485;71,7;98,2;221;255255000
vpja17;20;2525;2760;209,7;70,8000000000001;235;0
vpja17;20;2799;3052;294,2;-27;253;0
vpja17;20;3072;3410;326,8;-32,8;338;0
vpja17;20;3461;3713;581,5;-193;252;0
vpja17;20;3887;4015;612,9;-190,3;128;0
vpja17;20;4061;4328;584,8;18;267;0
vpja17;20;4377;4713;325,9;-23;336;0
vpja17;20;4735;5011;334;-66,5999999999999;276;0
vpja17;20;5074;5230;-86;-162,3;156;255000
vpja17;20;5251;5515;-117,5;-161,1;264;255000
vpja17;20;5534;5925;-135,8;-191,2;391;255000
vpja17;20;5990;6285;-307,5;104,2;295;0
vpja17;20;6305;6510;-339;104,7;205;255
vpja17;20;6537;6698;-410,6;105,3;161;0
vpja17;20;6749;6941;-363;-161,6;192;0
vpja17;20;7000;7213;-174,1;-414,9;213;0
vpja17;20;7292;7670;298;-355,6;378;0
vpja17;20;7745;8148;82,3;99,7;403;255255000
vpja17;20;8224;8453;105,5;469,6;229;0
vpja17;20;8503;8668;323,8;442,3;165;0
vpja17;20;8718;9064;546,9;402,9;346;0
vpja17;20;9273;9713;413,3;119,4;440;0
vpja17;20;9736;10000;423,7;178,3;264;0
vpja17;21;210;362;-177,3;-179,8;152;255000
vpja17;21;380;523;-217,5;-205,5;143;0
vpja17;21;569;859;5,19999999999993;-265,2;290;0
vpja17;21;873;1035;-14,9;-277,2;162;0
vpja17;21;1115;1217;-342,5;146,8;102;0
vpja17;21;1265;1486;-451,9;284,8;221;255
vpja17;21;1526;1733;-441,3;157,2;207;0
vpja17;21;1766;2016;-474,6;272,3;250;0
vpja17;21;2077;2198;-129,2;303,9;121;255255000
vpja17;21;3329;3455;-231,4;245,9;126;2,55e+08
vpja17;21;3567;3730;494,7;436,8;163;0
vpja17;21;3753;3918;538,3;488,7;165;NA
vpja17;21;3976;4085;429,2;102;109;0
vpja17;21;4158;4337;-166,6;-161,5;179;2,55e+08
vpja17;21;4365;4457;-205;-233,3;92;255000
vpja17;21;4580;4873;-200,5;-212,2;293;255000
vpja17;21;4896;5130;-164;-215,1;234;255000
vpja17;21;5154;5740;-201,2;-243,7;586;255000
vpja17;21;5759;6105;-174,7;-220,8;346;255000
vpja17;21;6143;6542;-212,6;-292,9;399;255000
vpja17;21;6563;6915;-178,4;-256,6;352;255000
vpja17;21;6940;7261;-129,8;-250,6;321;255000
vpja17;21;7286;7563;-70,4;-246,7;277;0
vpja17;21;7586;7753;-64;-208,8;167;0
vpja17;21;7812;8020;-398,7;-358,7;208;0
vpja17;21;8049;8093;-465,9;-355,3;44;0
vpja17;21;8133;8330;-585,4;-274,2;197;0
vpja17;21;8354;8601;-650,9;-292,5;247;NA
vpja17;21;8639;8919;-655,5;-144,1;280;NA
vpja17;21;8947;9105;-638,8;-52,2;158;0
vpja17;21;9161;9359;-648,1;226,5;198;NA
vpja17;21;9419;9639;-263,2;66,5;220;2,55e+08
vpja17;21;9668;9941;-182,2;4,29999999999995;273;2,55e+08
vpja17;22;201;365;-7,40000000000009;-205,7;164;255000
vpja17;22;375;589;-35;-200,4;214;0
vpja17;22;613;1098;-27,2;-248;485;255000
vpja17;22;1119;1250;-63,1;-245,1;131;0
vpja17;22;1330;1580;-336,3;163,3;250;255
vpja17;22;1588;1801;-359,2;168,5;213;255
vpja17;22;1822;2004;-401,1;170,8;182;0
vpja17;22;2052;2237;-529,7;14,3000000000001;185;0
vpja17;22;2324;2437;248;207,9;113;0
vpja17;22;2461;2711;310,6;226,8;250;255255000
vpja17;22;2765;2928;538,1;383,5;163;0
vpja17;22;2967;3118;593,7;179,7;151;0
vpja17;22;3270;3486;192,4;-384,1;216;0
vpja17;22;3540;3915;-127;-398,1;375;0
vpja17;22;3927;4255;-137,6;-384,9;328;0
vpja17;22;4279;4759;-106,7;-434;480;0
vpja17;22;4781;4987;-135,7;-379,1;206;0
vpja17;22;5004;5362;-172,1;-360,2;358;0
vpja17;22;5371;5667;-185,8;-356,7;296;0
vpja17;22;5691;5988;-135,5;-389,5;297;0
vpja17;22;6018;6320;-109,4;-449,9;302;0
vpja17;22;6374;6538;215,5;-469,5;164;0
vpja17;22;6573;6762;151,3;-375;189;0
vpja17;22;6813;6928;237,9;-169,5;115;0
vpja17;22;6979;7172;-4,90000000000009;-198,1;193;255000
vpja17;22;7195;7583;-21,6;-248,7;388;255000
vpja17;22;7601;7810;-42,1;-229;209;255000
vpja17;22;7830;8015;-6,80000000000007;-248,7;185;255000
vpja17;22;8042;8310;58,3;-226,6;268;2,55e+08
vpja17;22;8319;8963;66,5999999999999;-210,7;644;2,55e+08
vpja17;22;9153;9405;-24;-191,8;252;255000
vpja17;22;9457;9713;-6,5;-9,79999999999995;256;2,55e+08
vpja17;22;9740;9825;-29,7;47,6;85;2,55e+08
vpja17;22;9878;10000;-297,3;164,9;122;255
vpja17;23;206;339;-358,5;-35,9000000000001;133;255000
vpja17;23;359;611;-413,2;-24,2;252;0
vpja17;23;678;730;-387,6;223,8;52;2,55e+08
vpja17;23;944;1166;-395,2;72,5999999999999;222;2,55e+08
vpja17;23;1200;1494;-426;154,4;294;2,55e+08
vpja17;23;1567;1731;155,6;195,6;164;255255000
vpja17;23;1793;2137;-327,1;122,7;344;2,55e+08
vpja17;23;2186;2243;-390,6;-26,5;57;255000
vpja17;23;2370;2523;-400,7;-45,2;153;0
vpja17;23;2576;2775;-414;165,5;199;2,55e+08
vpja17;23;2827;3012;-383;-98,5000000000001;185;255000
vpja17;23;3036;3262;-414;-62;226;255000
vpja17;23;3290;3615;-464,1;-125,6;325;0
vpja17;23;3649;3865;-644,9;-161,6;216;NA
vpja17;23;3901;4092;-659,1;-344,2;191;NA
vpja17;23;4109;4258;-659,7;-381,8;149;NA
vpja17;23;4343;4567;-84,6999999999999;-351,1;224;0
vpja17;23;4618;4777;3,40000000000009;-159,5;159;0
vpja17;23;4857;5060;579,2;-99,2;203;0
vpja17;23;5083;5383;530,5;-80,3000000000001;300;0
vpja17;23;5409;5612;525;-148,5;203;0
vpja17;23;5831;6000;391,9;53,3;169;0
vpja17;23;6037;6231;261,3;15,9;194;0
vpja17;23;6277;6476;379,2;186,3;199;0
vpja17;23;6485;6858;391,1;194,4;373;0
vpja17;23;6940;7161;-39,3;62,5999999999999;221;0
vpja17;23;7187;7490;-121,6;58,5999999999999;303;0
vpja17;23;7540;7659;-376,7;-72,1;119;255000
vpja17;23;7807;7998;-418,6;-56,1;191;0
vpja17;23;8008;8163;-421,4;-63,9000000000001;155;0
vpja17;23;8193;8590;-467,1;-130,3;397;0
vpja17;23;8634;8826;-641;-145,6;192;NA
vpja17;23;8841;8932;-642,5;-166;91;NA
vpja17;23;9098;9362;-381,4;-16,3000000000001;264;255000
vpja17;23;9406;9600;-461,6;-115,2;194;0
vpja17;23;9631;9970;-385,9;-27,6;339;255000
vpja17;24;244;520;-47;-240,1;276;255000
vpja17;24;660;728;-75,6;-284,1;68;255000
vpja17;24;783;896;-258,2;-158,7;113;0
vpja17;24;922;1177;-302,2;-100,5;255;0
vpja17;24;1234;1375;-79,1;-326,3;141;255000
vpja17;24;1405;1671;-147,4;-378,7;266;0
vpja17;24;1699;1898;-76,8000000000001;-404,1;199;0
vpja17;24;1992;2157;312,2;215;165;255255000
vpja17;24;2180;2348;293,6;253,5;168;255255000
vpja17;24;2358;2688;305,1;262,1;330;0
vpja17;24;2713;3139;363;201,8;426;255255000
vpja17;24;3216;3382;299,4;-42,7;166;0
vpja17;24;3403;3690;266,1;-71,2;287;0
vpja17;24;3733;4024;485,1;-87,2;291;0
vpja17;24;4115;4291;-233,2;-105,6;176;0
vpja17;24;4313;4834;-286,8;-106,6;521;0
vpja17;24;4895;5031;-447,7;253,1;136;255
vpja17;24;5062;5249;-523,4;286,8;187;0
vpja17;24;5266;5437;-549,6;269;171;0
vpja17;24;5510;5748;-43,2;-27,4;238;2,55e+08
vpja17;24;5770;6019;15,9;-57,6;249;2,55e+08
vpja17;24;6051;6275;83,5999999999999;64,5;224;2,55e+08
vpja17;24;6292;6577;102,9;86,8;285;2,55e+08
vpja17;24;6624;6828;-134,5;60,9;204;2,55e+08
vpja17;24;6980;7410;-146,1;68,8;430;2,55e+08
vpja17;24;7447;7699;-23,6;97,9;252;0
vpja17;24;7758;7911;-53;-202,6;153;2,55e+08
vpja17;24;7934;8473;-34,7;-138,5;539;2,55e+08
vpja17;24;8514;8755;-61,3000000000001;-262,6;241;255000
vpja17;24;8766;9030;-60,8000000000001;-243;264;255000
vpja17;24;9063;9251;-65,5;-299,2;188;255000
vpja17;24;9268;9468;-87,4000000000001;-301,1;200;255000
vpja17;24;9490;9708;-65,3000000000001;-259,6;218;255000
vpja17;24;9724;9999;-66,9000000000001;-285,4;275;255000
vpja17;25;247;359;-104;-300,8;112;2,55e+08
vpja17;25;515;982;-99,6999999999999;-338;467;255000
vpja17;25;1108;1229;-93,3;-284,7;121;2,55e+08
vpja17;25;1286;1509;-87,6;-71,7;223;2,55e+08
vpja17;25;1565;1738;-414,4;-258,5;173;0
vpja17;25;1766;1986;-474,1;-369,8;220;0
vpja17;25;2012;2171;-508,5;-438,6;159;0
vpja17;25;2209;2389;-321,8;-392,1;180;0
vpja17;25;2405;2695;-304,3;-366,3;290;0
vpja17;25;2720;2863;-237,1;-369,3;143;0
vpja17;25;2932;3062;146,2;-355,2;130;0
vpja17;25;3124;3283;485,9;-230,8;159;0
vpja17;25;3314;3567;471,1;-161,3;253;0
vpja17;25;3621;3806;333,9;88,1;185;255
vpja17;25;3837;4250;264;208,8;413;255
vpja17;25;4288;4907;259,3;294,5;619;0
vpja17;25;4987;5011;-362,8;232,1;24;0
vpja17;25;5193;5291;-500,1;217,4;98;255255000
vpja17;25;5316;5508;-527,4;279,5;192;0
vpja17;25;5519;5690;-525,4;272,4;171;0
vpja17;25;5729;5894;-473,3;181,2;165;255255000
vpja17;25;5921;6347;-394,8;241,1;426;255255000
vpja17;25;6379;6516;-456,2;179,1;137;255255000
vpja17;25;6578;6770;-117;68,9;192;2,55e+08
vpja17;25;6814;7059;-101,6;-76,5;245;2,55e+08
vpja17;25;7079;7330;-101,1;-132,6;251;2,55e+08
vpja17;25;7347;7559;-92,8;-160,8;212;2,55e+08
vpja17;25;7610;7751;-112,4;-312,2;141;2,55e+08
vpja17;25;7775;7989;-100;-356,1;214;255000
vpja17;25;7996;8475;-96,8;-343,3;479;255000
vpja17;25;8511;8647;-68,1;-413,3;136;255000
vpja17;25;8668;8902;-101,1;-373,9;234;255000
vpja17;25;8911;9425;-94,5;-352,9;514;255000
vpja17;25;9434;9708;-94,3;-344,1;274;255000
vpja17;25;9751;10000;-141;-262,3;249;2,55e+08
vpja17;26;257;473;-20;-250,9;216;255000
vpja17;26;660;931;-22,2;-243,3;271;255000
vpja17;26;970;1274;-7,30000000000007;-118,1;304;2,55e+08
vpja17;26;1309;1457;108,7;-15,4;148;2,55e+08
vpja17;26;1504;1741;-6,5;-255,7;237;255000
vpja17;26;1762;1817;-20,7;-276,4;55;255000
vpja17;26;1904;2053;40,1;504,2;149;NA
vpja17;26;2085;2311;5;461,2;226;0
vpja17;26;2376;2633;237,2;140,6;257;255
vpja17;26;2652;2846;259,5;107,6;194;255
vpja17;26;2895;3056;508,9;10,1;161;0
vpja17;26;3134;3263;7,29999999999995;420,1;129;0
vpja17;26;3297;3546;-127,2;463,1;249;0
vpja17;26;3588;4008;100,4;469,6;420;0
vpja17;26;4049;4224;-103,1;460,9;175;2,55e+08
vpja17;26;4255;4360;-194,3;456,6;105;0
vpja17;26;4418;4634;-365,6;174,7;216;0
vpja17;26;4668;4874;-409,9;162,9;206;0
vpja17;26;4920;5069;-519,5;1,19999999999993;149;0
vpja17;26;5107;5371;-625,8;54,1;264;0
vpja17;26;5388;6145;-597,9;45,5;757;0
vpja17;26;6155;6927;-603,8;61;772;0
vpja17;26;6935;7207;-608,3;47,6;272;0
vpja17;26;7320;7488;551;-45,3000000000001;168;0
vpja17;26;7526;7647;605,2;55,4;121;0
vpja17;26;7846;7939;516,9;-209;93;0
vpja17;26;8004;8148;48,4;-249,5;144;0
vpja17;26;8174;8451;-14,2;-259,4;277;255000
vpja17;26;8532;8681;-564;46,5;149;0
vpja17;26;8710;8893;-624,2;62,1999999999999;183;0
vpja17;26;8920;9109;-647,6;121,8;189;NA
vpja17;26;9196;9490;206,6;71,4;294;0
vpja17;26;9537;9897;-4,30000000000007;17,5;360;2,55e+08
vpja17;26;9947;10000;226,4;79,8;53;255
