vp;trial;timest;timeend;x;y;duration;roi
vpja31;1;305;550;-68;-162,7;245;255000
vpja31;1;609;875;41,8;-375,5;266;0
vpja31;1;897;1154;68,2;-398,3;257;0
vpja31;1;1198;1370;207,9;-399,8;172;0
vpja31;1;1442;1635;463,1;12,4000000000001;193;0
vpja31;1;1697;1827;146,1;149,3;130;0
vpja31;1;1868;2063;22,3;154,1;195;0
vpja31;1;2277;2468;-21;176,8;191;255
vpja31;1;2520;2682;-146,6;280,3;162;0
vpja31;1;2721;3157;-15,6;165,6;436;0
vpja31;1;3219;3431;-329,5;84,6;212;255255000
vpja31;1;3493;3705;-87,4;-178,3;212;255000
vpja31;1;3721;4272;-64,4;-168,5;551;255000
vpja31;1;4322;4546;-22,7;-4,39999999999998;224;2,55e+08
vpja31;1;4571;4701;-53,7;10,8000000000001;130;2,55e+08
vpja31;1;4771;5043;-454,6;-197,9;272;0
vpja31;1;5068;5460;-464,4;-150,3;392;0
vpja31;1;5510;5834;-408,9;4,20000000000005;324;0
vpja31;1;5886;6285;-442,5;208,6;399;0
vpja31;1;6302;6554;-447,8;217,1;252;0
vpja31;1;6609;6787;-184;297,5;178;0
vpja31;1;6810;7165;-196,2;334,4;355;0
vpja31;1;7183;7595;-191,8;305,9;412;0
vpja31;1;7634;7925;-65,1;261,5;291;0
vpja31;1;7950;8234;-14,6;268;284;0
vpja31;1;8449;8551;7,89999999999998;297,7;102;0
vpja31;1;8573;8700;-28,7;269,7;127;0
vpja31;1;8775;8982;484,9;27,9000000000001;207;0
vpja31;1;9022;9162;625,5;-3,19999999999993;140;0
vpja31;1;9187;9318;653,9;49,4000000000001;131;NA
vpja31;1;9390;9535;295,5;-396,5;145;0
vpja31;1;9585;9770;120;-380,2;185;0
vpja31;1;9811;10000;13,9;-450,2;189;0
vpja31;2;39;344;23,4915626822971;-26,2943177153782;305;255
vpja31;2;417;555;-449,108437317703;-149,794317715378;138;255000
vpja31;2;577;710;-431,808437317703;-148,294317715378;133;255000
vpja31;2;781;1004;78,091562682297;-412,494317715378;223;0
vpja31;2;1079;1264;-454,308437317703;-154,494317715378;185;255000
vpja31;2;1326;1652;-298,208437317703;173,205682284622;326;255255000
vpja31;2;1683;1909;-309,008437317703;90,4056822846219;226;255255000
vpja31;2;1976;2054;-78,9084373177029;350,805682284622;78;0
vpja31;2;2116;2321;260,491562682297;370,705682284622;205;0
vpja31;2;2370;2521;404,391562682297;327,205682284622;151;0
vpja31;2;2576;2713;593,591562682297;250,605682284622;137;0
vpja31;2;2781;3001;548,291562682297;-281,994317715378;220;0
vpja31;2;3047;3244;476,491562682297;-173,394317715378;197;0
vpja31;2;3306;3657;561,991562682297;-448,394317715378;351;0
vpja31;2;3701;3772;417,791562682297;-419,094317715378;71;0
vpja31;2;3971;4160;54,9915626822971;-385,094317715378;189;0
vpja31;2;4179;4426;61,791562682297;-414,794317715378;247;0
vpja31;2;4459;4779;167,491562682297;-429,894317715378;320;0
vpja31;2;4835;4999;16,891562682297;-401,194317715378;164;0
vpja31;2;5011;5120;20,6915626822971;-385,294317715378;109;0
vpja31;2;5184;5367;-268,608437317703;-469,194317715378;183;0
vpja31;2;5423;5646;-135,308437317703;-251,394317715378;223;0
vpja31;2;5697;6025;3,09156268229708;-266,394317715378;328;0
vpja31;2;6071;6310;-202,508437317703;-278,394317715378;239;0
vpja31;2;6373;6544;62,791562682297;20,2056822846218;171;0
vpja31;2;6569;7267;33,291562682297;4,0056822846218;698;255
vpja31;2;7316;7504;-216,708437317703;80,4056822846219;188;255255000
vpja31;2;7538;7835;-310,708437317703;97,2056822846218;297;255255000
vpja31;2;7857;8125;-350,608437317703;102,105682284622;268;255255000
vpja31;2;8182;8298;-441,808437317703;-157,694317715378;116;255000
vpja31;2;8314;8593;-426,308437317703;-140,394317715378;279;255000
vpja31;2;8601;9119;-424,808437317703;-143,394317715378;518;255000
vpja31;2;9227;9344;-523,408437317703;485,105682284622;117;NA
vpja31;2;9371;9998;-526,108437317703;428,505682284622;627;0
vpja31;3;348;502;150,9;-228,5;154;255000
vpja31;3;519;812;174,8;-221,6;293;255000
vpja31;3;830;1168;202;-229,7;338;255000
vpja31;3;1234;1379;-111,6;-357,4;145;0
vpja31;3;1403;1720;-67,7;-367,5;317;0
vpja31;3;1754;2070;-185,5;-370;316;0
vpja31;3;2093;2210;-211,5;-365;117;0
vpja31;3;2274;2437;-431,5;-195;163;0
vpja31;3;2500;2659;-117,2;-358,1;159;0
vpja31;3;2724;2802;246,6;-416,8;78;0
vpja31;3;2857;3057;465;-384,7;200;0
vpja31;3;3086;3603;424,5;-330,2;517;0
vpja31;3;3643;3900;572;-406,2;257;0
vpja31;3;4103;4282;349;199,2;179;255
vpja31;3;4312;5188;423,5;256,2;876;255
vpja31;3;5221;5326;362,9;189;105;255
vpja31;3;5425;5618;-587,1;324,6;193;0
vpja31;3;5645;6020;-540,6;334,5;375;0
vpja31;3;6078;6255;-502,6;72,6;177;255255000
vpja31;3;6308;6507;-339,2;-6,19999999999993;199;255255000
vpja31;3;6523;6979;-361,4;15,3000000000001;456;255255000
vpja31;3;7018;7327;-389,3;-106,7;309;0
vpja31;3;7381;7653;-457,4;-267,3;272;0
vpja31;3;7680;7795;-498;-276,4;115;0
vpja31;3;7862;8139;-73,8;-158,1;277;0
vpja31;3;8161;8328;-99,1;-196;167;0
vpja31;3;8347;8515;-109,2;-226,4;168;0
vpja31;3;8540;8929;-52,5;-227,9;389;0
vpja31;3;8942;9186;-36,1;-218,5;244;0
vpja31;3;9223;9548;-149,7;-218,1;325;0
vpja31;3;9601;9930;-63,3;-386,1;329;0
vpja31;3;9964;10000;-162,3;-367,4;36;0
vpja31;4;256;500;-175,1;-229,8;244;255000
vpja31;4;516;804;-208,8;-223,8;288;255000
vpja31;4;877;1102;332,3;-95,5;225;0
vpja31;4;1120;1279;297,3;-98,8;159;0
vpja31;4;1344;1504;-46,4000000000001;36,8000000000001;160;255
vpja31;4;1530;1682;-72,8000000000001;57,2;152;255
vpja31;4;1876;2799;-48,3000000000001;53,7;923;255
vpja31;4;2881;3227;-518,5;38;346;255255000
vpja31;4;3255;3487;-590,6;74,5;232;0
vpja31;4;3517;3698;-481,5;107,6;181;255255000
vpja31;4;3760;3973;-291,1;342,1;213;0
vpja31;4;4024;4251;-95,4000000000001;268,2;227;2,55e+08
vpja31;4;4265;4738;-90,7;285,1;473;0
vpja31;4;4759;4926;-74,3000000000001;269,7;167;0
vpja31;4;4997;5238;392,5;48,1;241;0
vpja31;4;5295;5476;560,3;-123,3;181;0
vpja31;4;5500;5835;598,8;-169,6;335;0
vpja31;4;5849;5952;598,5;-147,7;103;0
vpja31;4;6009;6181;481,5;-401,5;172;0
vpja31;4;6192;6394;475,4;-385,7;202;0
vpja31;4;6409;6606;497,6;-380;197;0
vpja31;4;6616;6748;482,3;-383,3;132;0
vpja31;4;6805;7011;200,1;-443;206;0
vpja31;4;7083;7814;-188,7;-220;731;255000
vpja31;4;7871;8141;-334,1;-44,9;270;0
vpja31;4;8183;8621;-493,2;-92,2;438;255255000
vpja31;4;8648;8798;-513,6;-37,1;150;255255000
vpja31;4;8845;8933;-611,4;90,3000000000001;88;0
vpja31;4;9093;9257;-565;69,4;164;0
vpja31;4;9286;9498;-526,3;36,2;212;255255000
vpja31;4;9588;9835;297,5;-77,5;247;0
vpja31;4;9866;10000;417,1;-75;134;0
vpja31;5;264;581;164,8;-292,1;317;255000
vpja31;5;602;887;117,4;-298,2;285;255000
vpja31;5;932;1045;300,4;-223,7;113;0
vpja31;5;1084;1386;143,2;-297;302;255000
vpja31;5;1493;1698;174,5;273,5;205;255
vpja31;5;1724;1891;163,2;325,5;167;255
vpja31;5;2133;2300;138,7;293,1;167;255
vpja31;5;2313;2795;126,1;308,9;482;255
vpja31;5;2853;3012;352,2;272,2;159;2,55e+08
vpja31;5;3059;3163;193,3;294,7;104;255
vpja31;5;3226;3498;543;168,4;272;0
vpja31;5;3522;3725;590,2;162;203;0
vpja31;5;3793;4169;493,1;-177,6;376;0
vpja31;5;4270;4432;-325,5;260,1;162;0
vpja31;5;4470;5332;-382,4;298,8;862;255255000
vpja31;5;5366;5555;-446,8;256,5;189;255255000
vpja31;5;5623;5985;-486,1;-198,5;362;0
vpja31;5;6011;6219;-551,3;-181,4;208;0
vpja31;5;6241;6435;-588,5;-175,6;194;0
vpja31;5;6500;6788;-141,3;-235,4;288;0
vpja31;5;6842;7187;-294,8;-239,7;345;0
vpja31;5;7234;7602;-518,7;-296;368;0
vpja31;5;7666;7812;-133,9;-274,2;146;0
vpja31;5;7869;8004;139,3;-307;135;255000
vpja31;5;8022;8322;120;-294,2;300;255000
vpja31;5;8362;8598;155;-406,1;236;255000
vpja31;5;8622;9099;137,9;-446,7;477;255000
vpja31;5;9138;9300;255,4;-374,6;162;0
vpja31;5;9369;9736;372,1;-55,6;367;2,55e+08
vpja31;5;9776;9979;177,7;-104,6;203;2,55e+08
vpja31;6;244;349;-117,5;-224,1;105;255000
vpja31;6;374;530;-99,7;-196;156;255000
vpja31;6;544;902;-83,3000000000001;-195,1;358;255000
vpja31;6;926;1125;-109,3;-159,8;199;255000
vpja31;6;1154;1273;-210,1;-169,4;119;255000
vpja31;6;1350;1582;225,9;224,6;232;255
vpja31;6;1642;1780;340,2;-45,6;138;0
vpja31;6;1805;1999;408,5;7,89999999999998;194;0
vpja31;6;2018;2103;417,7;40,1;85;0
vpja31;6;2159;2382;239,7;254;223;0
vpja31;6;2403;2553;265,7;261,2;150;0
vpja31;6;2581;2910;193,8;239,3;329;0
vpja31;6;2940;3188;275,3;279,1;248;0
vpja31;6;3232;3517;285,4;503,8;285;NA
vpja31;6;3530;3646;303,3;490,1;116;NA
vpja31;6;3716;3916;-201,9;339,2;200;0
vpja31;6;3936;4230;-186,2;366,2;294;0
vpja31;6;4259;4722;-148,1;287,5;463;0
vpja31;6;4756;4893;-66,2;244,1;137;2,55e+08
vpja31;6;4938;5163;225,4;242,3;225;0
vpja31;6;5186;5558;263,7;256,9;372;0
vpja31;6;5620;5895;397,1;-88,6;275;0
vpja31;6;5918;6148;344,3;-118,3;230;0
vpja31;6;6221;6357;-102,3;-402,5;136;0
vpja31;6;6422;6605;-463,3;-322,8;183;0
vpja31;6;6636;6783;-374,3;-336,1;147;0
vpja31;6;6849;7023;-569,5;-27,6;174;0
vpja31;6;7053;7368;-483,5;18,4;315;0
vpja31;6;7418;7554;-238;-115,2;136;2,55e+08
vpja31;6;7601;7863;-91,9000000000001;-178,6;262;255000
vpja31;6;7881;7986;-78,1;-198,3;105;255000
vpja31;6;8181;8369;-216,1;-158,4;188;255000
vpja31;6;8402;8799;-83,9000000000001;-125,2;397;255000
vpja31;6;8833;9077;-175,2;-156,9;244;2,55e+08
vpja31;6;9110;9228;-189,5;-86;118;2,55e+08
vpja31;6;9268;9920;-170,4;-2,20000000000005;652;2,55e+08
vpja31;6;9957;10000;-189,2;-110,9;43;2,55e+08
vpja31;7;285;599;-11,5708185053379;-273,65231316726;314;255000
vpja31;7;673;793;331,329181494662;78,9476868327403;120;255255000
vpja31;7;845;966;306,329181494662;-108,75231316726;121;0
vpja31;7;1028;1420;-8,970818505338;-280,45231316726;392;255000
vpja31;7;1482;1678;-218,970818505338;-96,4523131672597;196;0
vpja31;7;1700;1903;-237,470818505338;-102,55231316726;203;0
vpja31;7;1961;2282;-437,970818505338;-52,2523131672597;321;0
vpja31;7;2335;2818;-237,570818505338;85,1476868327403;483;255
vpja31;7;2840;3324;-211,170818505338;112,34768683274;484;255
vpja31;7;3400;3574;292,629181494662;89,4476868327403;174;255255000
vpja31;7;3609;3948;410,229181494662;80,5476868327403;339;0
vpja31;7;3957;4173;392,829181494662;80,3476868327402;216;0
vpja31;7;4200;4431;445,329181494662;60,7476868327403;231;0
vpja31;7;4450;4716;415,129181494662;70,9476868327403;266;0
vpja31;7;4758;5013;544,029181494662;-20,1523131672598;255;0
vpja31;7;5047;5259;502,629181494662;-129,45231316726;212;0
vpja31;7;5284;5567;535,629181494662;-98,7523131672597;283;0
vpja31;7;5599;5784;490,829181494662;-174,15231316726;185;0
vpja31;7;5824;6083;339,129181494662;-235,95231316726;259;0
vpja31;7;6123;6387;401,529181494662;-322,15231316726;264;0
vpja31;7;6453;6655;21,529181494662;-435,65231316726;202;0
vpja31;7;6679;7203;-25,970818505338;-419,45231316726;524;0
vpja31;7;7223;7405;-14,270818505338;-440,35231316726;182;0
vpja31;7;7497;7675;321,429181494662;50,9476868327403;178;0
vpja31;7;7703;7911;383,629181494662;83,8476868327402;208;0
vpja31;7;7948;8128;475,329181494662;177,94768683274;180;255255000
vpja31;7;8168;8412;636,529181494662;210,24768683274;244;0
vpja31;7;8441;8710;588,829181494662;268,24768683274;269;0
vpja31;7;8866;9164;-525,270818505338;29,9476868327403;298;0
vpja31;7;9206;9337;-397,870818505338;-114,45231316726;131;0
vpja31;7;9386;9766;-232,070818505338;-122,95231316726;380;0
vpja31;7;9821;10000;-200,770818505338;86,0476868327403;179;255
vpja31;8;295;564;-124,2;-299,7;269;255000
vpja31;8;587;701;-174,3;-306,3;114;255000
vpja31;8;723;1074;-192,1;-303,9;351;255000
vpja31;8;1100;1186;-133,3;-310,1;86;255000
vpja31;8;1395;1513;-377,9;229,5;118;0
vpja31;8;1555;1831;-431,9;309,1;276;255
vpja31;8;1852;2103;-459,6;344,4;251;255
vpja31;8;2116;2400;-480,7;367,1;284;255
vpja31;8;2478;2647;-189,4;-265,7;169;255000
vpja31;8;2670;3011;-178,9;-291,1;341;255000
vpja31;8;3038;3389;-112;-297,8;351;255000
vpja31;8;3422;3713;-170,3;-291,9;291;255000
vpja31;8;3806;4220;-442,2;300,6;414;255
vpja31;8;4316;4475;302,1;303,7;159;255255000
vpja31;8;4498;4693;269,1;284,5;195;255255000
vpja31;8;4757;5055;544;90,5;298;0
vpja31;8;5078;5233;523,7;56,7;155;0
vpja31;8;5305;5666;489,5;-328;361;0
vpja31;8;5677;5873;500,4;-337,1;196;0
vpja31;8;5908;6212;417,1;-428,9;304;0
vpja31;8;6221;6776;408,1;-438,8;555;0
vpja31;8;6795;7000;434,3;-439,3;205;0
vpja31;8;7075;7314;264,3;-85,9;239;0
vpja31;8;7337;7503;274,8;-45,9;166;0
vpja31;8;7530;7735;279,5;-106,8;205;0
vpja31;8;7776;7981;289,6;-14,2;205;0
vpja31;8;7997;8184;275,7;4,29999999999995;187;0
vpja31;8;8256;8503;266,5;-450,3;247;0
vpja31;8;8514;8644;247,8;-450,8;130;0
vpja31;8;8684;9238;414,1;-440;554;0
vpja31;8;9255;9413;442,3;-434,9;158;0
vpja31;8;9458;9733;497,5;-339;275;0
vpja31;8;9742;10000;508,9;-342,4;258;0
vpja31;9;229;367;82,0000000000001;-221,7;138;255000
vpja31;9;391;748;83,8000000000001;-237,2;357;255000
vpja31;9;773;1079;130,5;-237,3;306;255000
vpja31;9;1151;1379;387,9;143,8;228;255
vpja31;9;1402;1520;429;155;118;255
vpja31;9;1547;1691;366,3;169,9;144;255
vpja31;9;1719;1976;415,1;233,8;257;255
vpja31;9;1995;2214;447,3;215,1;219;255
vpja31;9;2256;2440;276;151,7;184;255
vpja31;9;2457;2640;241,4;139,7;183;255
vpja31;9;2728;3098;-431,2;201,3;370;255255000
vpja31;9;3126;3415;-491,5;198,4;289;255255000
vpja31;9;3469;3681;-500,1;-0,899999999999977;212;0
vpja31;9;3710;3890;-413,2;-53,6;180;0
vpja31;9;3913;4237;-403,4;-82,9;324;0
vpja31;9;4263;4448;-373,5;-40,7;185;0
vpja31;9;4510;4736;-479,7;-327,2;226;0
vpja31;9;4770;5066;-398,4;-362,6;296;0
vpja31;9;5170;5289;-549,9;20;119;0
vpja31;9;5343;5611;-436,6;221,8;268;255255000
vpja31;9;5705;5846;394,9;299,7;141;0
vpja31;9;5880;6044;423,6;211,9;164;255
vpja31;9;6065;6244;439,9;247;179;255
vpja31;9;6256;6333;419;254,9;77;255
vpja31;9;6537;6661;67,9;-230,4;124;255000
vpja31;9;6678;6898;89,1;-242,6;220;255000
vpja31;9;6924;7128;144,2;-232,5;204;255000
vpja31;9;7139;7429;126,1;-232,1;290;255000
vpja31;9;7449;8095;91,4;-238,3;646;255000
vpja31;9;8120;8789;134,1;-233,2;669;255000
vpja31;9;8851;9046;168,3;49,9;195;0
vpja31;9;9075;9310;82,6;14,6999999999999;235;2,55e+08
vpja31;9;9392;9732;473,6;238,7;340;255
vpja31;9;9754;10000;442,4;253,6;246;255
vpja31;10;265;395;105,1;-150,1;130;255000
vpja31;10;408;689;120,6;-133,8;281;255000
vpja31;10;909;1068;125;-113,5;159;255000
vpja31;10;1103;1332;245,2;-138,2;229;0
vpja31;10;1362;1605;158,9;-124,8;243;255000
vpja31;10;1675;1850;375,8;293,6;175;255
vpja31;10;1885;2054;293,5;371,7;169;255
vpja31;10;2108;2262;481,8;313,2;154;255
vpja31;10;2273;2410;467,8;322,2;137;255
vpja31;10;2458;2705;450,7;169;247;255
vpja31;10;2725;2941;450;143,1;216;0
vpja31;10;3005;3185;651,5;448,4;180;NA
vpja31;10;3212;3294;575,5;433,2;82;0
vpja31;10;3376;3556;-116,6;286,9;180;255255000
vpja31;10;3597;3730;-195,5;315,3;133;255255000
vpja31;10;3751;3901;-219,8;302,6;150;255255000
vpja31;10;3930;4065;-128,6;304,1;135;255255000
vpja31;10;4087;4469;-149;329,2;382;255255000
vpja31;10;4502;4852;-240;317,5;350;0
vpja31;10;4951;5218;-430,9;-68,7;267;0
vpja31;10;5245;5464;-468,7;-137,3;219;0
vpja31;10;5524;5718;-343,7;-380,9;194;0
vpja31;10;5765;5938;-262,7;-310,6;173;0
vpja31;10;6000;6155;-462,1;-150,8;155;0
vpja31;10;6164;6449;-456,9;-137,9;285;0
vpja31;10;6512;6647;-268,8;-408,9;135;0
vpja31;10;6673;7154;-224,5;-369,4;481;0
vpja31;10;7212;7275;-50,2;-305,4;63;0
vpja31;10;7327;7454;120,1;-253,9;127;0
vpja31;10;7479;7687;70,5;-276,2;208;0
vpja31;10;7742;7857;219,2;-146,6;115;0
vpja31;10;7894;8014;148,2;-129,1;120;255000
vpja31;10;8027;8568;140,6;-114,1;541;255000
vpja31;10;8596;8905;229,1;-140,2;309;0
vpja31;10;8977;9114;485;168;137;255
vpja31;10;9134;9445;455,4;189,7;311;255
vpja31;10;9505;9703;678,8;297,6;198;NA
vpja31;10;9733;9829;652,2;353,2;96;NA
vpja31;11;52;208;19,2;-11,4000000000001;156;0
vpja31;11;264;363;-112,7;-205,8;99;255000
vpja31;11;381;549;-110,4;-181,1;168;255000
vpja31;11;561;1171;-103,1;-190;610;255000
vpja31;11;1236;1459;75,3;71,6999999999999;223;255
vpja31;11;1483;1705;99,7;80;222;255
vpja31;11;1715;1873;82,8;91,5;158;255
vpja31;11;1930;2164;329,9;-36,1;234;0
vpja31;11;2188;2345;355,1;-74,9000000000001;157;0
vpja31;11;2407;2948;605;-237,2;541;0
vpja31;11;2956;3222;618,9;-236,4;266;0
vpja31;11;3264;3429;627,9;-156,9;165;0
vpja31;11;3503;3687;623,7;296,7;184;0
vpja31;11;3713;3849;615,3;338,4;136;0
vpja31;11;4056;4517;-295,3;120,7;461;0
vpja31;11;4539;4671;-348,5;114;132;0
vpja31;11;4732;4915;-123,2;-169,7;183;255000
vpja31;11;4935;5653;-110,5;-177,1;718;255000
vpja31;11;5725;6014;83,2;94;289;255
vpja31;11;6059;6205;285,5;-20,9000000000001;146;0
vpja31;11;6269;6579;-122,6;-173,3;310;255000
vpja31;11;6589;7374;-105,7;-183;785;255000
vpja31;11;7429;7714;-172,5;-4,60000000000002;285;2,55e+08
vpja31;11;7772;8277;-377,8;115,5;505;0
vpja31;11;8345;8802;-471,5;-310,2;457;0
vpja31;11;8894;9046;287,7;-17,6;152;0
vpja31;11;9077;9476;354,7;-69;399;0
vpja31;11;9521;9729;454,6;-111;208;0
vpja31;11;9783;10000;598,9;-239,8;217;0
vpja31;12;273;511;100,8;-301,5;238;255000
vpja31;12;525;764;116,3;-306,6;239;255000
vpja31;12;836;990;465,8;76,6;154;255
vpja31;12;1058;1462;106,1;-294,5;404;255000
vpja31;12;1534;1678;490,2;21,5;144;0
vpja31;12;1701;2072;482,9;56,7;371;255
vpja31;12;2093;2375;467,1;77,1;282;255
vpja31;12;2392;2494;484,4;58,2;102;255
vpja31;12;2562;2756;114,1;-290,7;194;255000
vpja31;12;2769;3697;106,5;-306;928;255000
vpja31;12;3722;3925;78;-277,7;203;255000
vpja31;12;3945;4229;100,8;-264,7;284;255000
vpja31;12;4303;4637;497,7;49,5;334;255
vpja31;12;4665;4949;502,3;-3,39999999999998;284;0
vpja31;12;4973;5049;462,3;13,1;76;255
vpja31;12;5265;5482;448,3;32,5;217;255
vpja31;12;5506;6403;491,6;30,3;897;255
vpja31;12;6485;6729;-141,4;34,8;244;255255000
vpja31;12;6753;6780;-165,5;30,1;27;255255000
vpja31;12;6830;7088;-26,0999999999999;-11,4;258;0
vpja31;12;7145;7400;-213,7;51,8;255;255255000
vpja31;12;7452;7819;-77,4;-3,89999999999998;367;255255000
vpja31;12;7891;8354;-457,1;95,4;463;0
vpja31;12;8385;8710;-405,9;37,5;325;0
vpja31;12;8792;8992;-161,2;128,3;200;0
vpja31;12;9057;9168;107,7;221,1;111;0
vpja31;12;9233;9435;444,7;54,7;202;255
vpja31;12;9459;9681;490,8;39,4;222;255
vpja31;12;9708;9894;511,1;-4,79999999999995;186;0
vpja31;12;9930;10000;611,2;-15,5;70;0
vpja31;13;33;114;0,100000000000023;-9,29999999999995;81;0
vpja31;13;310;404;-290;-164,9;94;255000
vpja31;13;431;535;-315,2;-208,9;104;255000
vpja31;13;559;1052;-286,5;-205,3;493;255000
vpja31;13;1080;1153;-316,7;-157,4;73;255000
vpja31;13;1235;1438;124;238,9;203;255
vpja31;13;1475;2428;106,5;286,3;953;255
vpja31;13;2447;2645;142,3;286,2;198;255
vpja31;13;2666;3004;107,2;273,9;338;255
vpja31;13;3028;3469;61,7;283,6;441;255
vpja31;13;3496;3814;110,9;277,3;318;255
vpja31;13;3840;4175;155,8;277,2;335;255
vpja31;13;4434;4682;124,8;286,9;248;255
vpja31;13;4765;5091;-467,6;342,4;326;255255000
vpja31;13;5107;5398;-496,7;360,3;291;255255000
vpja31;13;5420;5653;-495;381,4;233;255255000
vpja31;13;5727;5962;93,2;309,5;235;255
vpja31;13;5984;6187;119,6;299,5;203;255
vpja31;13;6270;6468;615,3;-60,8;198;0
vpja31;13;6480;6627;593,5;-56,3;147;0
vpja31;13;6680;6890;427,6;43,4000000000001;210;0
vpja31;13;6959;7076;231;-261,5;117;0
vpja31;13;7154;7277;-384,4;-255,2;123;255000
vpja31;13;7334;7708;-573,4;-178,7;374;0
vpja31;13;7734;7870;-550;-130,9;136;0
vpja31;13;7937;8100;-316,7;-416,6;163;255000
vpja31;13;8155;8810;-206,7;-287,1;655;0
vpja31;13;8869;8992;-331,1;-163,7;123;255000
vpja31;13;9019;9116;-299,6;-195,2;97;255000
vpja31;13;9151;9607;-268,4;-196;456;255000
vpja31;13;9630;9897;-289,2;-170,3;267;255000
vpja31;14;217;344;-60,6999999999999;-94,2;127;255000
vpja31;14;357;904;-86;-90,1;547;255000
vpja31;14;965;1099;-327,6;112,5;134;0
vpja31;14;1147;1570;-466,8;187,7;423;0
vpja31;14;1639;1812;-410,6;-322,7;173;0
vpja31;14;1839;2095;-453,3;-368,5;256;0
vpja31;14;2159;2414;-95;-381,4;255;0
vpja31;14;2466;2599;41,2;-380,3;133;0
vpja31;14;2630;2819;-46,6;-392,8;189;0
vpja31;14;2839;3234;-77,4;-390,2;395;0
vpja31;14;3246;3549;-87,6;-397,6;303;0
vpja31;14;3746;3872;-76,6;-372,4;126;0
vpja31;14;3950;4162;138,3;96,8;212;255255000
vpja31;14;4181;4570;128,5;99;389;255255000
vpja31;14;4625;5170;339,7;21,4;545;0
vpja31;14;5184;5461;324,7;5,5;277;0
vpja31;14;5482;5679;350,9;3,10000000000002;197;0
vpja31;14;5695;6253;327,5;20,2;558;0
vpja31;14;6271;7122;330,8;-0,5;851;0
vpja31;14;7187;7440;621,4;60,9;253;0
vpja31;14;7463;7660;571,6;24;197;0
vpja31;14;7715;8051;326,8;7,10000000000002;336;0
vpja31;14;8118;8232;-62,1;-104,4;114;255000
vpja31;14;8248;8918;-84,5;-95,9;670;255000
vpja31;14;8974;9301;-164,7;145,3;327;2,55e+08
vpja31;14;9354;9509;-332,9;129,8;155;0
vpja31;14;9557;9763;-260,5;253,5;206;2,55e+08
vpja31;14;9815;9921;-94,6999999999999;373,3;106;0
vpja31;14;9942;10000;-112,1;356,5;58;0
vpja31;15;308;471;-12,9;-283,5;163;255000
vpja31;15;489;1236;-33,4;-299,1;747;255000
vpja31;15;1303;1465;-190,2;2,79999999999995;162;0
vpja31;15;1496;1740;-121,8;3,5;244;0
vpja31;15;1787;1998;-232,9;-15,9;211;255
vpja31;15;2018;2345;-258;-35,2;327;255
vpja31;15;2380;2539;-208,9;-107;159;0
vpja31;15;2587;2792;-220,4;-243,5;205;0
vpja31;15;2814;3080;-236,9;-219,5;266;0
vpja31;15;3117;3285;-135,1;-298,4;168;0
vpja31;15;3366;3625;-227,6;131,2;259;0
vpja31;15;3681;3785;-279,5;323,8;104;0
vpja31;15;3828;4074;-333,4;404,4;246;0
vpja31;15;4088;4272;-335,6;419,5;184;0
vpja31;15;4331;4553;-92,9;388,1;222;0
vpja31;15;4603;4886;75,8;358,5;283;2,55e+08
vpja31;15;4926;5136;128,4;286,8;210;0
vpja31;15;5166;5287;204,6;295,8;121;0
vpja31;15;5351;5460;480,2;338;109;0
vpja31;15;5525;5777;528,4;-61,3;252;0
vpja31;15;5806;6012;467,6;-85,3;206;0
vpja31;15;6068;6215;490,1;-290,4;147;0
vpja31;15;6231;6379;461,6;-301,8;148;0
vpja31;15;6575;6831;463,6;-235,4;256;0
vpja31;15;6877;7111;495,5;-117,1;234;0
vpja31;15;7137;7473;512,7;-167,9;336;0
vpja31;15;7528;7779;278,4;-271,1;251;0
vpja31;15;7815;7998;275,7;-404,6;183;0
vpja31;15;8065;8324;299,9;-43,3;259;0
vpja31;15;8351;8909;206,7;-58,9;558;0
vpja31;15;8974;9111;1,69999999999993;-319,4;137;255000
vpja31;15;9135;9432;-19,6;-296,7;297;255000
vpja31;15;9455;9694;-39,3000000000001;-292,6;239;255000
vpja31;15;9750;9966;-199,3;-245,8;216;0
vpja31;16;276;552;118,8;-160,9;276;255000
vpja31;16;572;774;144,9;-166,8;202;255000
vpja31;16;797;1099;86,9999999999999;-168;302;255000
vpja31;16;1177;1302;51,3;303,1;125;255
vpja31;16;1330;1651;52,5;240,9;321;255
vpja31;16;1661;2271;46,8;263,3;610;255
vpja31;16;2335;2572;268;498,6;237;NA
vpja31;16;2596;2901;262,3;467,7;305;2,55e+08
vpja31;16;2959;3196;45,1999999999999;262,2;237;255
vpja31;16;3263;3408;127,3;-169,6;145;255000
vpja31;16;3424;3608;104,7;-173,3;184;255000
vpja31;16;3635;3957;158,5;-166,1;322;255000
vpja31;16;3986;4357;89,1;-153,7;371;255000
vpja31;16;4367;4590;87,4;-163,4;223;255000
vpja31;16;4650;4764;214,7;31,1;114;2,55e+08
vpja31;16;4793;5011;146,5;56,3000000000001;218;2,55e+08
vpja31;16;5034;5274;140,4;25,7;240;2,55e+08
vpja31;16;5353;5620;-392,1;110,4;267;255255000
vpja31;16;5642;5720;-404,5;105;78;255255000
vpja31;16;5939;6045;-382,2;132,9;106;255255000
vpja31;16;6113;6345;88,9;-165;232;255000
vpja31;16;6408;6554;408,7;-288,6;146;0
vpja31;16;6577;6837;425,2;-310,9;260;0
vpja31;16;6909;7042;610,7;-58,9;133;0
vpja31;16;7110;7546;605,6;362,6;436;0
vpja31;16;7566;7936;560,5;354,9;370;0
vpja31;16;8123;8463;120,6;-158,9;340;255000
vpja31;16;8484;8852;151,9;-160,8;368;255000
vpja31;16;8879;9255;123,6;-109,7;376;255000
vpja31;16;9270;9580;112,1;-127,3;310;255000
vpja31;16;9643;9741;70,3000000000001;174,1;98;0
vpja31;16;9782;9939;55,3;254,1;157;255
vpja31;16;9953;10000;55,4;236,1;47;255
vpja31;17;274;404;-132,3;-141,7;130;2,55e+08
vpja31;17;422;1347;-162,4;-159,9;925;255000
vpja31;17;1418;1559;4,29999999999995;191,5;141;2,55e+08
vpja31;17;1604;1786;-17,5;302,9;182;2,55e+08
vpja31;17;1813;2021;-25,3000000000001;262,8;208;2,55e+08
vpja31;17;2066;2147;-78,3000000000001;369;81;0
vpja31;17;2223;2453;423,6;332,8;230;255
vpja31;17;2480;2700;477,4;319,2;220;255
vpja31;17;2744;2989;500,2;396,3;245;0
vpja31;17;3015;3187;420,6;382,1;172;0
vpja31;17;3241;3498;239,2;323,5;257;0
vpja31;17;3546;3744;498,7;233,7;198;255
vpja31;17;3786;3875;511,4;322,2;89;255
vpja31;17;3959;4171;-154,7;-140,7;212;255000
vpja31;17;4195;5251;-161,1;-154,5;1056;255000
vpja31;17;5320;5493;-474,2;-17,5;173;255255000
vpja31;17;5540;5733;-405,9;99;193;0
vpja31;17;5789;5959;-524,1;288,8;170;0
vpja31;17;5988;6327;-416;302;339;0
vpja31;17;6524;6716;-169,1;-135;192;255000
vpja31;17;6737;7631;-161,8;-159,5;894;255000
vpja31;17;7724;7941;461,6;263,4;217;255
vpja31;17;7968;8493;503,6;294,1;525;255
vpja31;17;8519;8714;561,5;284,2;195;0
vpja31;17;8772;8967;410,5;110,3;195;0
vpja31;17;9027;9143;521,5;313,7;116;255
vpja31;17;9225;9440;122,4;-359,1;215;0
vpja31;17;9468;9653;51,1999999999999;-363,9;185;0
vpja31;17;9678;9877;-5,10000000000002;-365,5;199;0
vpja31;17;9936;10000;-166,7;-176,7;64;255000
vpja31;18;231;352;56,6;-232,4;121;255000
vpja31;18;373;936;71,5;-259,6;563;255000
vpja31;18;950;1179;98,7;-261,8;229;255000
vpja31;18;1262;1682;303,2;138,1;420;255
vpja31;18;1706;1963;343,2;167,5;257;0
vpja31;18;1989;2171;309,5;201,7;182;255
vpja31;18;2251;2418;114,7;-254,2;167;255000
vpja31;18;2435;2701;88,9;-259,8;266;255000
vpja31;18;2727;3098;99,5999999999999;-223,2;371;255000
vpja31;18;3123;3337;101;-264,5;214;255000
vpja31;18;3403;3535;440,5;-191,2;132;0
vpja31;18;3596;3856;128;-246,6;260;255000
vpja31;18;3934;4129;298,9;154,3;195;255
vpja31;18;4152;4311;315,5;134,1;159;255
vpja31;18;4391;4889;-317,8;161,5;498;255255000
vpja31;18;4914;5219;-265,3;171,4;305;255255000
vpja31;18;5242;5380;-299,1;157,9;138;255255000
vpja31;18;5587;5780;-307,3;-319,4;193;0
vpja31;18;5841;6136;-299,7;141;295;255255000
vpja31;18;6190;6416;-160,2;236,4;226;0
vpja31;18;6466;6679;-280,6;166,7;213;255255000
vpja31;18;6758;6950;-303,4;-323,3;192;0
vpja31;18;7003;7264;-136,7;-267,1;261;0
vpja31;18;7333;7656;244,2;-313,8;323;0
vpja31;18;7684;7939;328,6;-381,1;255;0
vpja31;18;7992;8124;474,2;-400,2;132;0
vpja31;18;8186;8738;572;-126,8;552;0
vpja31;18;8803;9617;295,5;120,3;814;255
vpja31;18;9650;9917;333,5;196,8;267;0
vpja31;19;204;443;61,3;-50,9;239;255000
vpja31;19;452;860;51,9;-52,9;408;255000
vpja31;19;910;1079;-29;80,9;169;255
vpja31;19;1103;1276;-51,2;79,9;173;255
vpja31;19;1301;1463;-27,5;102,2;162;255
vpja31;19;1516;2230;51,1999999999999;-61,8;714;255000
vpja31;19;2241;2913;61,5;-66;672;255000
vpja31;19;2968;3078;-1,10000000000002;119,6;110;255
vpja31;19;3103;3538;-27,1;79,8;435;255
vpja31;19;3579;3740;44,1;-64,6;161;255000
vpja31;19;3824;4047;-559,3;101,7;223;0
vpja31;19;4065;4313;-543,9;117,5;248;0
vpja31;19;4536;4705;-567,9;138,9;169;0
vpja31;19;4755;5020;-551,2;314,8;265;0
vpja31;19;5032;5154;-542,5;323,2;122;0
vpja31;19;5242;5435;74,8;440,9;193;2,55e+08
vpja31;19;5463;5743;188,3;454,4;280;0
vpja31;19;5814;6036;631;456,9;222;0
vpja31;19;6100;6238;322,6;133,8;138;0
vpja31;19;6258;6621;320;155,2;363;255255000
vpja31;19;6688;6848;386;-187,7;160;0
vpja31;19;6871;7044;343,5;-192,5;173;0
vpja31;19;7073;7339;413,6;-204,7;266;0
vpja31;19;7363;7635;416;-165;272;0
vpja31;19;7662;7829;344,8;-175,8;167;0
vpja31;19;7840;8053;334;-186,5;213;0
vpja31;19;8087;8396;179,9;-198,1;309;0
vpja31;19;8447;8633;9,60000000000002;-210,1;186;0
vpja31;19;8650;9196;-17,1;-207,1;546;0
vpja31;19;9210;9458;-46,5;-207,3;248;0
vpja31;19;9484;9593;20,4;-191,2;109;0
vpja31;19;9640;9831;52,5;-52,3;191;255000
vpja31;19;9841;10000;48,5;-48,7;159;255000
vpja31;20;284;405;-45,6;-66,3000000000001;121;2,55e+08
vpja31;20;463;600;-42,6;-342,4;137;255000
vpja31;20;622;1046;-66,5;-347;424;255000
vpja31;20;1060;1396;-44,6;-346,7;336;255000
vpja31;20;1417;1571;-59,3000000000001;-346,8;154;255000
vpja31;20;1685;1866;-356,6;182,9;181;255
vpja31;20;1908;2412;-401,2;256,6;504;255
vpja31;20;2670;2811;-53,3000000000001;57;141;2,55e+08
vpja31;20;2866;3023;-48,8000000000001;-151,4;157;2,55e+08
vpja31;20;3078;3195;-46,4;-350,8;117;255000
vpja31;20;3211;3379;-54,2;-339,4;168;255000
vpja31;20;3447;3711;-431;-264,7;264;0
vpja31;20;3735;3879;-403,3;-285,4;144;0
vpja31;20;3932;4160;-437,7;-446,4;228;0
vpja31;20;4237;4423;141,4;-340,8;186;0
vpja31;20;4495;4684;499;-231,7;189;0
vpja31;20;4732;5000;594,7;-163,3;268;0
vpja31;20;5027;5119;547,8;-145,2;92;0
vpja31;20;5183;5336;371,4;140,2;153;255255000
vpja31;20;5378;5647;266,9;203,1;269;255255000
vpja31;20;5697;5833;344,7;334;136;0
vpja31;20;5919;6190;-350,2;261,1;271;255
vpja31;20;6269;6513;186,9;191,2;244;255255000
vpja31;20;6586;6708;-25,4;-287,2;122;255000
vpja31;20;6746;7610;-58,3000000000001;-353,1;864;255000
vpja31;20;7704;7905;-340,6;122;201;0
vpja31;20;7940;8205;-362,6;152,1;265;255
vpja31;20;8433;8607;-61,5;-325,1;174;255000
vpja31;20;8632;9252;-52,1;-358,4;620;255000
vpja31;20;9322;9464;-2,60000000000002;56,4;142;2,55e+08
vpja31;20;9505;9716;-29;127,7;211;0
vpja31;20;9773;9955;-21,6;-110,5;182;2,55e+08
vpja31;21;573;736;442,847038327526;306,008710801394;163;0
vpja31;21;763;906;434,347038327526;358,208710801394;143;0
vpja31;21;995;1176;-391,752961672474;310,608710801394;181;255255000
vpja31;21;1229;1310;-530,752961672474;358,408710801394;81;255255000
vpja31;21;1493;1753;-11,2529616724739;-396,891289198606;260;255000
vpja31;21;1771;1923;-19,352961672474;-414,491289198606;152;255000
vpja31;21;1950;2158;40,3470383275261;-417,591289198606;208;255000
vpja31;21;2186;2472;-27,2529616724739;-420,091289198606;286;255000
vpja31;21;2556;2963;424,647038327526;295,108710801394;407;0
vpja31;21;3054;3328;-398,352961672474;302,408710801394;274;255255000
vpja31;21;3363;3525;-272,152961672474;236,608710801394;162;255255000
vpja31;21;3589;3836;-561,752961672474;340,008710801394;247;255255000
vpja31;21;3874;3986;-486,752961672474;349,508710801394;112;255255000
vpja31;21;4044;4168;-239,152961672474;207,508710801394;124;255255000
vpja31;21;4250;4375;-61,852961672474;-323,191289198606;125;2,55e+08
vpja31;21;4417;4517;-25,352961672474;-399,191289198606;100;255000
vpja31;21;4584;4801;-386,852961672474;-324,691289198606;217;0
vpja31;21;4826;5041;-373,552961672474;-287,491289198606;215;0
vpja31;21;5076;5325;-326,352961672474;-385,591289198606;249;0
vpja31;21;5387;5584;-4,45296167247386;-401,891289198606;197;255000
vpja31;21;5610;5860;45,2470383275261;-407,691289198606;250;255000
vpja31;21;5920;6345;260,647038327526;-272,191289198606;425;0
vpja31;21;6449;6660;434,747038327526;278,208710801394;211;0
vpja31;21;6697;6888;428,647038327526;342,808710801394;191;0
vpja31;21;6912;7981;459,747038327526;378,008710801394;1069;0
vpja31;21;7994;8226;438,447038327526;363,308710801394;232;0
vpja31;21;8261;8382;472,647038327526;352,508710801394;121;0
vpja31;21;8473;8555;621,447038327526;70,9087108013937;82;0
vpja31;21;8621;8775;333,847038327526;-236,191289198606;154;0
vpja31;21;8808;9062;379,647038327526;-333,591289198606;254;0
vpja31;21;9115;9329;221,147038327526;-287,191289198606;214;0
vpja31;21;9395;9616;568,847038327526;-200,591289198606;221;0
vpja31;21;9666;9927;651,947038327526;-92,4912891986063;261;NA
vpja31;22;248;431;-211,40206185567;-212,82852233677;183;255000
vpja31;22;453;1098;-265,60206185567;-205,02852233677;645;2,55e+08
vpja31;22;1189;1376;-147,10206185567;408,27147766323;187;0
vpja31;22;1405;1750;-135,40206185567;350,47147766323;345;255
vpja31;22;1809;2008;-458,10206185567;315,57147766323;199;255255000
vpja31;22;2074;2246;-290,30206185567;-196,22852233677;172;2,55e+08
vpja31;22;2270;2624;-258,50206185567;-200,22852233677;354;2,55e+08
vpja31;22;2651;2840;-216,60206185567;-160,72852233677;189;2,55e+08
vpja31;22;2864;3055;-248,50206185567;-171,62852233677;191;2,55e+08
vpja31;22;3078;3271;-248,20206185567;-203,12852233677;193;255000
vpja31;22;3326;3512;-37,30206185567;-215,22852233677;186;0
vpja31;22;3571;3997;-243,40206185567;-203,32852233677;426;255000
vpja31;22;4022;4111;-216,50206185567;-195,82852233677;89;255000
vpja31;22;4356;4462;110,69793814433;-236,02852233677;106;0
vpja31;22;4524;4711;-176,50206185567;-219,22852233677;187;0
vpja31;22;4746;5024;-24,2020618556701;-226,22852233677;278;0
vpja31;22;5091;5341;319,39793814433;-340,72852233677;250;0
vpja31;22;5364;5599;307,39793814433;-308,22852233677;235;0
vpja31;22;5669;5884;-60,00206185567;-234,22852233677;215;0
vpja31;22;5901;6014;-43,1020618556701;-228,72852233677;113;0
vpja31;22;6064;6198;-209,40206185567;-199,22852233677;134;255000
vpja31;22;6234;6666;-255,60206185567;-205,22852233677;432;2,55e+08
vpja31;22;6749;6933;-423,80206185567;309,87147766323;184;255255000
vpja31;22;6966;7356;-453,00206185567;305,67147766323;390;255255000
vpja31;22;7416;8004;-136,40206185567;347,17147766323;588;255
vpja31;22;8082;8343;-252,40206185567;-200,22852233677;261;255000
vpja31;22;8368;8457;-271,20206185567;-186,12852233677;89;2,55e+08
vpja31;22;8650;8756;-239,00206185567;-217,22852233677;106;255000
vpja31;22;8770;9617;-246,20206185567;-213,02852233677;847;255000
vpja31;22;9640;10000;-206,10206185567;-210,82852233677;360;255000
vpja31;23;249;388;16,6;-272,9;139;255000
vpja31;23;413;799;26,9000000000001;-300,2;386;255000
vpja31;23;823;1231;73,3000000000001;-303;408;255000
vpja31;23;1256;1394;20,9000000000001;-293,8;138;255000
vpja31;23;1632;1888;329,5;178,2;256;255
vpja31;23;1909;2511;346,3;198;602;0
vpja31;23;2534;2582;346,1;168,5;48;0
vpja31;23;2652;2918;58,5;-270,6;266;255000
vpja31;23;2980;3031;-185,4;-119,5;51;0
vpja31;23;3086;3481;14,4000000000001;-297,5;395;255000
vpja31;23;3507;3766;46,9000000000001;-297,7;259;255000
vpja31;23;3848;3957;-293,6;136,6;109;0
vpja31;23;3988;4364;-318;116,6;376;255255000
vpja31;23;4384;4656;-313,7;127,9;272;0
vpja31;23;4722;4858;44,1;-34,2;136;2,55e+08
vpja31;23;4915;5102;3,20000000000005;-312,4;187;255000
vpja31;23;5114;5452;16,6;-305,8;338;255000
vpja31;23;5504;5663;-91,9;-432,3;159;0
vpja31;23;5684;5920;-106,1;-418,1;236;0
vpja31;23;5999;6225;-497,5;-454,7;226;0
vpja31;23;6316;6486;289,5;-420,8;170;0
vpja31;23;6548;6739;380,9;-159,3;191;0
vpja31;23;6795;6945;532,1;8;150;0
vpja31;23;6998;7119;639,7;185;121;0
vpja31;23;7174;7406;566,6;423,5;232;0
vpja31;23;7431;7569;639,1;421,4;138;0
vpja31;23;7631;7983;313,2;200,2;352;255
vpja31;23;8001;8606;326,5;182,4;605;255
vpja31;23;8677;8821;49,1;-283,8;144;255000
vpja31;23;8840;9288;28,1;-300,9;448;255000
vpja31;23;9311;9681;71,8000000000001;-308;370;255000
vpja31;23;9708;10000;17,6;-311,5;292;255000
vpja31;24;242;449;-3,18509090909095;-262,185818181818;207;255000
vpja31;24;466;728;-20,6850909090909;-282,185818181818;262;255000
vpja31;24;803;1005;-304,385090909091;103,414181818182;202;255
vpja31;24;1037;1355;-334,885090909091;90,2141818181818;318;255
vpja31;24;1414;1574;-581,685090909091;52,9141818181819;160;0
vpja31;24;1629;1876;-315,285090909091;83,7141818181818;247;255
vpja31;24;1956;2110;256,714909090909;118,314181818182;154;255255000
vpja31;24;2143;3077;294,714909090909;116,114181818182;934;255255000
vpja31;24;3092;3453;278,814909090909;109,514181818182;361;255255000
vpja31;24;3522;3756;-0,285090909090854;-262,085818181818;234;255000
vpja31;24;3779;4159;-11,6850909090909;-294,485818181818;380;255000
vpja31;24;4181;4505;10,5149090909091;-296,285818181818;324;255000
vpja31;24;4581;4824;-281,885090909091;41,8141818181819;243;0
vpja31;24;4857;5196;-308,985090909091;51,9141818181819;339;255
vpja31;24;5238;5349;-437,685090909091;34,7141818181818;111;0
vpja31;24;5394;5598;-287,985090909091;68,3141818181819;204;255
vpja31;24;5617;5944;-312,485090909091;74,8141818181819;327;255
vpja31;24;6180;6245;3,11490909090912;-294,385818181818;65;255000
vpja31;24;6267;6426;-11,4850909090909;-278,285818181818;159;255000
vpja31;24;6444;6857;5,61490909090912;-292,085818181818;413;255000
vpja31;24;6873;7167;16,6149090909091;-288,485818181818;294;255000
vpja31;24;7186;7910;-11,0850909090909;-299,185818181818;724;255000
vpja31;24;7987;8092;262,714909090909;63,7141818181818;105;0
vpja31;24;8129;8769;304,414909090909;118,414181818182;640;0
vpja31;24;8814;8975;99,0149090909091;3,31418181818185;161;2,55e+08
vpja31;24;9034;10000;-3,68509090909095;-276,185818181818;966;255000
vpja31;25;62;209;16,1000000000001;17,9;147;2,55e+08
vpja31;25;265;479;-7,99999999999989;-238,3;214;255000
vpja31;25;504;750;-47,1999999999998;-254,9;246;255000
vpja31;25;782;926;-15,5999999999999;-253,4;144;255000
vpja31;25;941;1219;1,10000000000014;-254,8;278;255000
vpja31;25;1245;1361;-46,3999999999999;-259,1;116;255000
vpja31;25;1438;1905;-410,1;268,2;467;255
vpja31;25;1928;2161;-416,8;247;233;255
vpja31;25;2250;2386;417,7;218,7;136;255255000
vpja31;25;2411;2549;450,3;194,6;138;255255000
vpja31;25;2590;2743;453,2;291,2;153;255255000
vpja31;25;2988;3410;434,2;236,7;422;255255000
vpja31;25;3489;3730;12,5000000000001;-263,1;241;255000
vpja31;25;3765;4342;-41,2999999999998;-262,7;577;255000
vpja31;25;4445;4569;-426,5;322,5;124;255
vpja31;25;4610;5171;-401;269,8;561;255
vpja31;25;5191;5533;-411,2;242,3;342;255
vpja31;25;5571;5781;-402;96,8;210;0
vpja31;25;5827;6058;-471,3;64;231;0
vpja31;25;6100;6190;-412,8;101,9;90;0
vpja31;25;6280;6460;124,7;-416,8;180;0
vpja31;25;6492;6807;223,8;-400,3;315;0
vpja31;25;6858;7127;353,2;-340,4;269;0
vpja31;25;7140;7232;353,9;-325,1;92;0
vpja31;25;7320;7498;480,2;186,4;178;255255000
vpja31;25;7515;7858;460,9;207,5;343;255255000
vpja31;25;7893;8524;446,6;282,6;631;255255000
vpja31;25;8547;8886;457,6;241,2;339;255255000
vpja31;25;8906;9051;440,2;275,5;145;255255000
vpja31;25;9082;9257;525,4;291,1;175;0
vpja31;25;9283;9493;443,4;330,3;210;255255000
vpja31;25;9506;9740;450,9;312,9;234;255255000
vpja31;25;9766;9977;527,5;326;211;0
vpja31;26;363;508;304,2;40,3000000000001;145;255
vpja31;26;582;725;-282,8;-186,2;143;255000
vpja31;26;757;977;-258,4;-216,6;220;255000
vpja31;26;990;1676;-260,7;-235,3;686;255000
vpja31;26;1736;1864;-238,7;212,3;128;255255000
vpja31;26;1891;2070;-253,2;168;179;255255000
vpja31;26;2145;3007;270;40,2;862;255
vpja31;26;3095;3252;-209,1;-190,1;157;255000
vpja31;26;3277;3678;-234,1;-224;401;255000
vpja31;26;3876;4066;-272,1;-239,5;190;255000
vpja31;26;4084;4146;-284,8;-227,3;62;255000
vpja31;26;4182;4395;-230,1;-221,3;213;255000
vpja31;26;4453;4682;-421;-287,9;229;0
vpja31;26;4736;4830;-558,3;-336,4;94;0
vpja31;26;4868;5071;-604,6;-302,7;203;0
vpja31;26;5116;5551;-558,4;-409,6;435;0
vpja31;26;5600;5841;-605,8;-286,6;241;0
vpja31;26;5862;6050;-600,8;-314,9;188;0
vpja31;26;6101;6323;-643,6;-172,6;222;NA
vpja31;26;6377;6514;-421,4;-281,6;137;0
vpja31;26;6574;6869;-113,5;-218,7;295;0
vpja31;26;6943;7240;382,6;-164,4;297;0
vpja31;26;7296;7648;624,7;-209,9;352;0
vpja31;26;7681;7864;560,5;-131,3;183;0
vpja31;26;7928;8268;299,8;33;340;255
vpja31;26;8291;8436;277;58,7;145;255
vpja31;26;8506;8871;634,9;323,1;365;0
vpja31;26;8894;9036;650,9;353,6;142;NA
vpja31;26;9132;9344;-285,2;201,9;212;0
vpja31;26;9370;9685;-261,5;175,1;315;255255000
vpja31;26;9709;9977;-230,7;172;268;255255000
