vp;trial;timest;timeend;x;y;duration;roi
vpja25;1;281;351;-73,8;-82,4;70;2,55e+08
vpja25;1;383;517;-76,5999999999999;-192,8;134;255000
vpja25;1;536;961;-112,2;-192,9;425;0
vpja25;1;1006;1134;-189,4;12,6;128;2,55e+08
vpja25;1;1184;1429;-281,9;158,3;245;2,55e+08
vpja25;1;1494;1777;-116,5;-219,8;283;255000
vpja25;1;1787;2479;-118,7;-202,2;692;0
vpja25;1;2544;2770;320,5;-397,1;226;0
vpja25;1;2801;2884;407,4;-367,6;83;0
vpja25;1;2939;3069;564,1;-200,8;130;0
vpja25;1;3110;3322;615,9;-136,7;212;0
vpja25;1;3363;3545;420,3;26,3000000000001;182;0
vpja25;1;3578;3885;292,4;26,8000000000001;307;0
vpja25;1;3942;3998;53,3000000000001;198,6;56;0
vpja25;1;4167;4314;13,3000000000001;103,9;147;255255000
vpja25;1;4337;4691;-4,79999999999995;66,1;354;255255000
vpja25;1;4771;5196;-421,2;26,7;425;255
vpja25;1;5235;5323;-418,8;90,4000000000001;88;0
vpja25;1;5369;5604;-282,3;133,6;235;2,55e+08
vpja25;1;5662;5877;-134,1;-57,3;215;2,55e+08
vpja25;1;5932;6065;-76,5;-199,6;133;255000
vpja25;1;6084;6329;-95,4;-218,4;245;255000
vpja25;1;6336;6857;-106;-216;521;255000
vpja25;1;7078;7284;308,8;-114,8;206;0
vpja25;1;7329;7598;387,3;-54,6;269;0
vpja25;1;7627;7797;288,4;-43,3;170;0
vpja25;1;7869;8100;-95,1999999999999;-210,3;231;255000
vpja25;1;8110;8431;-104,8;-208,9;321;255000
vpja25;1;8507;8758;278,6;-417,9;251;0
vpja25;1;8785;8920;355,1;-376;135;0
vpja25;1;8983;9117;570;-147,4;134;0
vpja25;1;9150;9646;600,1;-112,3;496;0
vpja25;1;9712;9825;301,4;128,2;113;0
vpja25;1;9882;10000;36,9000000000001;166,2;118;0
vpja25;2;233;324;-194,3;-135,8;91;2,55e+08
vpja25;2;352;708;-213,5;-186,7;356;0
vpja25;2;786;950;-304,2;314,1;164;0
vpja25;2;997;1139;-436,6;340,2;142;0
vpja25;2;1163;1586;-473,1;330,7;423;0
vpja25;2;1648;1924;-141,9;328,5;276;255255000
vpja25;2;1960;2155;-190;216,8;195;2,55e+08
vpja25;2;2225;2384;-200,6;-197;159;255000
vpja25;2;2394;3090;-205,3;-194,1;696;0
vpja25;2;3122;3376;-175,7;-212,3;254;255000
vpja25;2;3474;3596;-294,3;83,9000000000001;122;2,55e+08
vpja25;2;3629;4018;-429,5;271,4;389;255
vpja25;2;4055;4191;-382,3;193;136;0
vpja25;2;4270;4523;-104,6;-143;253;2,55e+08
vpja25;2;4554;4841;-21,1;-204,6;287;0
vpja25;2;4856;5671;-20,2;-238,1;815;0
vpja25;2;5692;5906;-63,8;-219,3;214;0
vpja25;2;5924;6300;-75,1;-202,3;376;0
vpja25;2;6328;6684;-7,10000000000002;-216,1;356;0
vpja25;2;6710;7093;-18,9;-162,6;383;0
vpja25;2;7124;7189;10,8;-208,8;65;0
vpja25;2;7212;7456;-30;-221,2;244;0
vpja25;2;7494;7781;94,0999999999999;-233,4;287;0
vpja25;2;7834;8381;288;-314,1;547;0
vpja25;2;8403;8574;238,9;-292,7;171;0
vpja25;2;8766;8990;197,2;-235,1;224;0
vpja25;2;9066;9253;442,9;51,4000000000001;187;0
vpja25;2;9271;9572;410,8;58,8000000000001;301;0
vpja25;2;9631;10000;194,6;-171,5;369;0
vpja25;3;187;490;-65,5;-92,3;303;2,55e+08
vpja25;3;553;679;13,5;212,8;126;0
vpja25;3;720;1022;216,2;247,2;302;0
vpja25;3;1040;1172;240,7;257,7;132;0
vpja25;3;1247;1371;-142,8;336,1;124;255255000
vpja25;3;1396;1763;-162;347,1;367;255255000
vpja25;3;1825;1939;-110,9;-65,3;114;2,55e+08
vpja25;3;1986;2229;-73,4;-155,3;243;255000
vpja25;3;2252;2494;-65,8;-118,9;242;2,55e+08
vpja25;3;2558;2636;-107;173,7;78;0
vpja25;3;2674;2996;-111,4;236,6;322;2,55e+08
vpja25;3;3062;3603;205,5;25,6;541;0
vpja25;3;3647;3698;73,7;-70,5;51;0
vpja25;3;3750;3943;11,1;-184,8;193;0
vpja25;3;4015;4348;-403,9;-142,5;333;0
vpja25;3;4400;4725;-146,5;-125,3;325;2,55e+08
vpja25;3;4763;4906;-75;-105,7;143;2,55e+08
vpja25;3;5065;5293;-55,8;-129,4;228;2,55e+08
vpja25;3;5311;5578;-75,6;-166,5;267;255000
vpja25;3;5878;5937;614,5;-287,5;59;0
vpja25;3;6035;6076;-180,5;-152,1;41;2,55e+08
vpja25;3;6227;6628;-160,5;-153,2;401;2,55e+08
vpja25;3;6649;6976;-144,3;-175,3;327;255000
vpja25;3;7007;7407;-66,2;-187,3;400;255000
vpja25;3;7428;7645;-89,5;-157,9;217;255000
vpja25;3;7723;7925;-99;263,6;202;2,55e+08
vpja25;3;7950;8158;-85,5;232,6;208;2,55e+08
vpja25;3;8182;8534;-137,9;243,3;352;2,55e+08
vpja25;3;8583;8810;-153,1;-68,2;227;2,55e+08
vpja25;3;8836;8966;-189,6;-0,700000000000045;130;2,55e+08
vpja25;3;8990;9161;-193,1;29,4;171;2,55e+08
vpja25;3;9284;9415;-141,8;-178,6;131;255000
vpja25;3;9452;9783;-200,2;-152,9;331;2,55e+08
vpja25;3;9829;10000;-64,7;-147,5;171;255000
vpja25;4;193;283;8,80037531682137;-112,511771937527;90;2,55e+08
vpja25;4;322;530;-15,7996246831786;-196,311771937527;208;255000
vpja25;4;603;784;-426,399624683179;238,988228062473;181;255
vpja25;4;808;993;-473,699624683179;217,288228062473;185;255
vpja25;4;1030;1113;-460,899624683179;274,288228062473;83;255
vpja25;4;1197;1747;-3,19962468317863;-180,311771937527;550;255000
vpja25;4;1773;2227;66,4003753168213;-182,011771937527;454;255000
vpja25;4;2254;2727;9,60037531682133;-196,311771937527;473;255000
vpja25;4;2811;3122;279,300375316821;239,388228062473;311;255255000
vpja25;4;3184;3335;5,30037531682137;152,988228062473;151;2,55e+08
vpja25;4;3371;3643;-61,7996246831786;158,188228062473;272;2,55e+08
vpja25;4;3690;3906;-6,09962468317872;-158,911771937527;216;255000
vpja25;4;3926;4301;-4,59962468317872;-196,911771937527;375;255000
vpja25;4;4324;4480;31,0003753168213;-199,411771937527;156;255000
vpja25;4;4568;4743;-384,399624683179;247,088228062473;175;255
vpja25;4;4768;4977;-427,499624683179;228,488228062473;209;255
vpja25;4;5015;5200;-421,899624683179;303,388228062473;185;255
vpja25;4;5225;5674;-377,399624683179;292,488228062473;449;255
vpja25;4;5702;6006;-422,699624683179;360,388228062473;304;0
vpja25;4;6226;6551;341,400375316821;241,988228062473;325;255255000
vpja25;4;6572;6925;337,900375316821;218,788228062473;353;255255000
vpja25;4;7014;7174;-7,69962468317863;-180,411771937527;160;255000
vpja25;4;7196;7430;-16,9996246831787;-213,011771937527;234;255000
vpja25;4;7438;7731;-22,5996246831787;-224,811771937527;293;255000
vpja25;4;7817;7982;-395,899624683179;181,588228062473;165;255
vpja25;4;8014;8253;-432,499624683179;196,988228062473;239;255
vpja25;4;8293;8516;-430,099624683179;275,488228062473;223;255
vpja25;4;8617;8749;268,200375316821;245,888228062473;132;255255000
vpja25;4;8788;8929;333,400375316821;245,588228062473;141;255255000
vpja25;4;9108;9387;443,500375316821;86,3882280624732;279;0
vpja25;4;9457;9618;58,0003753168213;-170,711771937527;161;2,55e+08
vpja25;4;9644;10000;12,7003753168214;-204,511771937527;356;255000
vpja25;5;166;291;-64,0579310344827;-36,564827586207;125;2,55e+08
vpja25;5;314;533;-79,5579310344827;-79,664827586207;219;255000
vpja25;5;597;901;170,242068965517;151,635172413793;304;255
vpja25;5;915;1112;171,942068965517;131,935172413793;197;255
vpja25;5;1189;1364;-371,257931034483;171,335172413793;175;255255000
vpja25;5;1399;1618;-420,457931034483;165,135172413793;219;255255000
vpja25;5;1651;2137;-503,457931034483;163,935172413793;486;255255000
vpja25;5;2156;2657;-516,657931034483;181,135172413793;501;0
vpja25;5;2689;3122;-406,857931034483;178,435172413793;433;255255000
vpja25;5;3165;3442;-487,257931034483;196,635172413793;277;255255000
vpja25;5;3459;3694;-505,757931034483;190,935172413793;235;0
vpja25;5;3718;4440;-443,157931034483;166,535172413793;722;255255000
vpja25;5;4521;4686;-119,657931034483;-15,7648275862069;165;2,55e+08
vpja25;5;4754;5068;-393,857931034483;-301,864827586207;314;0
vpja25;5;5139;5221;-60,8579310344827;-321,464827586207;82;0
vpja25;5;5376;5432;-80,2579310344827;-210,664827586207;56;0
vpja25;5;5481;5720;-109,057931034483;-77,164827586207;239;255000
vpja25;5;5802;6073;371,542068965517;68,535172413793;271;0
vpja25;5;6107;6285;402,142068965517;109,735172413793;178;0
vpja25;5;6362;6481;-58,9579310344827;-71,364827586207;119;255000
vpja25;5;6504;6912;-97,5579310344827;-70,264827586207;408;255000
vpja25;5;6978;7299;-61,4579310344827;173,535172413793;321;0
vpja25;5;7349;7598;-103,357931034483;338,835172413793;249;2,55e+08
vpja25;5;7675;7918;-107,657931034483;-45,164827586207;243;2,55e+08
vpja25;5;7985;8284;146,142068965517;137,435172413793;299;0
vpja25;5;8355;8572;-81,8579310344827;-18,664827586207;217;2,55e+08
vpja25;5;8737;8910;-25,9579310344827;-332,664827586207;173;0
vpja25;5;9001;9197;-161,757931034483;135,035172413793;196;0
vpja25;5;9246;9411;-66,4579310344827;235,835172413793;165;2,55e+08
vpja25;5;9462;9668;163,242068965517;172,335172413793;206;0
vpja25;5;9694;9893;187,442068965517;147,135172413793;199;255
vpja25;5;9928;10000;151,542068965517;222,935172413793;72;0
vpja25;6;290;584;-570,796551724138;225,710344827586;294;0
vpja25;6;668;761;-122,996551724138;-271,189655172414;93;0
vpja25;6;796;993;-61,4965517241379;-245,889655172414;197;0
vpja25;6;1014;1646;-84,7965517241379;-284,389655172414;632;0
vpja25;6;1701;1949;-87,7965517241379;-132,989655172414;248;2,55e+08
vpja25;6;2004;2212;-64,8965517241379;-255,289655172414;208;0
vpja25;6;2304;2616;386,503448275862;184,810344827586;312;0
vpja25;6;2694;2965;56,5034482758621;397,510344827586;271;0
vpja25;6;3028;3282;-197,996551724138;254,310344827586;254;0
vpja25;6;3310;3469;-271,696551724138;273,710344827586;159;0
vpja25;6;3520;3676;-404,796551724138;325,610344827586;156;0
vpja25;6;3723;3962;-501,096551724138;407,110344827586;239;255
vpja25;6;4045;4209;-540,796551724138;-48,1896551724137;164;0
vpja25;6;4262;4355;-368,096551724138;-129,289655172414;93;0
vpja25;6;4421;4556;-544,596551724138;168,710344827586;135;255
vpja25;6;4600;4851;-545,296551724138;302,410344827586;251;255
vpja25;6;4873;5138;-584,296551724138;282,710344827586;265;0
vpja25;6;5235;5408;-430,696551724138;-135,689655172414;173;0
vpja25;6;5458;5691;-310,696551724138;-177,389655172414;233;0
vpja25;6;5735;5930;-216,896551724138;-165,189655172414;195;0
vpja25;6;5975;6284;-65,696551724138;-247,089655172414;309;0
vpja25;6;6470;6561;-55,096551724138;-245,989655172414;91;255000
vpja25;6;6651;6986;167,003448275862;367,910344827586;335;255255000
vpja25;6;7078;7278;-433,496551724138;292,410344827586;200;0
vpja25;6;7384;7613;-19,4965517241379;-207,389655172414;229;255000
vpja25;6;7638;7853;-79,2965517241379;-268,689655172414;215;0
vpja25;6;7871;8034;-89,696551724138;-270,189655172414;163;0
vpja25;6;8128;8923;108,003448275862;339,510344827586;795;255255000
vpja25;6;9017;9171;17,1034482758621;-289,289655172414;154;255000
vpja25;6;9207;9406;-40,4965517241379;-293,489655172414;199;255000
vpja25;6;9519;10000;-488,096551724138;187,710344827586;481;255
vpja25;7;191;308;-84,8304347826087;-105,880797101449;117;2,55e+08
vpja25;7;331;628;-114,030434782609;-129,580797101449;297;2,55e+08
vpja25;7;638;1292;-126,330434782609;-149,880797101449;654;255000
vpja25;7;1343;1817;-268,030434782609;100,019202898551;474;255
vpja25;7;1889;2302;69,9695652173914;129,319202898551;413;0
vpja25;7;2320;2689;41,2695652173913;127,019202898551;369;0
vpja25;7;2743;2895;-85,3304347826087;-152,680797101449;152;255000
vpja25;7;2921;3152;-117,830434782609;-144,680797101449;231;255000
vpja25;7;3295;3512;-82,4304347826087;-143,680797101449;217;255000
vpja25;7;3536;3925;-114,030434782609;-152,980797101449;389;255000
vpja25;7;4010;4215;480,469565217391;-149,380797101449;205;0
vpja25;7;4243;4356;535,969565217391;-198,480797101449;113;0
vpja25;7;4449;4553;-21,3304347826087;-144,780797101449;104;0
vpja25;7;4590;4796;-80,3304347826087;-146,680797101449;206;255000
vpja25;7;4819;4989;-110,430434782609;-153,880797101449;170;255000
vpja25;7;5001;5433;-122,430434782609;-156,480797101449;432;255000
vpja25;7;5503;5595;-254,030434782609;68,5192028985507;92;0
vpja25;7;5632;6146;-273,930434782609;145,619202898551;514;0
vpja25;7;6213;6384;33,3695652173914;164,219202898551;171;0
vpja25;7;6454;6573;-97,3304347826087;-97,6807971014493;119;2,55e+08
vpja25;7;6593;7459;-118,330434782609;-125,980797101449;866;2,55e+08
vpja25;7;7508;7709;24,3695652173914;92,1192028985507;201;0
vpja25;7;7742;7820;33,2695652173913;115,019202898551;78;255255000
vpja25;7;8035;8184;28,2695652173913;89,4192028985507;149;0
vpja25;7;8243;8851;-270,030434782609;114,719202898551;608;255
vpja25;7;8914;9088;-159,230434782609;-112,280797101449;174;2,55e+08
vpja25;7;9113;10000;-120,830434782609;-137,580797101449;887;2,55e+08
vpja25;8;194;252;17,4;-138,7;58;2,55e+08
vpja25;8;289;525;41;-161,9;236;255000
vpja25;8;613;857;289,5;231,4;244;255
vpja25;8;944;1370;-393,1;232,7;426;255255000
vpja25;8;1534;1786;21,1999999999999;-167,7;252;255000
vpja25;8;1815;1900;45,8;-183,1;85;255000
vpja25;8;2038;2057;69,8;-186,7;19;255000
vpja25;8;2063;2466;57;-185,5;403;255000
vpja25;8;2475;2768;52,1999999999999;-181,3;293;255000
vpja25;8;2826;3105;13,4;-4,70000000000005;279;2,55e+08
vpja25;8;3165;3354;176,3;124,7;189;2,55e+08
vpja25;8;3401;3599;321,1;244,3;198;255
vpja25;8;3663;4103;71,7;-162,9;440;255000
vpja25;8;4121;4730;41,9;-168,7;609;255000
vpja25;8;4788;5014;7;59,6;226;2,55e+08
vpja25;8;5050;5236;55,3;78,6999999999999;186;2,55e+08
vpja25;8;5320;5611;-338;233,5;291;255255000
vpja25;8;5643;5868;-404,7;215,1;225;255255000
vpja25;8;5902;6252;-504,4;156,8;350;255255000
vpja25;8;6296;6640;-372,3;227,2;344;255255000
vpja25;8;6671;7034;-313,9;198,5;363;255255000
vpja25;8;7056;7238;-290;211,9;182;255255000
vpja25;8;7336;7568;260,5;263,1;232;255
vpja25;8;7602;7881;305,2;265,7;279;255
vpja25;8;7908;8147;322,2;274,9;239;255
vpja25;8;8400;8640;379,2;211,1;240;255
vpja25;8;8738;8942;-318,7;249,1;204;255255000
vpja25;8;8967;9165;-369,7;201,6;198;255255000
vpja25;8;9192;9605;-379,9;131,1;413;255255000
vpja25;8;9631;9766;-366,2;179;135;255255000
vpja25;8;9852;9940;282,9;239,2;88;255
vpja25;9;249;431;-338,4;-73,7;182;2,55e+08
vpja25;9;482;790;-346,6;115,8;308;255
vpja25;9;844;994;-349,9;-95,9;150;255000
vpja25;9;1131;1869;-361,2;-123,1;738;255000
vpja25;9;1888;2067;-360,5;-109,4;179;255000
vpja25;9;2169;2243;418,6;-251;74;0
vpja25;9;2281;2430;506,4;-232,2;149;0
vpja25;9;2481;2669;579,2;-135,9;188;0
vpja25;9;2699;3062;463,5;-107;363;0
vpja25;9;3138;3412;526,4;-417,9;274;0
vpja25;9;3436;3551;463,2;-392,8;115;0
vpja25;9;3617;3838;92,2;-377,5;221;0
vpja25;9;3854;4282;69,7;-384,8;428;0
vpja25;9;4291;4501;60,1;-391,3;210;0
vpja25;9;4564;5136;-139,2;-227,2;572;0
vpja25;9;5200;5446;-209,4;148,4;246;255
vpja25;9;5473;5592;-270,4;149,1;119;255
vpja25;9;5780;6112;-384,2;176,9;332;255
vpja25;9;6145;6365;-323,8;109,4;220;255
vpja25;9;6391;6609;-246;99,8;218;255
vpja25;9;6654;7060;-36,0999999999999;40,1999999999999;406;0
vpja25;9;7086;7272;-30,9;93,1999999999999;186;0
vpja25;9;7343;7757;-346,7;-137,5;414;255000
vpja25;9;7775;7972;-359,8;-127;197;255000
vpja25;9;8032;8177;-63,1999999999999;-219,1;145;0
vpja25;9;8212;8424;-24,9;-207,4;212;0
vpja25;9;8481;8676;64,6;-390,8;195;0
vpja25;9;8697;8875;48,2;-396,1;178;0
vpja25;9;8965;9118;-148,5;-52,9;153;0
vpja25;9;9176;9572;-352,6;-108,9;396;255000
vpja25;9;9643;9958;-342,9;225,4;315;255
vpja25;10;195;306;132,4;-66,6;111;2,55e+08
vpja25;10;330;631;82,0999999999999;-80,2;301;0
vpja25;10;701;966;-187,6;238,4;265;255
vpja25;10;1039;1480;368,3;400,4;441;255255000
vpja25;10;1543;1704;130,3;-47,1;161;2,55e+08
vpja25;10;1728;2401;107,1;-77,9;673;2,55e+08
vpja25;10;2451;2605;-172,7;-187,1;154;0
vpja25;10;2631;2939;-182,6;-277,2;308;0
vpja25;10;3004;3121;-467,7;-100,9;117;0
vpja25;10;3173;3364;-555,4;56;191;0
vpja25;10;3419;3682;-498,4;-71;263;0
vpja25;10;3751;3976;-210,3;-86,4;225;0
vpja25;10;4027;4141;-54,2;-94,6;114;0
vpja25;10;4186;4457;43,5999999999999;-148,5;271;0
vpja25;10;4486;4642;116,6;-103,6;156;255000
vpja25;10;4716;4906;398,4;202;190;0
vpja25;10;4924;5104;373,2;193,3;180;0
vpja25;10;5203;5565;-218,5;-296;362;0
vpja25;10;5621;5775;-51,7;-212,1;154;0
vpja25;10;5983;6094;92,1999999999998;54,8;111;2,55e+08
vpja25;10;6156;6258;295,1;197,6;102;0
vpja25;10;6286;6421;377,4;192,9;135;0
vpja25;10;6471;6748;368,7;364,3;277;255255000
vpja25;10;6779;6988;405,1;377,1;209;255255000
vpja25;10;7009;7346;434;373,7;337;255255000
vpja25;10;7385;7590;451,9;459,5;205;255255000
vpja25;10;7615;7809;382,6;435,9;194;255255000
vpja25;10;7905;8083;-146,2;283,8;178;255
vpja25;10;8118;8291;-195;289,8;173;255
vpja25;10;8369;8509;104,2;-23,4;140;2,55e+08
vpja25;10;8535;8846;97,1999999999998;-90,4;311;255000
vpja25;10;8914;9187;357,1;199,4;273;0
vpja25;10;9229;9331;407,3;290,7;102;0
vpja25;10;9372;9583;344,1;382,4;211;255255000
vpja25;10;9643;9803;313,6;179,5;160;0
vpja25;11;197;375;-47,3000000000001;-114,2;178;2,55e+08
vpja25;11;424;909;-92,6;-278,5;485;255000
vpja25;11;930;1170;-111,3;-294,8;240;255000
vpja25;11;1273;1376;-418,3;316,1;103;0
vpja25;11;1416;1785;-457,6;346,9;369;0
vpja25;11;1887;2204;362,2;339,2;317;255255000
vpja25;11;2225;2492;333,2;344,8;267;255255000
vpja25;11;2521;2754;404,8;372,5;233;255255000
vpja25;11;2817;3036;57,4;161;219;2,55e+08
vpja25;11;3064;3199;-2,5;175,2;135;0
vpja25;11;3273;3449;-58,1;-116,3;176;2,55e+08
vpja25;11;3484;3506;-21,6;-96,6999999999999;22;2,55e+08
vpja25;11;3567;3797;-286,6;-184,9;230;0
vpja25;11;3828;3891;-161,5;-231,8;63;255000
vpja25;11;3932;4174;-96,1;-256;242;255000
vpja25;11;4261;4609;537;-278,9;348;0
vpja25;11;4672;4912;323,2;-82,9999999999999;240;0
vpja25;11;4955;5284;316,4;38;329;0
vpja25;11;5319;5488;331,1;-72,6;169;0
vpja25;11;5590;5771;-423,2;-306,3;181;0
vpja25;11;5811;6013;-314,3;-227,2;202;0
vpja25;11;6046;6257;-319,3;-188,5;211;0
vpja25;11;6427;6826;-393,2;287,8;399;0
vpja25;11;6893;7055;-86,6;33,7;162;2,55e+08
vpja25;11;7115;7719;-443,5;-206,7;604;0
vpja25;11;7809;8170;-280,9;281,8;361;0
vpja25;11;8229;8563;-114,3;112,9;334;2,55e+08
vpja25;11;8625;8776;-58,2;-72,4;151;2,55e+08
vpja25;11;8808;9134;-50,1;-60,9999999999999;326;2,55e+08
vpja25;11;9174;9459;-71,7;-238;285;255000
vpja25;11;9504;9817;-98,1;-301,9;313;255000
vpja25;11;9842;10000;-125,5;-291,5;158;255000
vpja25;12;289;436;233,106818181818;67,9613636363636;147;0
vpja25;12;487;599;60,7068181818182;-212,838636363636;112;255000
vpja25;12;733;846;52,6068181818182;-238,238636363636;113;255000
vpja25;12;928;1214;-328,793181818182;163,761363636364;286;255255000
vpja25;12;1297;1453;286,706818181818;171,961363636364;156;0
vpja25;12;1534;2187;78,0068181818182;-217,338636363636;653;255000
vpja25;12;2273;2519;-299,293181818182;178,661363636364;246;0
vpja25;12;2540;3251;-315,093181818182;180,261363636364;711;0
vpja25;12;3266;3879;-300,693181818182;174,561363636364;613;0
vpja25;12;3976;4320;313,706818181818;187,961363636364;344;0
vpja25;12;4344;4456;271,406818181818;197,461363636364;112;0
vpja25;12;4521;4700;121,006818181818;-238,638636363636;179;0
vpja25;12;4732;5282;76,7068181818182;-233,138636363636;550;255000
vpja25;12;5356;6021;286,406818181818;219,561363636364;665;0
vpja25;12;6122;6309;-289,793181818182;213,561363636364;187;0
vpja25;12;6328;6480;-304,893181818182;194,161363636364;152;0
vpja25;12;6700;7056;-300,593181818182;151,861363636364;356;0
vpja25;12;7123;7453;24,8068181818181;-177,938636363636;330;2,55e+08
vpja25;12;7482;7847;71,3068181818181;-226,738636363636;365;255000
vpja25;12;7867;8301;60,2068181818182;-243,838636363636;434;255000
vpja25;12;8340;8669;78,0068181818182;-186,738636363636;329;0
vpja25;12;8699;9067;74,6068181818182;-243,138636363636;368;255000
vpja25;12;9130;9373;255,306818181818;86,0613636363636;243;0
vpja25;12;9428;9681;277,806818181818;193,261363636364;253;0
vpja25;12;9918;10000;346,306818181818;131,361363636364;82;0
vpja25;13;54;162;7,5;5,09999999999991;108;0
vpja25;13;233;733;-318,5;-156,3;500;255000
vpja25;13;742;1071;-323,9;-140,4;329;255000
vpja25;13;1092;1330;-304,3;-183,6;238;255000
vpja25;13;1340;1531;-285,1;-190,3;191;255000
vpja25;13;1614;1861;51;254,4;247;255
vpja25;13;1953;2227;-471,2;372,1;274;255255000
vpja25;13;2250;2709;-523,8;368,2;459;255255000
vpja25;13;2732;3399;-502,4;361,9;667;255255000
vpja25;13;3423;3938;-547,5;345,6;515;255255000
vpja25;13;3951;4580;-547,1;334,5;629;255255000
vpja25;13;4625;4972;-520;352,4;347;255255000
vpja25;13;5003;5333;-505,5;380,1;330;255255000
vpja25;13;5354;5830;-492,1;368,6;476;255255000
vpja25;13;5871;6201;-561,7;365,3;330;255255000
vpja25;13;6222;6658;-546;408,2;436;255255000
vpja25;13;6682;7012;-498;387,4;330;255255000
vpja25;13;7040;7405;-494,5;314,1;365;255255000
vpja25;13;7440;7613;-491,5;299;173;255255000
vpja25;13;7638;8017;-482,2;331,2;379;255255000
vpja25;13;8037;8428;-522,9;344,4;391;255255000
vpja25;13;8440;8814;-538,8;352,3;374;255255000
vpja25;13;8823;9394;-544,3;350,2;571;255255000
vpja25;13;9429;9973;-493,2;376,1;544;255255000
vpja25;14;264;549;-35,4576576576577;-310,220720720721;285;255000
vpja25;14;572;847;-68,8576576576577;-367,020720720721;275;255000
vpja25;14;957;1095;-487,557657657658;463,979279279279;138;255
vpja25;14;1120;1398;-510,357657657658;446,179279279279;278;255
vpja25;14;1505;1846;457,442342342342;418,579279279279;341;0
vpja25;14;1962;2581;-464,157657657658;376,279279279279;619;0
vpja25;14;2606;2724;-452,657657657658;324,079279279279;118;255
vpja25;14;2790;3047;-321,157657657658;123,179279279279;257;0
vpja25;14;3109;3204;-483,457657657658;302,379279279279;95;0
vpja25;14;3287;3570;-409,857657657658;-229,920720720721;283;0
vpja25;14;3611;3735;-281,657657657658;-361,320720720721;124;0
vpja25;14;3814;4009;279,242342342342;-261,420720720721;195;0
vpja25;14;4060;4291;349,642342342342;-91,6207207207208;231;0
vpja25;14;4463;4595;489,842342342342;-307,420720720721;132;0
vpja25;14;4647;4747;287,642342342342;-342,620720720721;100;0
vpja25;14;4832;5265;-304,757657657658;-353,820720720721;433;0
vpja25;14;5307;5596;-223,257657657658;-319,120720720721;289;0
vpja25;14;5660;5901;-525,357657657658;-309,520720720721;241;0
vpja25;14;6104;6279;253,942342342342;-309,620720720721;175;0
vpja25;14;6341;6522;-7,15765765765764;-371,020720720721;181;255000
vpja25;14;6690;6726;13,4423423423424;-305,420720720721;36;255000
vpja25;14;6734;6805;7,84234234234236;-278,020720720721;71;2,55e+08
vpja25;14;6903;7155;447,542342342342;285,579279279279;252;0
vpja25;14;7184;7379;533,742342342342;383,779279279279;195;255255000
vpja25;14;7427;7550;263,142342342342;258,679279279279;123;255255000
vpja25;14;7575;7684;218,842342342342;222,979279279279;109;255255000
vpja25;14;7784;7991;-439,157657657658;327,379279279279;207;0
vpja25;14;8017;8247;-475,457657657658;394,179279279279;230;0
vpja25;14;8273;8685;-482,157657657658;434,279279279279;412;255
vpja25;14;8730;9186;-430,157657657658;314,779279279279;456;0
vpja25;14;9227;9562;-485,057657657658;413,479279279279;335;0
vpja25;14;9752;10000;-485,357657657658;37,1792792792792;248;0
vpja25;15;199;244;24,9123188405798;-190,224637681159;45;2,55e+08
vpja25;15;291;424;64,3123188405798;-294,024637681159;133;255000
vpja25;15;441;843;36,6123188405797;-313,624637681159;402;255000
vpja25;15;917;1317;-357,18768115942;-307,924637681159;400;0
vpja25;15;1341;1672;-390,28768115942;-277,824637681159;331;0
vpja25;15;1734;2004;-386,88768115942;-441,524637681159;270;0
vpja25;15;2030;2176;-335,88768115942;-418,224637681159;146;0
vpja25;15;2213;2401;-285,38768115942;-396,024637681159;188;0
vpja25;15;2441;2784;-403,68768115942;-298,324637681159;343;0
vpja25;15;2837;3152;-363,48768115942;-425,924637681159;315;0
vpja25;15;3201;3557;-383,48768115942;-262,324637681159;356;0
vpja25;15;3579;3803;-404,08768115942;-240,424637681159;224;0
vpja25;15;3873;3971;-18,3876811594203;-327,724637681159;98;0
vpja25;15;4009;4223;48,7123188405798;-334,524637681159;214;255000
vpja25;15;4277;4492;218,01231884058;-252,724637681159;215;0
vpja25;15;4676;4828;181,41231884058;-145,724637681159;152;0
vpja25;15;4905;5180;-290,38768115942;74,8753623188406;275;255
vpja25;15;5271;5572;291,51231884058;220,875362318841;301;255255000
vpja25;15;5627;5762;62,4123188405798;179,575362318841;135;2,55e+08
vpja25;15;5785;5950;34,4123188405798;157,275362318841;165;2,55e+08
vpja25;15;6008;6151;87,5123188405797;-329,324637681159;143;255000
vpja25;15;6174;6477;59,8123188405798;-348,324637681159;303;255000
vpja25;15;6520;6779;62,3123188405798;-247,824637681159;259;2,55e+08
vpja25;15;6834;6975;76,4123188405798;-85,0246376811593;141;2,55e+08
vpja25;15;7009;7249;105,51231884058;-63,3246376811593;240;0
vpja25;15;7304;7487;79,2123188405798;-322,524637681159;183;255000
vpja25;15;7569;7964;525,41231884058;-169,924637681159;395;0
vpja25;15;8024;8388;185,21231884058;-356,324637681159;364;0
vpja25;15;8434;8812;180,11231884058;-220,124637681159;378;0
vpja25;15;8859;9005;40,3123188405798;-248,024637681159;146;2,55e+08
vpja25;15;9048;9336;-73,7876811594202;-369,524637681159;288;0
vpja25;15;9396;9537;-309,78768115942;-374,924637681159;141;0
vpja25;15;9562;9800;-363,58768115942;-412,524637681159;238;0
vpja25;15;9839;10000;-288,68768115942;-364,224637681159;161;0
vpja25;16;195;284;-16,5243902439024;-65,0365853658536;89;2,55e+08
vpja25;16;330;694;25,9756097560976;-144,536585365854;364;255000
vpja25;16;771;1085;-357,624390243902;178,263414634146;314;0
vpja25;16;1164;1226;260,375609756098;177,363414634146;62;255
vpja25;16;1423;1496;306,975609756098;130,763414634146;73;0
vpja25;16;1558;2083;96,9756097560976;-153,936585365854;525;0
vpja25;16;2158;2370;321,575609756098;216,363414634146;212;0
vpja25;16;2391;2633;285,475609756098;210,663414634146;242;0
vpja25;16;2713;2888;-239,124390243902;194,463414634146;175;0
vpja25;16;2914;3198;-284,024390243902;188,663414634146;284;255255000
vpja25;16;3274;3697;87,5756097560976;-148,436585365854;423;2,55e+08
vpja25;16;3753;3863;72,3756097560976;87,1634146341464;110;2,55e+08
vpja25;16;3909;4249;107,775609756098;131,863414634146;340;2,55e+08
vpja25;16;4299;4625;293,175609756098;178,963414634146;326;255
vpja25;16;4672;4761;129,275609756098;131,063414634146;89;2,55e+08
vpja25;16;4969;5197;560,175609756098;3,76341463414644;228;0
vpja25;16;5248;5340;389,175609756098;-62,0365853658536;92;0
vpja25;16;5407;5598;91,8756097560976;-169,636585365854;191;0
vpja25;16;5656;5936;-108,024390243902;-257,736585365854;280;0
vpja25;16;6000;6253;255,875609756098;-282,236585365854;253;0
vpja25;16;6290;6450;449,475609756098;-310,636585365854;160;0
vpja25;16;6544;6913;-262,024390243902;-277,436585365854;369;0
vpja25;16;6970;7088;-41,1243902439024;-220,036585365854;118;0
vpja25;16;7133;7247;84,8756097560976;-200,836585365854;114;255000
vpja25;16;7305;7518;363,175609756098;-205,436585365854;213;0
vpja25;16;7582;7748;512,675609756098;-57,2365853658536;166;0
vpja25;16;7945;8069;101,475609756098;-5,4365853658536;124;2,55e+08
vpja25;16;8133;8358;56,7756097560977;-153,036585365854;225;255000
vpja25;16;8421;8612;243,175609756098;215,063414634146;191;0
vpja25;16;8634;8784;247,275609756098;179,563414634146;150;255
vpja25;16;8827;9060;137,875609756098;160,163414634146;233;0
vpja25;16;9119;9447;57,3756097560976;-146,036585365854;328;2,55e+08
vpja25;16;9470;9772;65,6756097560976;-174,836585365854;302;255000
vpja25;16;9831;10000;280,375609756098;100,963414634146;169;0
vpja25;17;235;344;60,4;-176,2;109;2,55e+08
vpja25;17;368;688;40,9;-267,3;320;255000
vpja25;17;756;1030;-147,6;39,6;274;255
vpja25;17;1070;1221;-33,6;0,100000000000023;151;255
vpja25;17;1289;1575;382,8;94,8;286;255255000
vpja25;17;1601;1952;408,8;122,6;351;255255000
vpja25;17;1976;2271;415,9;156,1;295;255255000
vpja25;17;2354;2614;-135,4;107,7;260;0
vpja25;17;2652;2770;-16,2;-27,7;118;255
vpja25;17;2828;3335;27,6999999999999;-243,7;507;2,55e+08
vpja25;17;3422;3663;-547,2;19,4;241;0
vpja25;17;3720;3919;-244,9;65,8;199;255
vpja25;17;3967;4042;-116,2;85,2;75;0
vpja25;17;4260;4553;458,6;89,5;293;255255000
vpja25;17;4575;4991;459,6;69,8;416;255255000
vpja25;17;5072;5310;-82,1;27,3;238;255
vpja25;17;5339;5588;0,799999999999955;-19,5;249;255
vpja25;17;5659;5912;400,8;42,1;253;255255000
vpja25;17;5995;6412;-26,5;-4,29999999999995;417;0
vpja25;17;6480;6663;68,8;-241,2;183;2,55e+08
vpja25;17;6904;7231;442,1;96,5;327;255255000
vpja25;17;7263;7345;442;132,3;82;255255000
vpja25;17;7417;7570;-65,7;49,5;153;0
vpja25;17;7617;7839;-178,9;93,5;222;255
vpja25;17;7924;8204;425,6;125;280;255255000
vpja25;17;8225;8337;439,1;93,5;112;255255000
vpja25;17;8395;8537;97,3;-225,7;142;2,55e+08
vpja25;17;8562;8986;61,3;-233,4;424;2,55e+08
vpja25;17;9050;9220;-99,6;-18,1;170;0
vpja25;17;9246;9391;-109,2;56,7;145;255
vpja25;17;9420;9638;-23,9000000000001;28,8;218;0
vpja25;17;9683;9877;65,9;-248,2;194;2,55e+08
vpja25;17;9893;10000;48,5;-257;107;255000
vpja25;18;201;299;-9,43783783783772;-53,2714285714285;98;2,55e+08
vpja25;18;344;611;-61,1378378378378;-138,371428571429;267;255000
vpja25;18;682;787;-137,237837837838;120,228571428571;105;0
vpja25;18;842;1114;6,86216216216224;179,428571428571;272;0
vpja25;18;1160;1375;-170,937837837838;332,028571428571;215;0
vpja25;18;1446;1646;-287,037837837838;95,5285714285715;200;255255000
vpja25;18;1728;1977;75,7621621621622;-269,371428571429;249;0
vpja25;18;2025;2147;-64,1378378378378;-170,271428571429;122;255000
vpja25;18;2168;2831;-64,5378378378377;-109,271428571429;663;2,55e+08
vpja25;18;2861;3034;-41,3378378378378;-56,4714285714285;173;2,55e+08
vpja25;18;3067;3337;-61,9378378378377;-121,171428571429;270;2,55e+08
vpja25;18;3390;3466;-218,737837837838;105,928571428571;76;0
vpja25;18;3506;3818;-284,237837837838;162,228571428571;312;255255000
vpja25;18;3878;4301;9,06216216216228;187,828571428571;423;0
vpja25;18;4337;4652;63,2621621621622;180,228571428571;315;0
vpja25;18;4676;4802;4,66216216216219;188,328571428571;126;0
vpja25;18;4865;5212;-279,737837837838;151,728571428571;347;255255000
vpja25;18;5266;5422;5,66216216216219;159,328571428571;156;255
vpja25;18;5457;5766;48,0621621621623;169,828571428571;309;0
vpja25;18;5793;5947;-19,0378378378377;188,128571428571;154;255
vpja25;18;6067;6464;-58,1378378378378;-159,771428571429;397;255000
vpja25;18;6534;6757;-316,237837837838;129,728571428571;223;255255000
vpja25;18;6968;7144;-318,737837837838;193,928571428571;176;0
vpja25;18;7206;7328;-55,2378378378378;151,528571428571;122;0
vpja25;18;7367;7463;12,1621621621622;175,228571428571;96;0
vpja25;18;7645;7817;-60,5378378378377;-123,971428571429;172;2,55e+08
vpja25;18;7841;8087;-57,9378378378377;-147,871428571429;246;255000
vpja25;18;8166;8490;-419,337837837838;-125,271428571429;324;0
vpja25;18;8577;8758;-139,637837837838;231,428571428571;181;0
vpja25;18;8804;9124;-173,637837837838;322,628571428571;320;0
vpja25;18;9170;9340;-67,6378378378378;295,528571428571;170;0
vpja25;18;9405;9523;-40,0378378378377;-63,5714285714286;118;2,55e+08
vpja25;18;9567;9892;-70,1378378378378;-162,871428571429;325;255000
vpja25;19;249;587;-33,0996246831787;-205,911771937527;338;2,55e+08
vpja25;19;622;730;-83,7996246831786;-168,511771937527;108;2,55e+08
vpja25;19;758;1081;-38,2996246831786;-228,311771937527;323;255000
vpja25;19;1165;1242;-197,399624683179;158,288228062473;77;0
vpja25;19;1286;1567;-302,899624683179;182,688228062473;281;255
vpja25;19;1621;1839;-294,299624683179;21,4882280624732;218;0
vpja25;19;1889;2097;-270,299624683179;164,688228062473;208;255
vpja25;19;2169;2448;232,200375316821;161,688228062473;279;255255000
vpja25;19;2476;2634;343,900375316821;148,088228062473;158;255255000
vpja25;19;2726;2932;-258,699624683179;160,688228062473;206;0
vpja25;19;3017;3275;206,200375316821;151,088228062473;258;255255000
vpja25;19;3302;3449;141,400375316821;144,188228062473;147;0
vpja25;19;3526;3699;-256,799624683179;147,788228062473;173;0
vpja25;19;3769;3922;-268,799624683179;-125,911771937527;153;0
vpja25;19;3982;4105;-42,6996246831786;-276,111771937527;123;255000
vpja25;19;4137;4509;-34,1996246831786;-250,611771937527;372;255000
vpja25;19;4586;4768;-319,999624683179;-25,0117719375268;182;0
vpja25;19;4979;5091;-229,499624683179;-96,0117719375268;112;0
vpja25;19;5174;5605;256,500375316821;-71,4117719375267;431;0
vpja25;19;5699;5947;-313,999624683179;-24,0117719375268;248;0
vpja25;19;5978;6105;-293,099624683179;-27,3117719375267;127;0
vpja25;19;6155;6825;-273,799624683179;128,188228062473;670;0
vpja25;19;6848;7029;-239,499624683179;117,588228062473;181;255
vpja25;19;7090;7340;231,900375316821;139,088228062473;250;255255000
vpja25;19;7370;7832;352,000375316821;145,088228062473;462;255255000
vpja25;19;7854;7984;313,500375316821;131,188228062473;130;255255000
vpja25;19;8067;8453;-255,099624683179;153,888228062473;386;0
vpja25;19;8671;8829;-29,9996246831787;-257,211771937527;158;255000
vpja25;19;8846;9491;-35,7996246831786;-227,611771937527;645;255000
vpja25;19;9568;9862;-121,199624683179;137,088228062473;294;0
vpja25;19;9922;10000;229,900375316821;151,888228062473;78;255255000
vpja25;20;233;485;-372,4;23,5;252;2,55e+08
vpja25;20;539;752;-375,7;264,3;213;0
vpja25;20;809;1073;-417,8;-12,6;264;0
vpja25;20;1086;1496;-422,2;-4,20000000000005;410;2,55e+08
vpja25;20;1511;1710;-413,7;17,7;199;2,55e+08
vpja25;20;1791;2118;190,2;167,8;327;255255000
vpja25;20;2145;2271;245,9;190,7;126;255255000
vpja25;20;2360;2629;-273,9;282,1;269;255
vpja25;20;2702;2829;-363,5;-53,4;127;255000
vpja25;20;2861;3022;-393,3;-30,5;161;255000
vpja25;20;3083;3342;-573,1;-103,7;259;0
vpja25;20;3388;3496;-434,8;-50,2;108;0
vpja25;20;3520;3906;-428,1;-2,5;386;2,55e+08
vpja25;20;3969;4223;-168,6;11,8;254;0
vpja25;20;4278;4421;54,6000000000001;5;143;0
vpja25;20;4456;4667;206,7;44,2;211;0
vpja25;20;4716;4987;500;-6,60000000000002;271;0
vpja25;20;5012;5240;473;-52,3;228;0
vpja25;20;5275;5483;349,9;32,6;208;0
vpja25;20;5509;5650;287,7;39,4;141;0
vpja25;20;5675;5833;203,8;20,3;158;0
vpja25;20;5894;6331;-101,9;-26;437;0
vpja25;20;6367;6579;-233,1;-36,8;212;0
vpja25;20;6597;6867;-245,7;-63,5;270;0
vpja25;20;6894;7091;-293,2;-152,9;197;0
vpja25;20;7152;7375;-606,5;-148,4;223;0
vpja25;20;7405;7499;-569,4;-126,2;94;0
vpja25;20;7554;7718;-671,3;37,9;164;NA
vpja25;20;7761;7899;-628,1;111;138;0
vpja25;20;7920;8165;-616,6;134,3;245;0
vpja25;20;8245;8453;-229,6;265,9;208;255
vpja25;20;8541;8680;366,1;336,6;139;0
vpja25;20;8734;8872;606,3;400,3;138;0
vpja25;20;9130;9293;-221,4;267,8;163;255
vpja25;20;9335;9499;-303,8;326,8;164;255
vpja25;20;9568;9968;160,6;183,2;400;255255000
vpja25;21;67;245;-11,1996246831786;-9,31177193752671;178;0
vpja25;21;282;433;34,2003753168214;-14,8117719375267;151;255000
vpja25;21;468;636;-50,3996246831787;77,6882280624733;168;255255000
vpja25;21;710;1046;266,600375316821;162,688228062473;336;255
vpja25;21;1119;1318;60,5003753168213;-52,5117719375268;199;255000
vpja25;21;1352;1556;-48,8996246831787;76,0882280624733;204;255255000
vpja25;21;1581;1932;-63,7996246831786;111,188228062473;351;255255000
vpja25;21;1995;2293;262,600375316821;165,588228062473;298;255
vpja25;21;2354;2953;61,1003753168213;-19,0117719375268;599;255000
vpja25;21;3006;3402;-56,7996246831786;106,188228062473;396;255255000
vpja25;21;3422;3668;-67,7996246831786;144,588228062473;246;0
vpja25;21;3718;3839;31,2003753168214;66,1882280624733;121;2,55e+08
vpja25;21;3883;4035;25,1003753168213;-13,4117719375267;152;255000
vpja25;21;4123;4264;233,000375316821;-123,411771937527;141;0
vpja25;21;4297;4493;280,700375316821;-133,211771937527;196;0
vpja25;21;4557;4933;-6,79962468317865;-143,611771937527;376;0
vpja25;21;5024;5340;-549,999624683179;138,088228062473;316;0
vpja25;21;5361;5907;-579,299624683179;150,588228062473;546;0
vpja25;21;5945;6123;-594,399624683179;34,2882280624732;178;0
vpja25;21;6223;6385;70,5003753168214;126,388228062473;162;2,55e+08
vpja25;21;6419;6574;271,000375316821;169,388228062473;155;255
vpja25;21;6824;7075;76,5003753168214;-21,0117719375268;251;0
vpja25;21;7097;7848;66,6003753168213;-43,0117719375268;751;255000
vpja25;21;7899;8000;57,8003753168214;50,1882280624733;101;2,55e+08
vpja25;21;8057;8411;280,300375316821;145,088228062473;354;0
vpja25;21;8473;8691;-11,0996246831787;117,688228062473;218;255255000
vpja25;21;8715;9048;-55,5996246831787;113,988228062473;333;255255000
vpja25;21;9108;9284;36,7003753168214;314,988228062473;176;0
vpja25;21;9311;9635;19,0003753168213;398,488228062473;324;0
vpja25;21;9713;9894;54,8003753168214;67,3882280624732;181;2,55e+08
vpja25;21;9969;10000;412,400375316821;-145,611771937527;31;0
vpja25;22;188;215;-27,3000000000002;-100,3;27;0
vpja25;22;269;408;105,1;-138,9;139;2,55e+08
vpja25;22;430;648;134,7;-134,4;218;2,55e+08
vpja25;22;674;796;109,4;-49,2;122;2,55e+08
vpja25;22;817;991;101,3;-28,7;174;2,55e+08
vpja25;22;1072;1346;-310,9;76,1;274;255255000
vpja25;22;1369;1507;-351,9;63,9;138;255255000
vpja25;22;1600;1722;361,8;276,2;122;255
vpja25;22;1944;2019;366,7;190,1;75;255
vpja25;22;2100;2311;125,7;-134;211;2,55e+08
vpja25;22;2372;2720;-28,3000000000002;-301,4;348;0
vpja25;22;2797;2995;-339,7;30,5;198;255255000
vpja25;22;3052;3249;-442,2;-125,8;197;0
vpja25;22;3320;3493;-63,6000000000001;-249,7;173;0
vpja25;22;3536;3901;42,3999999999999;-244,3;365;0
vpja25;22;3946;4226;-73,0000000000001;-69,3;280;0
vpja25;22;4288;4532;-86,3000000000002;-347,7;244;0
vpja25;22;4607;4793;530,1;-315,6;186;0
vpja25;22;4822;5423;414,1;-308;601;0
vpja25;22;5461;5655;547;-254,9;194;0
vpja25;22;5717;5967;192,5;-130;250;2,55e+08
vpja25;22;6006;6173;114;-6,20000000000005;167;2,55e+08
vpja25;22;6189;6310;111,9;7,19999999999993;121;2,55e+08
vpja25;22;6380;6689;339,7;313,1;309;255
vpja25;22;6738;6871;509,6;381,5;133;0
vpja25;22;6905;7171;354,5;351,6;266;255
vpja25;22;7199;7316;323,2;314,4;117;255
vpja25;22;7405;7573;-232,9;185,2;168;0
vpja25;22;7609;7796;-327,8;115;187;255255000
vpja25;22;7819;8216;-351,7;53,1999999999999;397;255255000
vpja25;22;8307;8442;125;255,9;135;0
vpja25;22;8483;8681;281,1;263,9;198;255
vpja25;22;8737;8869;157;81,8;132;0
vpja25;22;8896;9167;126,4;17,6;271;2,55e+08
vpja25;22;9235;9529;145,2;-166,9;294;255000
vpja25;22;9614;9828;-385,4;-152,4;214;0
vpja25;23;279;386;101,95037037037;-71,0266666666668;107;2,55e+08
vpja25;23;458;708;-442,349629629629;140,173333333333;250;0
vpja25;23;729;1161;-437,649629629629;91,9733333333332;432;0
vpja25;23;1189;1350;-416,54962962963;162,773333333333;161;0
vpja25;23;1402;1760;13,3503703703706;203,773333333333;358;0
vpja25;23;1768;1943;39,6503703703705;198,073333333333;175;0
vpja25;23;2010;2277;98,5503703703706;-132,726666666667;267;255000
vpja25;23;2302;2744;68,7503703703705;-141,026666666667;442;2,55e+08
vpja25;23;2765;3225;98,9503703703705;-140,626666666667;460;255000
vpja25;23;3318;3368;-250,349629629629;74,7733333333332;50;0
vpja25;23;3416;3607;-344,749629629629;119,273333333333;191;255255000
vpja25;23;3632;3896;-369,449629629629;88,5733333333333;264;255255000
vpja25;23;3943;4216;-419,449629629629;-91,8266666666668;273;0
vpja25;23;4280;4492;85,2503703703704;-190,226666666667;212;255000
vpja25;23;4554;4765;111,850370370371;78,5733333333333;211;2,55e+08
vpja25;23;4791;5054;86,6503703703705;45,6733333333333;263;2,55e+08
vpja25;23;5075;5664;86,9503703703705;31,3733333333332;589;2,55e+08
vpja25;23;5757;5957;178,350370370371;492,073333333333;200;NA
vpja25;23;5982;6221;222,850370370371;476,273333333333;239;2,55e+08
vpja25;23;6310;6457;69,8503703703706;-77,1266666666668;147;2,55e+08
vpja25;23;6490;6969;68,2503703703705;-135,326666666667;479;2,55e+08
vpja25;23;7025;7163;156,25037037037;-285,426666666667;138;255000
vpja25;23;7348;7489;135,850370370371;-292,826666666667;141;255000
vpja25;23;7523;7695;-3,64962962962943;-291,126666666667;172;0
vpja25;23;7763;8082;390,050370370371;-274,626666666667;319;0
vpja25;23;8181;8356;316,050370370371;178,873333333333;175;2,55e+08
vpja25;23;8412;8546;386,150370370371;289,773333333333;134;0
vpja25;23;8580;8753;476,850370370371;326,673333333333;173;0
vpja25;23;8775;9248;516,350370370371;312,173333333333;473;0
vpja25;23;9361;9558;-325,249629629629;179,873333333333;197;255255000
vpja25;23;9592;9921;-375,449629629629;100,773333333333;329;255255000
vpja25;24;5;169;17,0432432432432;-8,14864864864876;164;2,55e+08
vpja25;24;222;340;-101,956756756757;-125,248648648649;118;2,55e+08
vpja25;24;361;704;-141,056756756757;-163,448648648649;343;255000
vpja25;24;787;1099;423,543243243243;276,851351351351;312;255
vpja25;24;1127;1407;460,443243243243;354,551351351351;280;255
vpja25;24;1524;1716;-452,156756756757;52,8513513513512;192;255255000
vpja25;24;1745;1928;-460,356756756757;-39,4486486486487;183;255255000
vpja25;24;1990;2254;-149,856756756757;-133,248648648649;264;255000
vpja25;24;2272;2519;-136,356756756757;-138,348648648649;247;2,55e+08
vpja25;24;2590;2788;356,043243243243;45,6513513513513;198;0
vpja25;24;2848;3173;479,643243243243;318,151351351351;325;255
vpja25;24;3211;3417;531,043243243243;409,451351351351;206;0
vpja25;24;3546;3707;-409,556756756757;105,251351351351;161;0
vpja25;24;3758;4005;-449,856756756757;-19,0486486486487;247;255255000
vpja25;24;4064;4370;-146,756756756757;-81,7486486486487;306;2,55e+08
vpja25;24;4425;4553;-40,0567567567567;88,6513513513513;128;2,55e+08
vpja25;24;4619;4798;-223,956756756757;305,851351351351;179;0
vpja25;24;4849;4921;2,54324324324318;283,951351351351;72;2,55e+08
vpja25;24;5166;5279;494,143243243243;297,351351351351;113;255
vpja25;24;5336;5628;281,543243243243;11,4513513513513;292;0
vpja25;24;5680;5767;87,4432432432433;-44,6486486486487;87;0
vpja25;24;5831;5973;-207,956756756757;-115,248648648649;142;2,55e+08
vpja25;24;5999;6378;-271,956756756757;-177,148648648649;379;0
vpja25;24;6560;7100;91,5432432432432;-344,448648648649;540;0
vpja25;24;7148;7299;95,9432432432433;-451,048648648649;151;0
vpja25;24;7314;7471;100,543243243243;-430,848648648649;157;0
vpja25;24;7544;7697;61,4432432432433;-93,7486486486487;153;0
vpja25;24;7760;8010;296,343243243243;5,85135135135124;250;0
vpja25;24;8053;8215;102,943243243243;9,25135135135133;162;0
vpja25;24;8284;8429;-73,2567567567568;172,351351351351;145;0
vpja25;24;8476;8640;-218,656756756757;239,051351351351;164;0
vpja25;24;8832;9106;-230,856756756757;58,2513513513513;274;0
vpja25;24;9168;9422;235,543243243243;107,851351351351;254;0
vpja25;24;9468;9912;364,243243243243;174,051351351351;444;0
vpja25;25;202;304;-30,7787671232877;-118,922260273973;102;2,55e+08
vpja25;25;348;745;-40,0787671232877;-264,122260273973;397;0
vpja25;25;811;1043;-169,378767123288;-3,12226027397253;232;0
vpja25;25;1071;1302;-244,378767123288;-18,9222602739725;231;0
vpja25;25;1349;1680;-88,7787671232877;0,177739726027426;331;255
vpja25;25;1724;1859;-141,178767123288;25,4777397260275;135;2,55e+08
vpja25;25;1909;2158;-197,278767123288;-73,4222602739725;249;255255000
vpja25;25;2195;2424;-243,778767123288;-63,2222602739726;229;255255000
vpja25;25;2462;2713;-234,278767123288;-17,4222602739725;251;0
vpja25;25;2754;3118;-153,678767123288;31,3777397260275;364;2,55e+08
vpja25;25;3159;3363;-96,2787671232877;35,3777397260275;204;255
vpja25;25;3394;3636;33,2212328767123;57,3777397260275;242;0
vpja25;25;3807;3926;-84,5787671232877;-15,8222602739726;119;255
vpja25;25;3996;4198;-2,87876712328762;-204,322260273973;202;2,55e+08
vpja25;25;4228;4507;-31,2787671232877;-244,522260273973;279;0
vpja25;25;4566;4717;-182,978767123288;-37,7222602739726;151;0
vpja25;25;4756;5054;-247,978767123288;-19,4222602739725;298;0
vpja25;25;5103;5382;-101,878767123288;2,77773972602745;279;2,55e+08
vpja25;25;5425;5565;-170,178767123288;13,2777397260274;140;0
vpja25;25;5718;5751;10,7212328767123;-301,822260273973;33;255000
vpja25;25;5765;5919;-3,57876712328766;-285,922260273973;154;255000
vpja25;25;5938;6203;-6,77876712328771;-267,822260273973;265;255000
vpja25;25;6278;6459;-6,27876712328771;70,4777397260275;181;0
vpja25;25;6513;6699;6,12123287671238;278,377739726027;186;2,55e+08
vpja25;25;6745;7007;0,921232876712338;369,577739726027;262;0
vpja25;25;7031;7285;25,2212328767123;397,877739726027;254;2,55e+08
vpja25;25;7309;7740;81,3212328767123;393,577739726027;431;0
vpja25;25;7893;7913;-17,9787671232876;-163,622260273973;20;2,55e+08
vpja25;25;7931;7988;-13,9787671232876;-160,522260273973;57;2,55e+08
vpja25;25;8036;8531;2,52123287671236;-236,022260273973;495;2,55e+08
vpja25;25;8572;8885;-45,4787671232876;-83,9222602739725;313;2,55e+08
vpja25;25;8967;9459;-534,878767123288;32,5777397260274;492;0
vpja25;25;9520;9767;-412,678767123288;-152,122260273973;247;0
vpja25;25;9825;9953;-204,978767123288;-190,822260273973;128;0
vpja25;26;188;253;-25,1205479452055;-153,245890410959;65;2,55e+08
vpja25;26;284;611;-15,9205479452055;-212,645890410959;327;2,55e+08
vpja25;26;693;884;-423,120547945206;103,854109589041;191;0
vpja25;26;970;1096;-75,3205479452055;-213,745890410959;126;2,55e+08
vpja25;26;1130;1262;-30,6205479452055;-229,545890410959;132;255000
vpja25;26;1450;1691;-4,9205479452055;-229,345890410959;241;255000
vpja25;26;1769;1933;-327,320547945205;136,554109589041;164;255
vpja25;26;1966;2221;-361,520547945206;124,554109589041;255;255
vpja25;26;2300;2498;188,579452054794;91,0541095890411;198;0
vpja25;26;2528;2786;218,079452054794;87,5541095890411;258;255255000
vpja25;26;2872;3064;-381,520547945206;178,454109589041;192;0
vpja25;26;3133;3258;-87,8205479452055;-184,945890410959;125;2,55e+08
vpja25;26;3294;3617;-49,0205479452055;-215,145890410959;323;2,55e+08
vpja25;26;3660;3784;5,97945205479448;-131,645890410959;124;2,55e+08
vpja25;26;3839;3977;114,079452054794;-3,24589041095896;138;2,55e+08
vpja25;26;4020;4378;184,879452054795;92,654109589041;358;0
vpja25;26;4455;4753;-193,820547945205;125,054109589041;298;0
vpja25;26;4788;5076;-115,920547945205;39,0541095890411;288;2,55e+08
vpja25;26;5135;5283;-36,3205479452055;-207,945890410959;148;2,55e+08
vpja25;26;5306;5370;-38,1205479452055;-233,745890410959;64;0
vpja25;26;5579;5867;561,979452054794;-185,545890410959;288;0
vpja25;26;5959;6150;-55,5205479452055;-145,745890410959;191;2,55e+08
vpja25;26;6196;6738;-9,72054794520557;-242,345890410959;542;255000
vpja25;26;6784;7099;-36,8205479452055;-84,245890410959;315;2,55e+08
vpja25;26;7154;7303;14,0794520547945;193,954109589041;149;0
vpja25;26;7385;7732;459,179452054795;-100,145890410959;347;0
vpja25;26;7810;8143;-48,2205479452056;-239,745890410959;333;0
vpja25;26;8233;8519;-381,420547945205;134,954109589041;286;0
vpja25;26;8600;8800;179,979452054794;143,254109589041;200;0
vpja25;26;8826;9001;226,379452054795;117,654109589041;175;255255000
vpja25;26;9217;9556;162,579452054794;9,85410958904106;339;0
vpja25;26;9623;9799;30,4794520547945;-220,845890410959;176;2,55e+08
vpja25;26;9824;10000;10,1794520547945;-243,245890410959;176;255000
