vp;trial;timest;timeend;x;y;duration;roi
vpja94;1;303;449;-24,9000000000001;-254,1;146;255000
vpja94;1;468;771;-54,1;-275,3;303;255000
vpja94;1;833;934;-430,9;63,6;101;0
vpja94;1;962;1225;-481,9;172,7;263;255
vpja94;1;1275;1548;-385;-52,6;273;0
vpja94;1;1569;1931;-421,1;-76,3;362;0
vpja94;1;2018;2291;394,7;153,3;273;255255000
vpja94;1;2314;2492;354,9;177;178;255255000
vpja94;1;2518;2791;434,8;202,2;273;255255000
vpja94;1;2807;2886;470;211,3;79;255255000
vpja94;1;2966;3185;-406,5;192,4;219;255
vpja94;1;3211;3630;-480,2;192,1;419;255
vpja94;1;3680;3896;-352,3;-38,8;216;0
vpja94;1;3922;4177;-328;-47,8;255;0
vpja94;1;4193;4627;-346,7;-46,3;434;0
vpja94;1;4640;5065;-355,4;-43,1999999999999;425;0
vpja94;1;5087;5338;-303,6;-46,8;251;0
vpja94;1;5359;5772;-330;-44,6;413;0
vpja94;1;5796;6109;-354,6;-43,3;313;0
vpja94;1;6135;6514;-416,5;-87,8;379;0
vpja94;1;6536;6788;-398,8;-81,4;252;0
vpja94;1;6835;6971;-491,2;-231,6;136;0
vpja94;1;7009;7333;-597,1;-220,2;324;0
vpja94;1;7398;7541;-32,3000000000001;-289,8;143;255000
vpja94;1;7564;7916;-40,4000000000001;-259,2;352;255000
vpja94;1;7951;8126;-51,6;-134,2;175;2,55e+08
vpja94;1;8179;8351;363,5;-0,699999999999932;172;0
vpja94;1;8380;8489;391,2;93,2;109;255255000
vpja94;1;8542;8686;579,9;-120,9;144;0
vpja94;1;8734;8912;578,1;-262,6;178;0
vpja94;1;8989;9185;288;152,8;196;255255000
vpja94;1;9213;9300;392,3;142,9;87;255255000
vpja94;1;9455;9927;-425,2;186,9;472;255
vpja94;1;9956;9997;-492,3;159,6;41;255
vpja94;2;64;296;21,1;-0,100000000000023;232;0
vpja94;2;340;487;-125,4;-143,5;147;255000
vpja94;2;499;641;-134,1;-132,1;142;255000
vpja94;2;700;858;-480,8;130,4;158;255255000
vpja94;2;881;1072;-514,7;149,2;191;0
vpja94;2;1110;1158;-405,3;141,2;48;255255000
vpja94;2;1232;1370;287,3;-4,39999999999998;138;0
vpja94;2;1397;1559;344,1;-3;162;0
vpja94;2;1609;1707;177,3;64,2;98;255
vpja94;2;1772;2040;-122,1;-416,9;268;0
vpja94;2;2064;2177;-94,9;-392,9;113;0
vpja94;2;2237;2422;-135,8;-113,1;185;255000
vpja94;2;2443;2612;-127,2;-134,6;169;255000
vpja94;2;2664;2912;-73,8;-404,8;248;0
vpja94;2;2931;3054;-93,9;-421,6;123;0
vpja94;2;3107;3280;-454,4;-394,1;173;0
vpja94;2;3339;3494;-522,3;-162,5;155;0
vpja94;2;3521;4094;-478,5;-158,7;573;0
vpja94;2;4174;4421;150;90,9;247;255
vpja94;2;4448;4601;211,8;147,3;153;0
vpja94;2;4642;4912;197,6;69,1;270;255
vpja94;2;4941;5289;340;-8,89999999999998;348;0
vpja94;2;5306;5811;358,3;-7,20000000000005;505;0
vpja94;2;5850;6001;316,9;94,9;151;0
vpja94;2;6044;6611;197,1;218;567;0
vpja94;2;6684;6876;-472,1;186,2;192;0
vpja94;2;6903;7141;-472,2;142,2;238;255255000
vpja94;2;7162;7334;-436,6;143,7;172;255255000
vpja94;2;7360;7584;-477,9;151,3;224;255255000
vpja94;2;7637;7820;-460,7;363;183;0
vpja94;2;7847;8021;-445,4;415,3;174;0
vpja94;2;8106;8167;123,9;369,9;61;0
vpja94;2;8225;8369;482,9;410,7;144;0
vpja94;2;8429;8547;624,8;243,3;118;0
vpja94;2;8608;8768;602,6;-68,6;160;0
vpja94;2;8824;8942;289;-7,70000000000005;118;0
vpja94;2;9004;9236;-27,9;-404,4;232;0
vpja94;2;9305;9497;-480,9;-401,3;192;0
vpja94;2;9556;9732;-584;-166,1;176;0
vpja94;2;9794;9933;-159,7;-121,9;139;0
vpja94;2;9958;10000;-128,6;-125,4;42;255000
vpja94;3;255;397;161,1;-128;142;255000
vpja94;3;464;490;-137,1;260;26;255
vpja94;3;712;747;-135,1;263,1;35;255
vpja94;3;813;982;421,9;361,9;169;255255000
vpja94;3;1008;1215;300,2;383,3;207;255255000
vpja94;3;1278;1514;442,4;147,3;236;0
vpja94;3;1574;1723;-2,60000000000002;254,3;149;0
vpja94;3;1753;1914;-148,6;262,7;161;255
vpja94;3;1937;2102;-200,2;269;165;255
vpja94;3;2117;2328;-214,3;273,7;211;255
vpja94;3;2356;2521;-102,5;270,5;165;255
vpja94;3;2586;2826;-95,4;-123,2;240;0
vpja94;3;2875;3085;-89,4;-283,5;210;0
vpja94;3;3135;3315;60,9;-55,4;180;2,55e+08
vpja94;3;3347;3688;178,3;-137,7;341;255000
vpja94;3;3715;3878;258,9;-175,2;163;0
vpja94;3;3937;4113;471,2;114,8;176;0
vpja94;3;4135;4674;453,6;145,9;539;0
vpja94;3;4690;4938;456,4;127,1;248;0
vpja94;3;5000;5197;196,2;-187,8;197;255000
vpja94;3;5217;5593;181;-157,7;376;255000
vpja94;3;5625;5928;136,9;-30,2;303;2,55e+08
vpja94;3;5986;6220;-171,2;203,5;234;0
vpja94;3;6272;6406;24,7;179,3;134;0
vpja94;3;6576;6893;-184,6;260,3;317;255
vpja94;3;6921;7111;-102,1;263,1;190;255
vpja94;3;7136;7441;-147,8;288,6;305;255
vpja94;3;7458;7548;-146;318,6;90;255
vpja94;3;7616;7773;402;351,3;157;255255000
vpja94;3;7831;8124;458,9;164,7;293;255255000
vpja94;3;8167;8464;627;330,6;297;0
vpja94;3;8512;8675;410,8;103;163;0
vpja94;3;8740;8928;71,9000000000001;-211;188;0
vpja94;3;8972;9220;-98,1;-286,5;248;0
vpja94;3;9274;9447;104,4;-195,4;173;0
vpja94;3;9473;9732;177,5;-159,5;259;255000
vpja94;3;9782;9999;-92,9;-136,2;217;0
vpja94;4;201;352;25,8;-201,1;151;2,55e+08
vpja94;4;386;507;-13,3000000000001;-297,5;121;255000
vpja94;4;562;847;-72,9000000000001;-91,7;285;255255000
vpja94;4;894;1130;-15,5;-306,2;236;255000
vpja94;4;1140;1437;-27,4000000000001;-309,6;297;255000
vpja94;4;1486;1631;-189,6;-182,2;145;0
vpja94;4;1669;1920;-237,5;-44,7;251;255
vpja94;4;1962;2191;-43,4000000000001;-20,8000000000001;229;255255000
vpja94;4;2261;2450;515;-43,9000000000001;189;0
vpja94;4;2483;2625;562,6;-67,1;142;0
vpja94;4;2673;2933;227,1;-52;260;0
vpja94;4;2959;3103;181,5;-34,3000000000001;144;0
vpja94;4;3156;3500;-207,9;-1,60000000000002;344;255
vpja94;4;3552;3738;-44,6;31,0999999999999;186;255255000
vpja94;4;3764;4032;-104,2;21,9;268;2,55e+08
vpja94;4;4072;4211;-248,3;-34,1;139;255
vpja94;4;4265;4498;-204,6;-237,5;233;0
vpja94;4;4521;4703;-225,8;-223,1;182;0
vpja94;4;4740;4922;-0,600000000000023;-318,5;182;255000
vpja94;4;4947;5102;-33,6;-313,7;155;255000
vpja94;4;5162;5614;-205,9;-233,1;452;0
vpja94;4;5641;5961;-209,2;-280,8;320;0
vpja94;4;6017;6134;-88,9000000000001;-100,4;117;0
vpja94;4;6175;6407;-16,2;-51,8000000000001;232;255255000
vpja94;4;6432;6701;-63,5;-2,90000000000009;269;0
vpja94;4;6718;6868;-59,5;-23,3000000000001;150;255255000
vpja94;4;6913;7250;201,2;-44,6;337;0
vpja94;4;7265;7312;218,8;-37,2;47;0
vpja94;4;7345;7645;370,7;-44,1;300;0
vpja94;4;7667;7775;330,6;-47,3000000000001;108;0
vpja94;4;7806;8024;471,5;-50,6;218;0
vpja94;4;8050;8295;550,1;-59,3000000000001;245;0
vpja94;4;8317;8453;591,4;-53,4000000000001;136;0
vpja94;4;8614;8805;552,8;-39,4000000000001;191;0
vpja94;4;8834;9087;442,5;-73,9000000000001;253;0
vpja94;4;9107;9321;468,6;-50,6;214;0
vpja94;4;9341;9683;457,1;-14,5;342;0
vpja94;4;9744;9958;490,3;-255,8;214;0
vpja94;5;183;346;131,3;-196;163;255000
vpja94;5;411;558;131,8;140,4;147;2,55e+08
vpja94;5;585;730;60,3;202,2;145;255
vpja94;5;784;1010;-366,5;103,6;226;255255000
vpja94;5;1030;1408;-402,4;87,4;378;255255000
vpja94;5;1472;1632;65,1000000000001;-77,9;160;2,55e+08
vpja94;5;1705;1971;-396,9;108,9;266;255255000
vpja94;5;1996;2421;-397,2;84,9;425;255255000
vpja94;5;2489;2683;79,6000000000001;232,8;194;255
vpja94;5;2705;2940;55,6;237;235;255
vpja94;5;2987;3106;170,6;36,5;119;2,55e+08
vpja94;5;3148;3325;153,8;-220,3;177;255000
vpja94;5;3344;3503;137,7;-197,7;159;255000
vpja94;5;3568;3739;-361,6;100,1;171;255255000
vpja94;5;3765;4268;-407,7;86;503;255255000
vpja94;5;4302;4501;-352,7;54;199;255255000
vpja94;5;4520;4661;-330,9;34,1;141;0
vpja94;5;4687;4990;-392,4;80,5;303;255255000
vpja94;5;5015;5333;-368,6;120,7;318;255255000
vpja94;5;5355;5658;-336,5;143,3;303;255255000
vpja94;5;5669;6125;-340;160,3;456;255255000
vpja94;5;6191;6411;64,8;243,3;220;255
vpja94;5;6425;6713;54;235;288;255
vpja94;5;6759;6968;152,3;46,3000000000001;209;2,55e+08
vpja94;5;7033;7483;-415,5;116,3;450;255255000
vpja94;5;7533;7734;-538,8;-54,1999999999999;201;0
vpja94;5;7819;7979;178,5;-206;160;255000
vpja94;5;8002;8436;149,8;-195,6;434;255000
vpja94;5;8494;8621;180,1;61;127;2,55e+08
vpja94;5;8642;8777;149,2;39,6;135;2,55e+08
vpja94;5;8842;8988;144,3;304;146;0
vpja94;5;9014;9579;74,4000000000001;236,2;565;255
vpja94;5;9639;9846;-344,3;158,2;207;255255000
vpja94;5;9874;10000;-388,7;94,6;126;255255000
vpja94;6;227;354;189,9;114,2;127;255
vpja94;6;379;667;222,7;167,9;288;255
vpja94;6;735;985;-398,8;404,9;250;255255000
vpja94;6;1012;1402;-427;349,6;390;255255000
vpja94;6;1481;1644;-338,3;-209,9;163;255000
vpja94;6;1673;1926;-321,1;-282,5;253;255000
vpja94;6;1949;2173;-294,7;-299,5;224;255000
vpja94;6;2217;2252;-444,1;-51,4;35;2,55e+08
vpja94;6;2295;2431;-472,6;97,7;136;2,55e+08
vpja94;6;2522;2667;416,7;-155;145;0
vpja94;6;2708;2898;447,2;-224,1;190;0
vpja94;6;3112;3213;-233;201,6;101;0
vpja94;6;3267;3621;-376,6;311,2;354;255255000
vpja94;6;3643;4281;-390,2;330,5;638;255255000
vpja94;6;4354;4638;202,3;173,6;284;255
vpja94;6;4664;5436;224,6;153,9;772;255
vpja94;6;5456;5848;200,4;157,2;392;255
vpja94;6;5874;6609;228;157;735;255
vpja94;6;6622;6804;201,4;161,5;182;255
vpja94;6;6871;7055;-335,5;356,7;184;255255000
vpja94;6;7082;8434;-398,6;340,3;1352;255255000
vpja94;6;8647;8866;-389,3;226,8;219;2,55e+08
vpja94;6;8897;9720;-394,3;339,3;823;255255000
vpja94;6;9803;9965;280,2;214;162;0
vpja94;7;250;378;40,1;86,4;128;0
vpja94;7;428;621;-233,6;103,3;193;255
vpja94;7;644;925;-270,5;99;281;255
vpja94;7;981;1273;-110,7;-217,4;292;255000
vpja94;7;1400;1590;-279,7;130;190;0
vpja94;7;1612;2234;-257,6;101;622;255
vpja94;7;2299;2623;117,8;102,8;324;255255000
vpja94;7;2647;2886;142,8;114;239;255255000
vpja94;7;2909;3501;85,9000000000001;111,7;592;0
vpja94;7;3526;3797;144,1;109,7;271;255255000
vpja94;7;3813;4031;158,7;115,4;218;0
vpja94;7;4261;4437;-81,2;-232,1;176;255000
vpja94;7;4453;4896;-90,8;-218,6;443;255000
vpja94;7;4962;5145;-272,6;70,2;183;0
vpja94;7;5167;5933;-275,5;103,7;766;0
vpja94;7;5985;6205;73,5;143,2;220;0
vpja94;7;6231;6384;112,7;104,9;153;255255000
vpja94;7;6435;6742;372,1;-34,7;307;0
vpja94;7;6797;7012;134,1;89;215;255255000
vpja94;7;7037;7261;72,5;110;224;0
vpja94;7;7315;7697;-248,2;105,9;382;255
vpja94;7;7746;8684;95,0999999999999;111,6;938;0
vpja94;7;8709;9301;142,3;112,5;592;255255000
vpja94;7;9324;9593;156,1;171,4;269;0
vpja94;7;9619;10000;152,1;127,8;381;255255000
vpja94;8;198;371;57,8000000000001;-42,1;173;255000
vpja94;8;424;584;-18,9;84,2;160;255
vpja94;8;608;995;-54,4;95;387;255
vpja94;8;1020;1448;-12,8;93,2;428;255
vpja94;8;1468;1771;-38,1;96,3;303;255
vpja94;8;1830;2009;292,3;161,7;179;255255000
vpja94;8;2035;2477;338,9;173,1;442;255255000
vpja94;8;2529;2723;-2;113,8;194;255
vpja94;8;2748;3183;-57,5;105,1;435;255
vpja94;8;3223;3990;76,4;-50,5;767;255000
vpja94;8;4040;4223;349;-137,3;183;0
vpja94;8;4250;4501;408,3;-178,9;251;0
vpja94;8;4718;4898;26,7;146,6;180;255
vpja94;8;4928;5139;-46,6999999999999;102,7;211;255
vpja94;8;5200;5953;302,2;166,8;753;255255000
vpja94;8;6013;6230;9,39999999999998;141,3;217;255
vpja94;8;6268;6465;-45,1999999999999;125,3;197;255
vpja94;8;6536;6707;358,4;-220,1;171;0
vpja94;8;6731;7014;418,9;-194,1;283;0
vpja94;8;7086;7246;-40,6999999999999;-265;160;0
vpja94;8;7286;7482;-204,8;-295,8;196;0
vpja94;8;7529;7658;-406;-207;129;0
vpja94;8;7726;7850;-561,8;55,6;124;0
vpja94;8;7890;8124;-566;134,9;234;0
vpja94;8;8182;8304;-574,4;393,1;122;0
vpja94;8;8331;8576;-561,3;325,4;245;0
vpja94;8;8607;8997;-526,8;314,8;390;0
vpja94;8;9099;9265;208,7;195,6;166;0
vpja94;8;9296;9547;318,6;176,2;251;255255000
vpja94;8;9611;10000;-26,6;96,2;389;255
vpja94;9;289;444;-176,183153234562;-241,318378335831;155;255000
vpja94;9;523;639;-322,883153234562;244,281621664169;116;0
vpja94;9;680;840;-459,683153234562;289,881621664169;160;255
vpja94;9;898;1094;-145,783153234562;313,681621664169;196;255255000
vpja94;9;1125;1453;-108,083153234562;309,681621664169;328;255255000
vpja94;9;1504;1743;-463,083153234562;306,181621664169;239;255
vpja94;9;1762;2488;-474,283153234562;284,481621664169;726;255
vpja94;9;2505;2740;-488,083153234562;294,681621664169;235;0
vpja94;9;2801;3301;-122,183153234562;312,581621664169;500;255255000
vpja94;9;3480;3642;-200,983153234562;-263,718378335831;162;255000
vpja94;9;3657;3903;-217,583153234562;-250,518378335831;246;255000
vpja94;9;3926;4207;-205,783153234562;-236,118378335831;281;255000
vpja94;9;4270;4346;-184,983153234562;45,2816216641687;76;2,55e+08
vpja94;9;4621;4973;-102,883153234562;331,581621664169;352;255255000
vpja94;9;4998;5038;-114,583153234562;291,881621664169;40;255255000
vpja94;9;5148;5191;-118,483153234562;295,081621664169;43;255255000
vpja94;9;5335;5380;-119,583153234562;292,481621664169;45;255255000
vpja94;9;5402;5792;-99,3831532345621;320,781621664169;390;255255000
vpja94;9;5955;6024;-178,883153234562;209,581621664169;69;2,55e+08
vpja94;9;6074;6641;-463,683153234562;255,281621664169;567;255
vpja94;9;6703;7237;-85,2831532345621;312,481621664169;534;255255000
vpja94;9;7319;7496;257,116846765438;-142,818378335831;177;0
vpja94;9;7532;7687;289,216846765438;-349,818378335831;155;0
vpja94;9;7706;7740;313,916846765438;-367,718378335831;34;0
vpja94;9;7800;8030;-22,5831532345621;-295,418378335831;230;0
vpja94;9;8051;8239;-13,5831532345621;-284,318378335831;188;0
vpja94;9;8293;8511;311,216846765438;-366,518378335831;218;0
vpja94;9;8537;8819;269,516846765438;-342,018378335831;282;0
vpja94;9;8883;9020;-291,083153234562;-346,118378335831;137;0
vpja94;9;9061;9193;-442,383153234562;-387,018378335831;132;0
vpja94;9;9251;9389;-137,483153234562;-295,618378335831;138;255000
vpja94;9;9430;9614;-32,0831532345621;-289,218378335831;184;0
vpja94;9;9645;9693;-10,2831532345621;-288,618378335831;48;0
vpja94;9;9723;9916;-78,7831532345621;-257,318378335831;193;0
vpja94;10;222;369;-29,3804347826087;-236,554710144927;147;255000
vpja94;10;972;1136;367,719565217391;220,145289855073;164;255255000
vpja94;10;1156;1331;405,119565217391;219,345289855073;175;0
vpja94;10;1344;1555;422,719565217391;225,645289855073;211;0
vpja94;10;1951;2164;403,619565217391;231,845289855073;213;0
vpja94;10;2192;2591;417,119565217391;226,045289855072;399;0
vpja94;10;2906;3304;-64,8804347826087;-250,054710144927;398;255000
vpja94;10;3332;3783;-80,1804347826087;-187,754710144927;451;255000
vpja94;10;3822;4020;-70,9804347826087;-259,654710144927;198;255000
vpja94;10;4052;4199;-67,2804347826087;-126,554710144927;147;2,55e+08
vpja94;10;4225;4408;-77,8804347826087;-49,7547101449275;183;2,55e+08
vpja94;10;4459;4652;-47,5804347826087;-234,854710144927;193;255000
vpja94;10;4697;4854;313,619565217391;-328,754710144927;157;0
vpja94;10;4880;4988;304,619565217391;-375,854710144927;108;0
vpja94;10;5055;5473;539,619565217391;-74,0547101449274;418;0
vpja94;10;5527;5705;371,219565217391;140,045289855072;178;0
vpja94;10;5734;6057;372,319565217391;212,145289855073;323;255255000
vpja94;10;6119;6280;-9,08043478260868;251,445289855073;161;0
vpja94;10;6306;6927;-73,2804347826087;291,445289855073;621;255
vpja94;10;6947;7132;-51,2804347826087;300,445289855073;185;255
vpja94;10;7187;7362;380,219565217391;215,845289855073;175;255255000
vpja94;10;7386;7856;409,319565217391;226,045289855072;470;0
vpja94;10;7883;8158;324,719565217391;203,745289855073;275;0
vpja94;10;8182;8343;371,519565217391;216,145289855073;161;255255000
vpja94;10;8559;9027;-46,2804347826087;-255,854710144927;468;255000
vpja94;10;9057;9570;-77,0804347826087;-368,954710144927;513;255000
vpja94;10;9601;9772;-45,9804347826087;-299,154710144927;171;255000
vpja94;10;9794;9971;-37,4804347826087;-261,654710144927;177;255000
vpja94;11;209;397;16,8000000000001;-297,2;188;255000
vpja94;11;421;528;-15;-336,4;107;255000
vpja94;11;798;1103;-531;343,1;305;255
vpja94;11;1196;1382;481,7;376;186;0
vpja94;11;1475;1630;61,3000000000001;-322,8;155;255000
vpja94;11;1659;2099;3,30000000000007;-397,5;440;255000
vpja94;11;2148;2522;-270,8;-336,5;374;0
vpja94;11;2579;2823;26,9;-355;244;255000
vpja94;11;2852;2962;10;-392,3;110;255000
vpja94;11;3042;3207;-309,8;77,5999999999999;165;0
vpja94;11;3258;3382;-276,9;236,5;124;255
vpja94;11;3437;3716;-541,2;378,9;279;0
vpja94;11;3756;3931;-461,4;381,8;175;255
vpja94;11;4000;4048;-50,6999999999999;250,9;48;0
vpja94;11;4120;4319;459,6;331,1;199;0
vpja94;11;4382;4601;598,4;151,9;219;0
vpja94;11;4620;4772;622,6;162,4;152;0
vpja94;11;4831;5112;463,9;343,6;281;0
vpja94;11;5141;5409;482,6;441,5;268;255255000
vpja94;11;5434;5601;438;440,7;167;255255000
vpja94;11;5685;5857;-406,5;334;172;255
vpja94;11;5886;6124;-551,3;383;238;0
vpja94;11;6184;6454;-217,5;232,2;270;255
vpja94;11;6508;6769;-502,8;349,4;261;255
vpja94;11;6802;7157;-472,9;399,3;355;255
vpja94;11;7212;7371;-211,3;230,1;159;255
vpja94;11;7458;7664;514,3;371,8;206;0
vpja94;11;7703;8231;494,5;437,3;528;255255000
vpja94;11;8399;8691;35,8000000000001;-388,2;292;255000
vpja94;11;8747;8953;-351,4;-341,8;206;0
vpja94;11;9009;9159;7,89999999999998;-367,9;150;255000
vpja94;11;9237;9371;540,4;-155,6;134;0
vpja94;11;9406;9601;367,1;-251;195;0
vpja94;11;9683;9869;-368,8;-300,4;186;0
vpja94;11;9912;10000;-521,3;-299,9;88;0
vpja94;12;223;322;-123,6;-190,3;99;2,55e+08
vpja94;12;348;521;-162,5;-252,6;173;255000
vpja94;12;599;806;-470,3;239,3;207;255
vpja94;12;835;1140;-459,3;325,9;305;255
vpja94;12;1203;1414;-482,2;32,6;211;0
vpja94;12;1476;1637;-464,5;342,6;161;255
vpja94;12;1703;1980;-470;-10,5;277;0
vpja94;12;2014;2235;-450,1;33,1;221;0
vpja94;12;2298;2418;-185,6;-202,2;120;255000
vpja94;12;2460;3009;-162,2;-265,6;549;255000
vpja94;12;3068;3250;-288;-31,1999999999999;182;0
vpja94;12;3309;3519;-144,1;-252,1;210;255000
vpja94;12;3539;3981;-163;-268,5;442;255000
vpja94;12;4068;4289;-442,7;179,9;221;0
vpja94;12;4322;4603;-498,9;272,8;281;255
vpja94;12;4642;4859;-405,5;270,7;217;255
vpja94;12;4933;5031;-70,4;-139;98;2,55e+08
vpja94;12;5095;5405;378;-100,3;310;255255000
vpja94;12;5440;5743;425,4;-98,5;303;255255000
vpja94;12;5770;5934;344;-89,4;164;255255000
vpja94;12;6034;6504;-440,1;242,9;470;255
vpja94;12;6560;6713;-226,3;-164,3;153;0
vpja94;12;6759;7091;-158,4;-278,4;332;255000
vpja94;12;7307;7638;-491,1;243;331;255
vpja94;12;7679;8101;-406,8;259,9;422;255
vpja94;12;8360;8728;369,1;-79,5;368;255255000
vpja94;12;8755;8953;426,5;-105,1;198;255255000
vpja94;12;8968;9478;442,9;-103,9;510;0
vpja94;12;9541;9681;-128,3;-224,8;140;255000
vpja94;12;9706;10000;-160,4;-278,7;294;255000
vpja94;13;262;456;-67,5749999999999;-180,607575757576;194;255000
vpja94;13;507;641;-87,175;-8,80757575757571;134;2,55e+08
vpja94;13;698;957;12,025;168,392424242424;259;255
vpja94;13;975;1188;-0,574999999999932;181,192424242424;213;0
vpja94;13;1215;2131;61,4250000000001;164,592424242424;916;0
vpja94;13;2158;2334;-0,975000000000023;165,592424242424;176;0
vpja94;13;2399;2529;-51,975;-136,907575757576;130;255000
vpja94;13;2557;2726;-67,975;-198,307575757576;169;255000
vpja94;13;2796;3005;-366,875;117,992424242424;209;0
vpja94;13;3052;3324;-433,475;197,392424242424;272;0
vpja94;13;3355;3902;-301,475;106,892424242424;547;255255000
vpja94;13;3925;4231;-310,075;92,5924242424243;306;255255000
vpja94;13;4281;4502;6,22500000000002;154,292424242424;221;255
vpja94;13;4528;5016;48,525;164,892424242424;488;0
vpja94;13;5087;5480;-307,575;126,592424242424;393;255255000
vpja94;13;5541;5769;1,125;118,892424242424;228;0
vpja94;13;5835;6077;-56,675;-205,207575757576;242;255000
vpja94;13;6100;6671;-69,775;-188,307575757576;571;255000
vpja94;13;6739;6959;20,525;139,692424242424;220;0
vpja94;13;6980;7142;19,4250000000001;160,592424242424;162;0
vpja94;13;7165;7435;-19,975;165,192424242424;270;0
vpja94;13;7476;7882;50,725;161,792424242424;406;0
vpja94;13;7906;8127;-13,275;164,692424242424;221;0
vpja94;13;8184;8681;-344,775;132,792424242424;497;255255000
vpja94;13;8744;8914;-175,375;319,092424242424;170;0
vpja94;13;8941;9128;-217,375;339,392424242424;187;0
vpja94;13;9259;9402;-102,875;287,292424242424;143;0
vpja94;13;9471;9653;-465,575;279,892424242424;182;0
vpja94;13;9695;9863;-458,475;220,592424242424;168;0
vpja94;13;9926;10000;-411,575;-44,4075757575757;74;0
vpja94;14;197;307;38,1;-186,2;110;2,55e+08
vpja94;14;352;480;61,2;-314,8;128;255000
vpja94;14;496;1117;60;-303,2;621;255000
vpja94;14;1228;1407;406,4;246,2;179;255
vpja94;14;1434;1575;390,2;207,3;141;255
vpja94;14;1602;1891;328,2;247,2;289;255
vpja94;14;1928;2098;393,8;199,6;170;255
vpja94;14;2170;2352;-289,6;222,3;182;255255000
vpja94;14;2402;2736;-385,5;186,5;334;255255000
vpja94;14;2824;3013;409,6;243,1;189;255
vpja94;14;3039;3232;322,2;259,2;193;255
vpja94;14;3254;3442;330,8;255,2;188;255
vpja94;14;3474;3632;396;191,9;158;255
vpja94;14;3680;3968;290,5;-86,9;288;0
vpja94;14;4043;4269;-321,9;-65,8;226;0
vpja94;14;4330;4441;-384,1;168;111;255255000
vpja94;14;4498;4826;-491,9;274,6;328;255255000
vpja94;14;4887;5007;-308,2;12,6;120;0
vpja94;14;5052;5220;-281,3;-80,6;168;0
vpja94;14;5292;5518;16,1;-366,6;226;255000
vpja94;14;5560;5721;72,0999999999999;-316,5;161;255000
vpja94;14;5744;6197;57,7;-301,3;453;255000
vpja94;14;6308;6344;489,3;8,29999999999995;36;0
vpja94;14;6356;6521;445,7;30,9;165;0
vpja94;14;6574;6670;338,1;158,3;96;255
vpja94;14;6823;7038;200,1;189;215;255
vpja94;14;7085;7218;53,5;50,2;133;2,55e+08
vpja94;14;7271;7501;-297,8;-110,4;230;0
vpja94;14;7559;7828;-509,6;-32,5;269;0
vpja94;14;7858;8010;-539,4;74,4;152;0
vpja94;14;8072;8231;-310,6;-82;159;0
vpja94;14;8264;8676;-284,2;-98,3;412;0
vpja94;14;8765;8888;492,4;-72,6;123;0
vpja94;14;8933;9148;603;-34,8;215;0
vpja94;14;9178;9475;521;-98,6;297;0
vpja94;14;9521;9759;269,1;-109,9;238;0
vpja94;14;9876;10000;-314,2;145,7;124;255255000
vpja94;15;209;311;29,8;-183,4;102;2,55e+08
vpja94;15;354;506;7,89999999999998;-305,4;152;255000
vpja94;15;573;597;-317,6;-52,8000000000001;24;0
vpja94;15;645;963;-366,6;141,5;318;0
vpja94;15;1040;1233;20,8;-314,5;193;255000
vpja94;15;1254;1547;22,8;-293,4;293;255000
vpja94;15;1788;2112;-359,1;142,6;324;255
vpja94;15;2189;2401;336,9;182,1;212;0
vpja94;15;2421;2654;311,7;165,8;233;0
vpja94;15;2681;2808;250;159,3;127;255255000
vpja94;15;2886;3115;-348,8;163,7;229;255
vpja94;15;3138;3408;-357,8;146,1;270;255
vpja94;15;3636;3841;309,9;-381,3;205;0
vpja94;15;3871;3996;157;-376,7;125;0
vpja94;15;4044;4146;269,8;-432,6;102;0
vpja94;15;4211;4487;-91,6;-436,8;276;0
vpja94;15;4515;5038;-62;-388,1;523;0
vpja94;15;5251;5372;339,2;193,1;121;0
vpja94;15;5396;5607;328,1;161;211;255255000
vpja94;15;5650;5873;550,2;240,9;223;0
vpja94;15;5926;6121;355,9;227,1;195;0
vpja94;15;6198;6352;-189,3;256,7;154;0
vpja94;15;6396;6519;-335,4;269,3;123;0
vpja94;15;6575;6753;-493,8;223,8;178;0
vpja94;15;6816;7245;-66,6;318,2;429;0
vpja94;15;7268;7515;-91,4;297,6;247;0
vpja94;15;7578;8194;-329,5;138,7;616;255
vpja94;15;8266;8469;272,6;136,3;203;255255000
vpja94;15;8505;8901;333,3;152;396;255255000
vpja94;15;8988;9249;-314,2;135,5;261;255
vpja94;15;9273;9833;-336,9;132,2;560;255
vpja94;16;274;426;-352,7;-37,1;152;255000
vpja94;16;755;965;-350,3;329,1;210;0
vpja94;16;1031;1281;195,1;229,2;250;255255000
vpja94;16;1358;1558;-383,7;359,7;200;0
vpja94;16;1599;1945;-338,5;289,3;346;255
vpja94;16;1970;2288;-353,9;278,4;318;255
vpja94;16;2359;2595;202,9;222,9;236;255255000
vpja94;16;2654;2908;367,5;80,2;254;0
vpja94;16;2945;3106;459,3;55,1;161;0
vpja94;16;3142;3450;528,1;-83,4;308;0
vpja94;16;3539;3668;-374,7;-90,6;129;255000
vpja94;16;3690;4020;-389,7;-56,3;330;255000
vpja94;16;4069;4209;-225,4;-77,9;140;0
vpja94;16;4257;4306;-47,8;-44,3;49;0
vpja94;16;4429;4638;-369,2;390,4;209;0
vpja94;16;4718;4821;375,6;222,7;103;0
vpja94;16;4875;5014;394,5;-6,70000000000005;139;0
vpja94;16;5068;5220;197;-19,2;152;0
vpja94;16;5293;5479;-505,6;-133,3;186;0
vpja94;16;5506;5746;-566,7;-193,7;240;0
vpja94;16;5794;6152;-631,1;-362,7;358;0
vpja94;16;6202;6555;-644,9;-149,1;353;NA
vpja94;16;6645;6730;83,4;-87,7;85;0
vpja94;16;6802;6967;554,7;-109,7;165;0
vpja94;16;7016;7195;558,4;66,3;179;0
vpja94;16;7247;7462;508;-78,7;215;0
vpja94;16;7525;7627;312;64,4;102;0
vpja94;16;7686;7813;63,9;192;127;0
vpja94;16;7855;8065;186,8;181,2;210;255255000
vpja94;16;8138;8848;-334,1;289;710;255
vpja94;16;8913;9126;-402,8;-32,3;213;0
vpja94;16;9147;9404;-408;-58,7;257;255000
vpja94;16;9501;9728;-336,7;311,5;227;255
vpja94;16;9806;10000;206,6;211;194;255255000
vpja94;17;272;374;-181,9;-188,1;102;2,55e+08
vpja94;17;397;646;-220,4;-238,6;249;255000
vpja94;17;913;1180;-33,5;147,7;267;255
vpja94;17;1203;1303;-27,1;120,3;100;255
vpja94;17;1372;1741;-473,3;61,5;369;255255000
vpja94;17;1807;2007;-104,3;-95,6;200;0
vpja94;17;2057;2512;-31,1;18,5;455;255
vpja94;17;2546;2824;-12,6999999999999;121,2;278;255
vpja94;17;2896;3140;-468,3;109,9;244;255255000
vpja94;17;3166;3530;-517,8;63,8;364;255255000
vpja94;17;3565;4042;-450;92,4;477;255255000
vpja94;17;4070;4316;-429,6;165,1;246;0
vpja94;17;4369;4645;-502,5;233,9;276;0
vpja94;17;4687;4855;-435,4;90,4;168;255255000
vpja94;17;4882;5013;-496;12,8;131;0
vpja94;17;5094;5348;-31,3;57;254;255
vpja94;17;5380;5608;-16,5;120,3;228;255
vpja94;17;5686;5850;577,8;-154,8;164;0
vpja94;17;5881;6074;612,2;-158,4;193;0
vpja94;17;6174;6389;-484,4;83,4;215;255255000
vpja94;17;6425;6626;-474,1;36;201;255255000
vpja94;17;6655;6974;-447;40,4;319;255255000
vpja94;17;6995;7148;-436,3;38,6999999999999;153;255255000
vpja94;17;7177;7407;-502,1;59,9;230;255255000
vpja94;17;7641;7998;-532;50,5;357;255255000
vpja94;17;8032;8220;-478,8;38,3;188;255255000
vpja94;17;8254;8955;-436,8;34,0999999999999;701;255255000
vpja94;17;9179;9289;-153,2;-187,3;110;0
vpja94;17;9316;9520;-207,5;-254,2;204;255000
vpja94;17;9542;9938;-229,2;-238;396;255000
vpja94;18;279;424;-410,3;167,8;145;255255000
vpja94;18;449;612;-486,5;201,8;163;255255000
vpja94;18;693;957;398;253,4;264;0
vpja94;18;983;1273;363,4;216,5;290;255
vpja94;18;1344;1718;-6,20000000000005;-262,3;374;255000
vpja94;18;1736;2044;-25,5;-279,8;308;255000
vpja94;18;2128;2414;396,8;240,7;286;0
vpja94;18;2443;2629;365,7;202,8;186;255
vpja94;18;2722;2923;-450,7;217,6;201;255255000
vpja94;18;2949;3119;-457,2;156,9;170;255255000
vpja94;18;3150;3364;-447,7;267,3;214;255255000
vpja94;18;3396;3681;-411,6;271;285;255255000
vpja94;18;3706;3935;-426,3;291,8;229;255255000
vpja94;18;3958;4216;-411,4;276,2;258;255255000
vpja94;18;4252;4490;-371,2;221;238;255255000
vpja94;18;4530;4737;-419,1;280,4;207;255255000
vpja94;18;4761;5026;-398,6;268;265;255255000
vpja94;18;5061;5279;-362,3;233;218;255255000
vpja94;18;5300;5508;-356,7;215,9;208;255255000
vpja94;18;5529;5955;-365,4;242,5;426;255255000
vpja94;18;5978;6030;-384;261,8;52;255255000
vpja94;18;6036;6778;-392,8;274,8;742;255255000
vpja94;18;6819;7190;-360,3;243,9;371;255255000
vpja94;18;7463;7683;-357,7;148,7;220;255255000
vpja94;18;7871;8143;4,19999999999993;-292;272;255000
vpja94;18;8158;8630;-14,5;-275,8;472;255000
vpja94;18;8701;9329;-439;158,6;628;255255000
vpja94;18;9357;9597;-362;217,1;240;255255000
vpja94;18;9685;10000;367,1;227;315;255
vpja94;19;245;381;37,2029197080291;-209,75401459854;136;255000
vpja94;19;448;561;298,302919708029;116,44598540146;113;0
vpja94;19;584;746;267,202919708029;152,94598540146;162;255
vpja94;19;808;1570;-332,397080291971;136,34598540146;762;255255000
vpja94;19;1640;1862;190,402919708029;134,64598540146;222;255
vpja94;19;1895;2186;247,902919708029;160,04598540146;291;255
vpja94;19;2212;2409;291,102919708029;149,14598540146;197;255
vpja94;19;2485;2694;-333,397080291971;140,34598540146;209;255255000
vpja94;19;2720;3003;-326,697080291971;115,04598540146;283;255255000
vpja94;19;3085;3356;272,202919708029;162,64598540146;271;255
vpja94;19;3381;3670;231,802919708029;167,94598540146;289;255
vpja94;19;3736;4324;-330,197080291971;136,74598540146;588;255255000
vpja94;19;4349;4587;-351,897080291971;131,14598540146;238;255255000
vpja94;19;4622;4937;-326,097080291971;107,74598540146;315;255255000
vpja94;19;4964;5196;-351,097080291971;117,04598540146;232;255255000
vpja94;19;5230;5548;-320,497080291971;102,84598540146;318;0
vpja94;19;5581;5830;-340,797080291971;116,64598540146;249;255255000
vpja94;19;5859;6070;-322,997080291971;107,94598540146;211;255255000
vpja94;19;6155;6337;234,402919708029;174,34598540146;182;255
vpja94;19;6375;6683;291,802919708029;148,64598540146;308;255
vpja94;19;6720;7047;246,202919708029;171,64598540146;327;255
vpja94;19;7115;7273;20,602919708029;-262,65401459854;158;255000
vpja94;19;7297;7825;34,7029197080291;-238,55401459854;528;255000
vpja94;19;7901;8312;-356,897080291971;147,74598540146;411;0
vpja94;19;8387;8571;267,302919708029;158,04598540146;184;255
vpja94;19;8597;8986;241,602919708029;174,74598540146;389;255
vpja94;19;9106;9711;29,9029197080291;-244,15401459854;605;255000
vpja94;19;9913;10000;12,002919708029;-215,15401459854;87;255000
vpja94;20;217;305;91,9736842105264;-138,243157894737;88;2,55e+08
vpja94;20;354;484;123,173684210526;-277,443157894737;130;255000
vpja94;20;507;643;94,0736842105263;-258,743157894737;136;255000
vpja94;20;717;946;-429,126315789474;20,3568421052632;229;255
vpja94;20;1018;1200;132,173684210526;211,356842105263;182;255255000
vpja94;20;1242;1449;286,473684210526;158,056842105263;207;255255000
vpja94;20;1537;1727;-417,526315789474;149,256842105263;190;255
vpja94;20;1753;2046;-477,626315789474;84,5568421052633;293;255
vpja94;20;2098;2151;-380,526315789474;-170,743157894737;53;0
vpja94;20;2228;2376;210,973684210526;-237,043157894737;148;255000
vpja94;20;2405;2631;108,173684210526;-272,643157894737;226;255000
vpja94;20;2781;3045;-412,026315789474;104,056842105263;264;255
vpja94;20;3108;3284;-474,426315789474;-200,343157894737;176;0
vpja94;20;3326;3483;-390,826315789474;-182,843157894737;157;0
vpja94;20;3553;3728;-134,326315789474;-345,343157894737;175;0
vpja94;20;3772;3947;-96,7263157894737;-410,043157894737;175;0
vpja94;20;4019;4123;-50,4263157894737;-53,2431578947368;104;0
vpja94;20;4169;4373;-77,6263157894737;-162,043157894737;204;0
vpja94;20;4551;5015;-425,326315789474;97,2568421052632;464;255
vpja94;20;5109;5783;269,973684210526;218,856842105263;674;255255000
vpja94;20;5809;5957;288,573684210526;178,456842105263;148;255255000
vpja94;20;6073;6444;110,473684210526;-255,343157894737;371;255000
vpja94;20;6623;7203;104,773684210526;-259,143157894737;580;255000
vpja94;20;7259;7418;160,173684210526;-97,2431578947368;159;2,55e+08
vpja94;20;7442;7700;154,373684210526;-58,9431578947367;258;2,55e+08
vpja94;20;7767;8001;-405,926315789474;34,7568421052632;234;255
vpja94;20;8071;8341;144,573684210526;-37,7431578947368;270;2,55e+08
vpja94;20;8370;9403;159,273684210526;-26,5431578947367;1033;2,55e+08
vpja94;20;9450;9544;-97,8263157894737;-23,3431578947368;94;0
vpja94;20;9604;10000;-400,726315789474;27,0568421052633;396;255
vpja94;21;207;291;-10;-193,8;84;2,55e+08
vpja94;21;342;473;-5,60000000000002;-370,9;131;255000
vpja94;21;488;970;-8,20000000000005;-360;482;255000
vpja94;21;1027;1311;143,5;-289,2;284;0
vpja94;21;1384;1795;-413,5;-274,9;411;0
vpja94;21;1821;2085;-461,8;-277,2;264;0
vpja94;21;2118;2264;-479,3;-364,2;146;0
vpja94;21;2290;2517;-515,2;-363,5;227;0
vpja94;21;2549;2845;-471,9;-440,9;296;0
vpja94;21;2900;3023;-365,3;-336,4;123;0
vpja94;21;3070;3220;-430,1;-273,8;150;0
vpja94;21;3293;3431;55,1999999999999;-252,4;138;0
vpja94;21;3505;3688;375,9;212,4;183;255
vpja94;21;3727;3864;381,3;298,6;137;255
vpja94;21;3888;4204;399,9;316;316;0
vpja94;21;4285;4719;-295,4;169,8;434;255255000
vpja94;21;4783;4981;-11;51,0999999999999;198;0
vpja94;21;5055;5185;-9,30000000000007;-375,5;130;255000
vpja94;21;5209;5631;-4,5;-352,9;422;255000
vpja94;21;5694;6249;-22,5;-109,1;555;2,55e+08
vpja94;21;6326;6464;360,2;192,9;138;255
vpja94;21;6515;6669;456,3;272,1;154;0
vpja94;21;6704;7261;403,7;316,4;557;0
vpja94;21;7346;7646;-253,7;192,4;300;255255000
vpja94;21;7673;8062;-241;164,2;389;255255000
vpja94;21;8136;8605;331,3;251,1;469;255
vpja94;21;8642;8944;380,7;284,1;302;255
vpja94;21;9043;9330;-17,7;-77,2;287;2,55e+08
vpja94;21;9391;9559;3,29999999999995;-370,2;168;255000
vpja94;21;9582;10000;9;-346,2;418;255000
vpja94;22;227;329;107,9;-226,6;102;255000
vpja94;22;358;729;145;-298,7;371;255000
vpja94;22;814;950;-310,9;290,6;136;255255000
vpja94;22;1017;1371;203,9;346,1;354;255
vpja94;22;1403;1821;179,2;399,4;418;255
vpja94;22;1873;2042;191,9;275,7;169;255
vpja94;22;2107;2308;-358,2;287,1;201;255255000
vpja94;22;2383;2551;-436,8;-138,7;168;0
vpja94;22;2589;2906;-582;-99;317;0
vpja94;22;2971;3217;-499,4;-318,9;246;0
vpja94;22;3286;3424;-72,6;-267;138;0
vpja94;22;3493;3714;461,9;180;221;0
vpja94;22;3769;4024;329,4;338,6;255;2,55e+08
vpja94;22;4083;4303;40,9;274,5;220;2,55e+08
vpja94;22;4341;4601;-30,4;304,9;260;0
vpja94;22;4630;4989;11,5;389,7;359;0
vpja94;22;5049;5292;-390,9;285,3;243;255255000
vpja94;22;5339;5493;-275;336,9;154;0
vpja94;22;5673;5971;134,8;-275,1;298;255000
vpja94;22;5997;6317;147,8;-301,2;320;255000
vpja94;22;6398;6620;523,6;178,1;222;0
vpja94;22;6665;6941;527,9;283;276;0
vpja94;22;7003;7435;167,6;283,2;432;255
vpja94;22;7464;7623;168,7;303,8;159;255
vpja94;22;7703;7911;-405,3;307,5;208;255255000
vpja94;22;7946;8205;-363,9;300,4;259;255255000
vpja94;22;8283;8770;228,9;338,4;487;255
vpja94;22;8834;8974;-12,9;271,9;140;2,55e+08
vpja94;22;9044;9668;-438,3;299,2;624;255255000
vpja94;22;9767;9938;134,5;-224,4;171;255000
vpja94;22;9967;10000;150,1;-279,5;33;255000
vpja94;23;197;284;53,6;-211,7;87;2,55e+08
vpja94;23;330;541;95;-310,7;211;255000
vpja94;23;641;872;494,4;94,3;231;255
vpja94;23;898;1239;473,9;82,5;341;255
vpja94;23;1271;1401;497,8;65,1999999999999;130;255
vpja94;23;1474;1570;144,3;-234,2;96;2,55e+08
vpja94;23;1614;2162;123,9;-314,6;548;255000
vpja94;23;2240;2511;-155,2;39;271;255255000
vpja94;23;2544;2748;-31,5;-12,7;204;0
vpja94;23;2783;2917;0,700000000000045;-26,1;134;255255000
vpja94;23;2985;3225;472;85,6999999999999;240;255
vpja94;23;3253;3779;483,4;51,1999999999999;526;255
vpja94;23;3817;3916;498,9;3,19999999999993;99;0
vpja94;23;3985;4148;-32,2;2,79999999999995;163;0
vpja94;23;4181;4464;-140,5;35,3;283;255255000
vpja94;23;4536;4703;106,2;-266,4;167;255000
vpja94;23;4736;4918;114,6;-307,3;182;255000
vpja94;23;4940;5295;109,8;-326,3;355;255000
vpja94;23;5307;5869;113,8;-313;562;255000
vpja94;23;6110;6412;-164,4;30,9;302;255255000
vpja94;23;6453;6643;-60,7;-15,7;190;255255000
vpja94;23;6670;6806;1,20000000000005;-44;136;255255000
vpja94;23;6875;7096;-587,1;17;221;0
vpja94;23;7158;7433;-314;-25;275;0
vpja94;23;7460;7560;-298,2;-10,8000000000001;100;0
vpja94;23;7636;8241;-596,3;387,6;605;0
vpja94;23;8293;8493;-582;225,4;200;0
vpja94;23;8519;8688;-616,5;228,9;169;0
vpja94;23;8739;9502;-603,9;379,7;763;0
vpja94;23;9528;9686;-582,2;378,1;158;0
vpja94;23;9870;9999;16,5;56,5999999999999;129;0
vpja94;24;204;309;45,1;-103,1;105;2,55e+08
vpja94;24;361;569;103;-254,7;208;255000
vpja94;24;649;768;443,1;264,4;119;0
vpja94;24;793;982;446,5;300,9;189;255
vpja94;24;998;1336;424,9;294;338;255
vpja94;24;1384;1569;487,6;378,9;185;255
vpja94;24;1600;2109;525,4;383,6;509;0
vpja94;24;2135;2777;430,3;371,5;642;255
vpja94;24;2814;2872;465,8;373,1;58;255
vpja94;24;2964;3091;-422,8;306,7;127;0
vpja94;24;3130;3325;-486,5;314;195;0
vpja94;24;3351;4031;-524,8;363,8;680;0
vpja94;24;4131;4306;389,1;342,1;175;255
vpja94;24;4337;4563;408,3;289,5;226;255
vpja94;24;4641;4879;105,5;-277,9;238;255000
vpja94;24;4905;5084;113,2;-316,9;179;255000
vpja94;24;5148;5327;-248,9;-261,9;179;0
vpja94;24;5566;5708;-488;286,6;142;0
vpja94;24;5781;5967;-303,6;-72,9;186;0
vpja94;24;6020;6183;-269,2;-221,2;163;0
vpja94;24;6215;6329;-253,9;-284,1;114;0
vpja94;24;6393;6528;-588,5;-46,5;135;0
vpja94;24;6599;6913;-608,8;-262,3;314;0
vpja94;24;7005;7158;356,5;-71,7;153;0
vpja94;24;7191;7337;421,3;-111,2;146;0
vpja94;24;7395;7662;557,9;67,8;267;0
vpja94;24;7705;7884;412;-28,8000000000001;179;0
vpja94;24;7924;8091;333;79,9;167;0
vpja94;24;8383;8648;473,6;317,7;265;255
vpja94;24;8673;9054;420,5;297,9;381;255
vpja94;24;9088;9262;392,9;321,7;174;255
vpja94;24;9285;9581;398,1;336,9;296;255
vpja94;24;9619;9768;499,7;387,2;149;255
vpja94;24;9792;10000;525,3;384,8;208;0
vpja94;25;234;325;-288,9;-115,2;91;0
vpja94;25;351;536;-371,9;-155,2;185;255000
vpja94;25;590;807;-284,3;72,9;217;255
vpja94;25;831;1109;-271,1;91;278;255
vpja94;25;1138;1341;-348,2;97,5;203;255
vpja94;25;1401;1606;-358,9;-184,2;205;255000
vpja94;25;1670;1822;10,5;-91;152;0
vpja94;25;1855;2033;-38,7;-288,2;178;0
vpja94;25;2091;2369;120;-433,3;278;0
vpja94;25;2392;2641;48,1;-401,7;249;0
vpja94;25;2672;2744;23,4;-400,4;72;0
vpja94;25;2828;3084;559,2;-260,6;256;0
vpja94;25;3112;3305;484,9;-177,2;193;0
vpja94;25;3327;3675;478,3;-154,4;348;0
vpja94;25;3907;4030;274,5;-62,8;123;0
vpja94;25;4071;4198;80,9;-27,8;127;0
vpja94;25;4256;4443;480,1;-155,4;187;0
vpja94;25;4466;4954;475,2;-120,9;488;0
vpja94;25;4989;5532;480,5;-154,1;543;0
vpja94;25;5542;5895;483,1;-143,1;353;0
vpja94;25;6112;6243;-16,3000000000001;19,6;131;0
vpja94;25;6281;6590;13,6999999999999;-29,1999999999999;309;255255000
vpja94;25;6636;6837;20,6999999999999;58,3000000000001;201;255255000
vpja94;25;6863;6947;13,1;104,8;84;255255000
vpja94;25;7194;7566;-357;91,2;372;255
vpja94;25;7624;7794;20,5;2,39999999999998;170;255255000
vpja94;25;8129;8407;-373;-157,4;278;255000
vpja94;25;8465;8648;-158,2;-293,4;183;0
vpja94;25;8676;8925;-24,9;-269,4;249;0
vpja94;25;8979;9300;-189,2;-291,1;321;0
vpja94;25;9501;9642;26,3;-268,6;141;0
vpja94;25;9677;9808;-2,80000000000007;-262,5;131;0
vpja94;25;9872;10000;-355,6;-106,9;128;255000
vpja94;26;213;294;11,8000000000001;-175,4;81;2,55e+08
vpja94;26;343;472;-2,5;-315,6;129;255000
vpja94;26;486;764;-7,19999999999993;-301,4;278;255000
vpja94;26;844;997;-328,5;104,3;153;255
vpja94;26;1032;1445;-367,9;124,4;413;255
vpja94;26;1463;1633;-351,1;139,9;170;255
vpja94;26;1714;1844;338,6;107,3;130;0
vpja94;26;1892;2086;579;66,5999999999999;194;0
vpja94;26;2145;2403;287,9;96,0999999999999;258;255255000
vpja94;26;2482;2837;-367,3;151,6;355;255
vpja94;26;2862;3008;-358,8;148,8;146;255
vpja94;26;3035;3907;-401,5;119,2;872;0
vpja94;26;3936;4190;-373,1;147,3;254;0
vpja94;26;4203;4332;-371,3;160,4;129;0
vpja94;26;4412;4593;253;100;181;255255000
vpja94;26;4625;5028;292,6;74,9;403;255255000
vpja94;26;5107;5138;5;-264,6;31;255000
vpja94;26;5146;5318;-0,699999999999932;-288,1;172;255000
vpja94;26;5476;6107;11,8000000000001;-284,2;631;255000
vpja94;26;6174;6314;229,6;-111,2;140;0
vpja94;26;6377;6632;423,5;-186,9;255;0
vpja94;26;6698;7189;271,2;51,4;491;255255000
vpja94;26;7273;7568;-121,5;130,4;295;0
vpja94;26;7626;7824;127,2;115,6;198;0
vpja94;26;7858;8539;268,9;75,5999999999999;681;255255000
vpja94;26;8593;8767;493,7;5,79999999999995;174;0
vpja94;26;8811;9001;288,1;70,6999999999999;190;255255000
vpja94;26;9083;9696;-345,4;117,9;613;255
vpja94;26;9768;9928;195,4;83,0999999999999;160;0
