vp;trial;timest;timeend;x;y;duration;roi
vpja07;1;367;968;-54,4;-161,8;601;255000
vpja07;1;984;1134;-45,8;-174;150;255000
vpja07;1;1156;1425;-28,1;-187,1;269;255000
vpja07;1;1439;1554;-42;-176,3;115;255000
vpja07;1;1579;2246;-47,9;-151,4;667;255000
vpja07;1;2336;2594;-334,5;157,2;258;255
vpja07;1;2685;2713;418,4;236,1;28;255255000
vpja07;1;2720;2964;404,8;239,9;244;255255000
vpja07;1;2991;3412;366,7;257,3;421;255255000
vpja07;1;3521;3631;-352,7;184,9;110;255
vpja07;1;3693;3906;-559,9;123,4;213;0
vpja07;1;3969;4159;-373,4;124,1;190;255
vpja07;1;4188;4383;-272,6;141,1;195;255
vpja07;1;4408;4896;-260,7;174,7;488;255
vpja07;1;4926;5098;-271,5;190,7;172;255
vpja07;1;5116;5289;-267,6;196,1;173;255
vpja07;1;5299;5557;-260,5;204,4;258;255
vpja07;1;5567;5814;-261,5;215,2;247;255
vpja07;1;5821;6283;-266,2;222,4;462;255
vpja07;1;6311;6449;-276,2;221,5;138;255
vpja07;1;6508;6631;-297;132,8;123;255
vpja07;1;6659;6855;-320,1;91,6;196;255
vpja07;1;6876;7346;-346,2;96,6;470;255
vpja07;1;7368;7589;-336,6;100,9;221;255
vpja07;1;7622;7758;-311,2;107,3;136;255
vpja07;1;7842;7946;-55,6;-101,7;104;2,55e+08
vpja07;1;7997;8329;-52,1999999999999;-171,8;332;255000
vpja07;1;8343;8508;-41,8;-186,4;165;255000
vpja07;1;8525;9450;-26,8;-196,7;925;255000
vpja07;1;9478;9594;-44,6999999999999;-135,1;116;255000
vpja07;1;9681;9862;357,6;208,1;181;255255000
vpja07;1;9901;10000;372;248,5;99;255255000
vpja07;2;290;442;-100,2;-247,4;152;255000
vpja07;2;467;660;-71,6999999999999;-226,3;193;255000
vpja07;2;674;1010;-74,3;-194,3;336;255000
vpja07;2;1035;1264;-76,4;-240,5;229;255000
vpja07;2;1280;1530;-67,4;-257;250;255000
vpja07;2;1592;1811;-183,2;-247,6;219;255000
vpja07;2;1844;2131;-164,3;-243,3;287;255000
vpja07;2;2190;2296;-77,6999999999999;-141,3;106;2,55e+08
vpja07;2;2357;2470;-37,0999999999999;63,8000000000001;113;2,55e+08
vpja07;2;2513;2709;-92,0999999999999;124,7;196;2,55e+08
vpja07;2;2742;3376;-138,9;142,6;634;2,55e+08
vpja07;2;3408;3540;-45,0999999999999;129,3;132;2,55e+08
vpja07;2;3562;3751;-54,4;128,5;189;2,55e+08
vpja07;2;3817;4029;192,5;145,1;212;255
vpja07;2;4042;4192;182,1;152;150;255
vpja07;2;4275;4491;-249,1;242,1;216;255255000
vpja07;2;4528;4755;-201,2;246,7;227;255255000
vpja07;2;4999;5159;-566;-182,5;160;0
vpja07;2;5223;5498;-531,1;-316,8;275;0
vpja07;2;5537;5715;-468,8;-335,2;178;0
vpja07;2;5738;6055;-519,7;-360,1;317;0
vpja07;2;6168;6278;322,3;-95,8;110;0
vpja07;2;6328;6811;409,3;-50,9;483;0
vpja07;2;6869;7279;254,9;-71,4;410;0
vpja07;2;7356;7551;-76,0999999999999;-216,6;195;255000
vpja07;2;7577;7832;-51,3;-223,1;255;255000
vpja07;2;7853;8344;-56,3;-254,5;491;255000
vpja07;2;8401;8504;-115;-210,7;103;255000
vpja07;2;8563;8908;-205;-113,8;345;2,55e+08
vpja07;2;8925;9402;-222,6;-117,5;477;2,55e+08
vpja07;2;9457;9657;-135,6;-76;200;2,55e+08
vpja07;2;9683;9860;-68,8;-54,1999999999999;177;2,55e+08
vpja07;2;9885;10000;-120,4;-81,9;115;2,55e+08
vpja07;3;103;237;-0,399999999999977;-7,39999999999998;134;0
vpja07;3;292;499;-128,2;-84,7;207;2,55e+08
vpja07;3;513;1127;-134,7;-90,3;614;2,55e+08
vpja07;3;1147;1280;-126,9;-36,4;133;2,55e+08
vpja07;3;1308;1557;-131;-86,4;249;2,55e+08
vpja07;3;1571;1802;-126,4;-107,2;231;255000
vpja07;3;1881;2006;-426,7;106,7;125;0
vpja07;3;2050;2794;-468,2;149,2;744;255255000
vpja07;3;2848;2975;-372;171,4;127;0
vpja07;3;3044;3221;-241,1;96,1;177;0
vpja07;3;3295;3572;171;56,2;277;255
vpja07;3;3610;3847;329;-15,7;237;0
vpja07;3;3919;4233;581,8;83,9;314;0
vpja07;3;4279;4498;602,1;39,4;219;0
vpja07;3;4585;4883;634,5;343,4;298;0
vpja07;3;4901;5170;614,7;345,9;269;0
vpja07;3;5228;5399;624,6;258,8;171;0
vpja07;3;5470;5636;585,7;-7,20000000000005;166;0
vpja07;3;5649;5848;577,9;6;199;0
vpja07;3;5871;6032;545,7;7,10000000000002;161;0
vpja07;3;6095;6317;518,7;-76,7;222;0
vpja07;3;6356;6451;555,3;-107;95;0
vpja07;3;6540;6650;83,0000000000001;-359,5;110;0
vpja07;3;6706;6903;-115,3;-383,5;197;0
vpja07;3;6951;7046;-160,1;-399,7;95;0
vpja07;3;7074;7344;-93,5;-407;270;0
vpja07;3;7370;7650;-86,1999999999999;-376,4;280;0
vpja07;3;7669;7810;-90;-374,7;141;0
vpja07;3;7895;8210;-430,9;-396,5;315;0
vpja07;3;8261;8493;-112,2;-393,1;232;0
vpja07;3;8528;9043;-81;-382,8;515;0
vpja07;3;9122;9279;-428,9;-322,4;157;0
vpja07;3;9308;9675;-444,3;-413,5;367;0
vpja07;3;9748;10000;-81,1999999999999;-385,3;252;0
vpja07;4;278;394;-17,0649999999999;-233,38;116;255000
vpja07;4;417;633;-37,265;-266,98;216;255000
vpja07;4;659;913;-36,965;-319,98;254;255000
vpja07;4;920;1332;-23,765;-328,48;412;255000
vpja07;4;1356;1923;2,53499999999997;-330,08;567;255000
vpja07;4;1982;2134;-92,265;-286,38;152;0
vpja07;4;2194;2331;-258,165;-256,88;137;0
vpja07;4;2400;2743;-28,665;-255,78;343;255000
vpja07;4;2879;3171;348,735;366,82;292;0
vpja07;4;3230;3734;216,535;343,42;504;255255000
vpja07;4;3824;4050;155,335;47,62;226;2,55e+08
vpja07;4;4122;4645;237,435;244,72;523;2,55e+08
vpja07;4;4670;4941;232,535;289,02;271;255255000
vpja07;4;4964;5208;274,535;333,02;244;255255000
vpja07;4;5232;5580;322,035;358,32;348;255255000
vpja07;4;5616;5776;222,535;322,62;160;255255000
vpja07;4;5851;6067;444,235;199,32;216;0
vpja07;4;6126;6235;464,235;108,32;109;0
vpja07;4;6344;6451;-347,665;287,02;107;0
vpja07;4;6518;6655;-515,065;261,42;137;255
vpja07;4;6683;6906;-524,465;196,72;223;255
vpja07;4;6930;7129;-532,965;218,02;199;255
vpja07;4;7354;7433;-488,665;121,12;79;255
vpja07;4;7525;7668;24,135;-260,28;143;255000
vpja07;4;7695;7931;-34,0649999999999;-269,88;236;255000
vpja07;4;7969;8246;-40,865;-332,38;277;255000
vpja07;4;8271;8584;-13,165;-332,08;313;255000
vpja07;4;8605;8876;5,73500000000001;-348,68;271;255000
vpja07;4;8904;9175;-25,665;-429,18;271;255000
vpja07;4;9230;9695;1,63499999999999;-334,48;465;255000
vpja07;4;9745;9942;-14,965;-249,88;197;255000
vpja07;4;9959;10000;-22,865;-244,58;41;255000
vpja07;5;205;465;52,2;-13,7;260;255000
vpja07;5;472;764;41;-11,9;292;255000
vpja07;5;779;1071;45,9;-34,6;292;255000
vpja07;5;1160;1315;157,5;-253,5;155;0
vpja07;5;1376;1559;358,9;-165,6;183;0
vpja07;5;1643;1837;-31,9;-178,6;194;0
vpja07;5;1924;2027;-445,8;15,1;103;0
vpja07;5;2090;2225;-567;116,4;135;0
vpja07;5;2270;2435;-568,2;200,2;165;0
vpja07;5;2454;2780;-574,7;175,8;326;0
vpja07;5;2840;2985;-593,8;334,7;145;0
vpja07;5;3062;3390;-579,5;22,5;328;0
vpja07;5;3452;3750;-566,7;-53,6;298;0
vpja07;5;3806;4205;-564,2;-108;399;0
vpja07;5;4217;4474;-570,5;-129,5;257;0
vpja07;5;4532;4693;-407,2;-121,9;161;0
vpja07;5;4754;5028;-291,8;-70,8;274;0
vpja07;5;5167;5188;-34;450,7;21;0
vpja07;5;5194;5311;-25,4;454,5;117;0
vpja07;5;5370;5671;138,9;464,7;301;0
vpja07;5;5749;5933;-94,5;107,5;184;0
vpja07;5;6000;6119;30;-10,7;119;0
vpja07;5;6155;6491;38,4;-19,7;336;255000
vpja07;5;6556;6910;3,89999999999998;197,6;354;255
vpja07;5;6964;7378;103,7;193,4;414;255
vpja07;5;7420;7549;243;70,9;129;0
vpja07;5;7611;7839;59,1;-45,7;228;255000
vpja07;5;7941;8072;306,3;-285,9;131;0
vpja07;5;8104;8655;508,1;-257,5;551;0
vpja07;5;8666;8880;510;-272,2;214;0
vpja07;5;8916;9177;520,7;-308,7;261;0
vpja07;5;9276;9490;-30,8;-170,4;214;0
vpja07;5;9513;9810;-40;-183,4;297;0
vpja07;5;9879;10000;294,4;-156;121;0
vpja07;6;275;408;-138,8;-127,2;133;2,55e+08
vpja07;6;433;958;-144,7;-134,2;525;2,55e+08
vpja07;6;1008;1322;-321,9;-166,8;314;0
vpja07;6;1390;1575;-459,8;24,5;185;255255000
vpja07;6;1625;1764;-415;141,2;139;255255000
vpja07;6;1829;2075;-346;288,2;246;0
vpja07;6;2131;2392;-106,6;357,8;261;0
vpja07;6;2458;2861;141,2;335,8;403;0
vpja07;6;2929;3051;-21;331,1;122;0
vpja07;6;3132;3342;-425,9;390,6;210;0
vpja07;6;3381;3673;-492,6;364,4;292;0
vpja07;6;3769;3886;228,3;39,2;117;0
vpja07;6;3947;4084;382,7;6,20000000000005;137;0
vpja07;6;4168;4350;86,3;-348,8;182;0
vpja07;6;4420;4534;431,6;-398,1;114;0
vpja07;6;4607;4812;72,8999999999999;-380,1;205;0
vpja07;6;4832;5092;82,3999999999999;-371,9;260;0
vpja07;6;5114;5473;134,3;-357,2;359;0
vpja07;6;5531;5719;0,299999999999955;-370,5;188;0
vpja07;6;5748;5939;57;-440,5;191;0
vpja07;6;5964;6169;57,8;-465,6;205;0
vpja07;6;6190;6556;53,8;-462,7;366;0
vpja07;6;6576;6734;68,5;-459,7;158;0
vpja07;6;6756;7513;90,2;-463,5;757;0
vpja07;6;7580;7855;92,5999999999999;-333,7;275;0
vpja07;6;7909;8132;169,7;-291,3;223;0
vpja07;6;8152;8411;178;-285,2;259;0
vpja07;6;8468;8600;100,5;-311,5;132;0
vpja07;6;8625;8844;84,2;-357,3;219;0
vpja07;6;8933;9194;353;-53,4;261;0
vpja07;6;9292;9419;480,6;-482,1;127;NA
vpja07;6;9445;9725;447,8;-433,7;280;0
vpja07;6;9746;10000;452,2;-415,9;254;0
vpja07;7;305;421;-88,3;-177,6;116;255000
vpja07;7;446;654;-78,3;-161,5;208;255000
vpja07;7;672;915;-71;-165,1;243;255000
vpja07;7;991;1227;86,6999999999999;-338,1;236;0
vpja07;7;1251;1424;92,1;-392,6;173;0
vpja07;7;1452;1956;-6,69999999999993;-436;504;0
vpja07;7;1972;2264;6,5;-420,2;292;0
vpja07;7;2314;2904;49,2;-435,6;590;0
vpja07;7;2939;2968;214,5;-441,1;29;0
vpja07;7;2976;3230;220,7;-438,5;254;0
vpja07;7;3257;3524;198,1;-435,3;267;0
vpja07;7;3598;3995;-41,5;-447,8;397;0
vpja07;7;4011;4215;-59,3;-421,8;204;0
vpja07;7;4262;4625;-46,5;-369,6;363;0
vpja07;7;4672;4939;80,8000000000001;-345,9;267;0
vpja07;7;4964;5351;145;-339,6;387;0
vpja07;7;5401;5931;187,2;-311,3;530;0
vpja07;7;5982;6290;123,4;-303,1;308;0
vpja07;7;6342;6552;68,3000000000001;-308,1;210;0
vpja07;7;6591;6776;160,3;-324;185;0
vpja07;7;6802;6976;243,2;-320,1;174;0
vpja07;7;7029;7234;186,1;-362,7;205;0
vpja07;7;7301;7406;-19;-412;105;0
vpja07;7;7458;7744;-89,6999999999999;-441,9;286;0
vpja07;7;7798;7993;-11,9;-438,7;195;0
vpja07;7;8034;8209;108,9;-439,2;175;0
vpja07;7;8273;8971;250,7;-442,7;698;0
vpja07;7;8996;9665;222,9;-459,8;669;0
vpja07;7;9713;9908;165,7;-445;195;0
vpja07;7;9961;10000;85,6999999999999;-426,7;39;0
vpja07;8;17;227;-5,39999999999986;-14,8;210;0
vpja07;8;293;405;-178,2;-188,8;112;2,55e+08
vpja07;8;427;1125;-196,3;-217,5;698;2,55e+08
vpja07;8;1199;1443;-487,5;36,7;244;255255000
vpja07;8;1462;1702;-490,7;13;240;255255000
vpja07;8;1729;2354;-470;-28;625;255255000
vpja07;8;2397;2568;-500,9;14,2;171;255255000
vpja07;8;2593;2907;-501,9;66,9;314;0
vpja07;8;2943;3082;-494,9;107,4;139;255255000
vpja07;8;3198;3303;265,7;49,8000000000001;105;0
vpja07;8;3363;3563;537,7;-88,9;200;0
vpja07;8;3591;3812;562,7;-155,7;221;0
vpja07;8;3884;4027;490,5;-407,9;143;0
vpja07;8;4053;4180;466,3;-394;127;0
vpja07;8;4201;4443;480,7;-384,9;242;0
vpja07;8;4449;4775;479,9;-377,3;326;0
vpja07;8;4841;4983;288,8;-403,5;142;0
vpja07;8;5090;5211;15,5000000000001;179,1;121;0
vpja07;8;5266;5602;-27,5999999999998;79,8000000000001;336;255
vpja07;8;5633;5966;-23,0999999999998;34,8000000000001;333;255
vpja07;8;5991;6136;10,1000000000001;47,9;145;255
vpja07;8;6210;6359;-36,0999999999998;339,3;149;0
vpja07;8;6421;6572;-172,8;408,8;151;0
vpja07;8;6712;6916;-555,8;484,6;204;NA
vpja07;8;6997;7166;-514,3;183,4;169;0
vpja07;8;7220;7366;-591,9;169,8;146;0
vpja07;8;7419;7621;-571,9;70,4;202;0
vpja07;8;7637;8031;-575,4;79,5;394;0
vpja07;8;8095;9052;-461,8;-23;957;255255000
vpja07;8;9080;9334;-484,9;83,5;254;255255000
vpja07;8;9357;9576;-479,5;99,9;219;255255000
vpja07;8;9620;9740;-449,1;-86,7;120;255255000
vpja07;8;9832;9967;-145,1;-215;135;0
vpja07;9;79;226;-8,60000000000002;-21,5;147;2,55e+08
vpja07;9;284;427;-23,9000000000001;-121,1;143;255000
vpja07;9;454;621;-55,3000000000001;-88,3;167;2,55e+08
vpja07;9;666;882;64,9;-203,7;216;255000
vpja07;9;927;1091;-38,7;-95,3;164;255000
vpja07;9;1176;1358;-508,7;182,3;182;255
vpja07;9;1383;1613;-524,2;153,3;230;255
vpja07;9;1639;1825;-531,3;180;186;255
vpja07;9;1841;2037;-529,6;196,6;196;255
vpja07;9;2115;2294;-27,5000000000001;325,7;179;255255000
vpja07;9;2325;2496;-54,1;332,5;171;255255000
vpja07;9;2506;2739;-54,7;326;233;255255000
vpja07;9;2802;2924;420,7;144,8;122;0
vpja07;9;3025;3127;566,9;-189,9;102;0
vpja07;9;3199;3331;264,2;-292,4;132;0
vpja07;9;3357;3673;341,1;-270,8;316;0
vpja07;9;3696;3835;336,1;-267,2;139;0
vpja07;9;3857;4318;353,8;-257,6;461;0
vpja07;9;4334;4531;363,2;-279,2;197;0
vpja07;9;4547;4681;344,9;-288,6;134;0
vpja07;9;4760;4908;-117,4;-323;148;0
vpja07;9;4941;5478;-154,2;-327,5;537;0
vpja07;9;5554;5740;-284,3;23,2;186;0
vpja07;9;5828;5944;3,89999999999998;-75,7;116;255000
vpja07;9;5969;6144;-30,7;-78;175;0
vpja07;9;6203;6482;35,3;-206,2;279;255000
vpja07;9;6535;6727;-18,9000000000001;-131,1;192;255000
vpja07;9;6751;6910;-38,5000000000001;-130,9;159;255000
vpja07;9;6932;7661;-25,2;-133,7;729;255000
vpja07;9;7730;7858;59,2999999999998;12,1;128;2,55e+08
vpja07;9;7901;8061;47,6999999999999;68,4;160;2,55e+08
vpja07;9;8087;8641;52,1;89,9;554;2,55e+08
vpja07;9;8664;8861;89,1;126,2;197;2,55e+08
vpja07;9;8926;9063;271,4;196,8;137;2,55e+08
vpja07;9;9130;9361;447,8;329,2;231;0
vpja07;9;9410;9671;259,2;354,6;261;0
vpja07;9;9734;9878;-18,7;176,6;144;2,55e+08
vpja07;9;9952;10000;-11,3000000000001;-112,5;48;255000
vpja07;10;322;407;37,2;-217,6;85;2,55e+08
vpja07;10;433;977;44,8;-268,4;544;255000
vpja07;10;987;1892;53,1;-293,2;905;255000
vpja07;10;1903;2176;55,7;-288,5;273;255000
vpja07;10;2192;2667;41,3;-276,2;475;255000
vpja07;10;2729;2771;120,5;-186,3;42;2,55e+08
vpja07;10;2831;2971;-114,8;45,6;140;255
vpja07;10;3012;3165;-189;79,9;153;255
vpja07;10;3179;3324;-203;86,8000000000001;145;255
vpja07;10;3413;3619;317,5;122,2;206;0
vpja07;10;3646;4055;440,1;112,5;409;255255000
vpja07;10;4064;4252;450,7;93,9;188;255255000
vpja07;10;4410;4608;-232,4;47,8000000000001;198;255
vpja07;10;4632;4963;-163,1;49,2;331;255
vpja07;10;4981;5185;-138,9;43,2;204;255
vpja07;10;5225;5485;-6,70000000000005;-15,1999999999999;260;255
vpja07;10;5537;5813;60,7;-282;276;255000
vpja07;10;5827;5964;55,3;-290;137;255000
vpja07;10;5987;6241;64,2;-293,5;254;255000
vpja07;10;6260;6410;57,1;-285,4;150;255000
vpja07;10;6433;6982;51,1;-271,9;549;255000
vpja07;10;6992;7261;69,9000000000001;-280,7;269;255000
vpja07;10;7285;7615;102;-247,5;330;2,55e+08
vpja07;10;7639;7876;59,4;-276,9;237;255000
vpja07;10;7897;8156;65,7;-302,2;259;255000
vpja07;10;8174;8270;70,4000000000001;-288,1;96;255000
vpja07;10;8302;8661;78,8;-204,3;359;2,55e+08
vpja07;10;8669;8927;72,9000000000001;-214,9;258;2,55e+08
vpja07;10;8951;9015;86,5;-161,6;64;2,55e+08
vpja07;10;9041;9282;106,4;-97,8;241;2,55e+08
vpja07;10;9301;9666;120,9;-117,3;365;2,55e+08
vpja07;10;9688;10000;127,2;-105;312;2,55e+08
vpja07;11;253;378;59,9;-171,8;125;255000
vpja07;11;398;595;57,5;-195,2;197;255000
vpja07;11;615;1425;69,1;-222;810;255000
vpja07;11;1441;1719;93,6;-230,9;278;255000
vpja07;11;1757;1928;88,8000000000001;-184,1;171;255000
vpja07;11;1947;2717;81,6999999999999;-178,9;770;255000
vpja07;11;2786;3074;-187,5;-268,8;288;0
vpja07;11;3112;3245;-175;-292,7;133;0
vpja07;11;3331;3575;338,6;-289,9;244;0
vpja07;11;3599;3777;320,3;-338,5;178;0
vpja07;11;3808;4182;481,1;-338,1;374;0
vpja07;11;4214;4452;527,3;-397,3;238;0
vpja07;11;4576;4698;-414,7;-301,9;122;0
vpja07;11;4742;4891;-483,2;-287,7;149;0
vpja07;11;4948;5123;-485;-398,6;175;0
vpja07;11;5144;5345;-505,9;-435,3;201;0
vpja07;11;5408;5711;-214;-414,2;303;0
vpja07;11;5749;6077;-158,1;-393,2;328;0
vpja07;11;6103;6324;-82,3000000000001;-368,5;221;0
vpja07;11;6415;6692;-286,6;159,5;277;255255000
vpja07;11;6718;6954;-271;182,8;236;255255000
vpja07;11;7023;7315;291,9;183,7;292;255
vpja07;11;7340;7428;315,1;162,5;88;255
vpja07;11;7490;7790;597,7;-40,3;300;0
vpja07;11;7816;8107;543,9;-75,5;291;0
vpja07;11;8143;8330;478,2;-93,6;187;0
vpja07;11;8403;8609;91,3000000000001;-195,3;206;255000
vpja07;11;8631;8868;80,6999999999999;-231,7;237;255000
vpja07;11;8875;9325;76,9;-227,5;450;255000
vpja07;11;9347;9644;93,9;-228,9;297;255000
vpja07;11;9672;9929;71,1;-180,8;257;255000
vpja07;11;9949;10000;79,6;-178,8;51;255000
vpja07;12;229;358;-10,5;-27,6;129;2,55e+08
vpja07;12;424;558;-5,39999999999998;-282,2;134;255000
vpja07;12;570;839;-20,0999999999999;-263;269;255000
vpja07;12;857;1204;-35,9;-275,9;347;255000
vpja07;12;1292;1542;-373,6;114,1;250;255
vpja07;12;1688;1724;370,1;98,3;36;0
vpja07;12;1798;1910;494,8;25,6;112;0
vpja07;12;1970;2147;551,4;-74,2;177;0
vpja07;12;2188;2439;524,2;-151,7;251;0
vpja07;12;2492;2892;488,8;-222,3;400;0
vpja07;12;2946;3154;607,5;-39,5;208;0
vpja07;12;3172;3370;585,7;-60,7;198;0
vpja07;12;3393;4023;584,8;-89,7;630;0
vpja07;12;4091;4262;598,1;-237,8;171;0
vpja07;12;4289;4498;553,8;-331,3;209;0
vpja07;12;4520;4816;529,2;-370,6;296;0
vpja07;12;4839;5146;540;-355,2;307;0
vpja07;12;5200;5509;441,4;-212,1;309;0
vpja07;12;5572;5734;528,9;-130,6;162;0
vpja07;12;5761;6001;587,3;-51,4;240;0
vpja07;12;6024;7261;576,1;-84,5;1237;0
vpja07;12;7491;7538;573,1;-105;47;0
vpja07;12;7549;7709;567,1;-79,5;160;0
vpja07;12;7727;8004;572,2;-81,3000000000001;277;0
vpja07;12;8026;8262;579,5;-90,9;236;0
vpja07;12;8339;8530;611,8;-259,3;191;0
vpja07;12;8554;8780;569,5;-291,4;226;0
vpja07;12;8886;9309;-23,3;-272,5;423;255000
vpja07;12;9608;9782;-25,6999999999999;-285,9;174;255000
vpja07;12;9801;10000;-26,0999999999999;-304,9;199;255000
vpja07;13;250;448;-40,3;-262,4;198;255000
vpja07;13;463;942;-56;-272,7;479;255000
vpja07;13;960;1081;-48,1999999999999;-296,8;121;255000
vpja07;13;1158;1306;-277;-119,6;148;0
vpja07;13;1342;1650;-289,7;-95,8000000000001;308;0
vpja07;13;1719;1871;-234,3;-214,3;152;0
vpja07;13;1944;2066;-408,3;-194,8;122;0
vpja07;13;2102;2254;-482,9;-219,3;152;0
vpja07;13;2334;2483;-122,8;-399;149;0
vpja07;13;2512;2849;-71,3;-423,6;337;0
vpja07;13;2871;3456;-107,8;-432,3;585;0
vpja07;13;3464;3753;-90,6999999999999;-425,8;289;0
vpja07;13;3779;4099;-125,6;-415,8;320;0
vpja07;13;4166;4361;-59,5999999999999;-292,4;195;255000
vpja07;13;4383;4675;-48,4;-280,9;292;255000
vpja07;13;4699;4899;-56;-272,2;200;255000
vpja07;13;4923;5234;-52,8;-306;311;255000
vpja07;13;5256;5465;-41,0999999999999;-286;209;255000
vpja07;13;5475;5937;-51,8;-300,9;462;255000
vpja07;13;5967;5990;-36,9;-208,6;23;255000
vpja07;13;5999;6631;-36;-205,1;632;255000
vpja07;13;6653;6875;-61,9;-180,8;222;2,55e+08
vpja07;13;6903;7172;-40,0999999999999;-115,5;269;2,55e+08
vpja07;13;7192;7463;-13,4;-85,9;271;2,55e+08
vpja07;13;7534;7951;-64,5999999999999;-301,6;417;255000
vpja07;13;7993;8317;-54,8;-239,3;324;255000
vpja07;13;8412;8671;366,6;187,2;259;255255000
vpja07;13;8690;8922;382;217,3;232;255255000
vpja07;13;8963;9306;304,7;235,5;343;255255000
vpja07;13;9315;9405;300,1;248,2;90;255255000
vpja07;13;9495;9699;-251,8;193,4;204;255
vpja07;13;9757;10000;-368,8;185;243;255
vpja07;14;297;428;36,7964028776978;-329,618345323741;131;255000
vpja07;14;452;627;13,8964028776977;-337,218345323741;175;255000
vpja07;14;637;1206;2,99640287769773;-340,218345323741;569;255000
vpja07;14;1214;1480;8,19640287769778;-350,118345323741;266;255000
vpja07;14;1561;1742;-353,403597122302;-258,618345323741;181;0
vpja07;14;1771;2047;-452,303597122302;-252,318345323741;276;0
vpja07;14;2104;2362;-473,603597122302;-318,218345323741;258;0
vpja07;14;2406;2867;-364,703597122302;-373,318345323741;461;0
vpja07;14;2907;3202;-431,503597122302;-440,918345323741;295;0
vpja07;14;3223;3434;-432,003597122302;-451,618345323741;211;0
vpja07;14;3452;3770;-457,803597122302;-449,418345323741;318;0
vpja07;14;3877;3986;259,496402877698;-106,118345323741;109;0
vpja07;14;4050;4271;516,496402877698;-110,418345323741;221;0
vpja07;14;4339;4491;358,396402877698;192,381654676259;152;255255000
vpja07;14;4538;4704;357,796402877698;288,381654676259;166;255255000
vpja07;14;4737;4767;369,196402877698;307,081654676259;30;255255000
vpja07;14;4866;5014;-262,003597122302;126,981654676259;148;255
vpja07;14;5110;5259;39,4964028776977;-344,218345323741;149;255000
vpja07;14;5292;5769;13,8964028776977;-340,318345323741;477;255000
vpja07;14;5779;6030;20,9964028776977;-346,018345323741;251;255000
vpja07;14;6046;6441;28,5964028776978;-359,218345323741;395;255000
vpja07;14;6527;6793;52,2964028776978;-0,818345323740914;266;2,55e+08
vpja07;14;6856;7169;24,5964028776978;146,681654676259;313;2,55e+08
vpja07;14;7219;7737;35,5964028776978;5,68165467625909;518;2,55e+08
vpja07;14;7797;7991;17,5964028776978;-292,818345323741;194;2,55e+08
vpja07;14;8033;8247;11,0964028776978;-242,018345323741;214;2,55e+08
vpja07;14;8281;8399;32,0964028776978;-216,718345323741;118;2,55e+08
vpja07;14;8455;8593;16,3964028776977;-369,818345323741;138;255000
vpja07;14;8624;8805;4,59640287769776;-350,318345323741;181;255000
vpja07;14;8825;9192;8,19640287769778;-334,918345323741;367;255000
vpja07;14;9254;9598;166,396402877698;-273,518345323741;344;0
vpja07;14;9665;9898;170,496402877698;-386,418345323741;233;0
vpja07;14;9960;10000;37,3964028776977;-355,118345323741;40;255000
vpja07;15;262;399;-101,45306122449;-186,697959183674;137;255000
vpja07;15;418;700;-114,35306122449;-168,597959183673;282;255000
vpja07;15;709;880;-121,95306122449;-179,797959183673;171;255000
vpja07;15;890;1467;-110,85306122449;-188,797959183673;577;255000
vpja07;15;1541;1719;163,44693877551;-184,897959183673;178;0
vpja07;15;1790;1912;326,34693877551;-77,2979591836735;122;0
vpja07;15;1999;2375;-106,45306122449;-180,097959183673;376;255000
vpja07;15;2400;2721;-108,55306122449;-202,897959183673;321;255000
vpja07;15;2737;3023;-102,45306122449;-206,097959183673;286;255000
vpja07;15;3067;3380;-111,45306122449;-108,197959183674;313;2,55e+08
vpja07;15;3416;3936;-117,25306122449;-189,797959183673;520;255000
vpja07;15;3945;4338;-111,85306122449;-171,697959183674;393;255000
vpja07;15;4425;4621;350,84693877551;-96,9979591836735;196;0
vpja07;15;4682;4995;546,54693877551;6,40204081632646;313;0
vpja07;15;5068;5305;546,54693877551;-219,597959183673;237;0
vpja07;15;5399;5614;529,04693877551;266,302040816327;215;0
vpja07;15;5656;5761;538,54693877551;320,602040816327;105;0
vpja07;15;5831;6183;464,54693877551;166,402040816326;352;0
vpja07;15;6253;6376;175,24693877551;14,8020408163266;123;0
vpja07;15;6429;6635;511,24693877551;57,5020408163265;206;0
vpja07;15;6670;6923;557,94693877551;47,1020408163265;253;0
vpja07;15;6998;7244;556,44693877551;-242,897959183673;246;0
vpja07;15;7268;7469;580,44693877551;-245,197959183674;201;0
vpja07;15;7481;7783;584,44693877551;-257,997959183674;302;0
vpja07;15;7800;8037;584,84693877551;-235,397959183673;237;0
vpja07;15;8057;8400;579,04693877551;-202,497959183674;343;0
vpja07;15;8422;8779;590,94693877551;-227,797959183673;357;0
vpja07;15;8796;9418;586,74693877551;-265,197959183674;622;0
vpja07;15;9486;9583;427,04693877551;-128,997959183674;97;0
vpja07;15;9643;9869;581,14693877551;-215,497959183674;226;0
vpja07;15;9892;10000;580,14693877551;-196,297959183673;108;0
vpja07;16;282;450;-329,4;-106,1;168;255000
vpja07;16;486;676;-357,6;-129,5;190;255000
vpja07;16;734;926;-124,3;-266,5;192;0
vpja07;16;967;1225;69,1;-394,1;258;0
vpja07;16;1291;1575;486,1;-280,3;284;0
vpja07;16;1630;1839;91,9;-404;209;0
vpja07;16;1865;2188;27,4;-402,1;323;0
vpja07;16;2221;2494;-70,1;-364,9;273;0
vpja07;16;2546;3053;170;-401,7;507;0
vpja07;16;3102;3214;72,1;-365,8;112;0
vpja07;16;3273;3534;-15;-227,8;261;0
vpja07;16;3574;3971;-205,7;-251,6;397;0
vpja07;16;4058;4205;-289,4;174,7;147;255
vpja07;16;4256;4439;-262,6;93,9;183;255
vpja07;16;4507;4788;-369,2;-116,6;281;255000
vpja07;16;4809;5281;-364,8;-142,6;472;255000
vpja07;16;5343;5507;-511,2;-304,5;164;0
vpja07;16;5541;5742;-476,1;-333;201;0
vpja07;16;5813;6298;-220,4;-436,1;485;0
vpja07;16;6433;6727;532,3;-175;294;0
vpja07;16;6754;7159;448,1;-138,5;405;0
vpja07;16;7192;7375;527;-217,9;183;0
vpja07;16;7444;7605;448;-405,9;161;0
vpja07;16;7626;8024;441,3;-411,5;398;0
vpja07;16;8055;8375;556,7;-432,5;320;0
vpja07;16;8426;8672;601,8;-148,7;246;0
vpja07;16;8694;8911;585,2;-142,3;217;0
vpja07;16;8930;9157;590;-134,5;227;0
vpja07;16;9183;9451;565,1;-96,2;268;0
vpja07;16;9474;9705;534,6;-89,9;231;0
vpja07;16;9736;10000;434,3;-152,9;264;0
vpja07;17;242;428;15,1999999999999;-253;186;255000
vpja07;17;454;665;27,9;-247,7;211;255000
vpja07;17;683;1342;26,1;-275,7;659;255000
vpja07;17;1369;1786;32,6;-241,8;417;255000
vpja07;17;1821;2073;35,3;-294,3;252;255000
vpja07;17;2097;2341;57,6;-297,2;244;255000
vpja07;17;2376;2487;25,4;-305,5;111;255000
vpja07;17;2522;2690;-30,4;-298,8;168;255000
vpja07;17;2722;3661;-48,4;-267,2;939;255000
vpja07;17;3724;3956;48,9;-112,6;232;2,55e+08
vpja07;17;3991;4220;23;-97,1999999999999;229;2,55e+08
vpja07;17;4244;4404;28,6999999999999;-65,3;160;2,55e+08
vpja07;17;4483;4678;-286,5;126,6;195;255255000
vpja07;17;4712;5050;-321,6;131,1;338;255255000
vpja07;17;5073;5324;-290,3;130,4;251;0
vpja07;17;5414;5702;315,5;191,8;288;255
vpja07;17;5721;5870;316,2;211,5;149;255
vpja07;17;6012;6182;344,5;-366,2;170;0
vpja07;17;6230;6400;-14,7;-418,1;170;255000
vpja07;17;6452;6981;-122,2;-406,2;529;0
vpja07;17;7022;7240;-48,6;-410;218;0
vpja07;17;7268;7518;-63,2;-415,7;250;0
vpja07;17;7579;7648;-12,4;-294,7;69;255000
vpja07;17;7687;7810;28,4;-291,5;123;255000
vpja07;17;7834;8085;40,3;-303,9;251;255000
vpja07;17;8153;8264;148,3;-356,2;111;0
vpja07;17;8318;8473;223,4;-371,4;155;0
vpja07;17;8537;8713;272;-203,7;176;0
vpja07;17;8764;8843;176,5;-217,7;79;0
vpja07;17;8941;9128;460;196;187;0
vpja07;17;9176;9529;584,1;358,7;353;0
vpja07;17;9563;9797;606,1;411,4;234;0
vpja07;17;9820;10000;620,9;423,1;180;0
vpja07;18;278;416;-228,820547945206;-256,032876712329;138;255000
vpja07;18;424;684;-238,520547945206;-236,632876712329;260;0
vpja07;18;698;1281;-226,320547945206;-249,532876712329;583;255000
vpja07;18;1300;1539;-226,520547945206;-242,932876712329;239;255000
vpja07;18;1612;1638;243,179452054794;-249,232876712329;26;0
vpja07;18;1667;1879;218,979452054794;-245,732876712329;212;0
vpja07;18;1928;2379;308,779452054795;-369,932876712329;451;0
vpja07;18;2437;2728;2,67945205479441;-313,132876712329;291;0
vpja07;18;2776;2930;-54,6205479452055;-282,432876712329;154;0
vpja07;18;3099;3223;-474,420547945206;320,367123287671;124;255255000
vpja07;18;3250;3751;-460,720547945206;302,667123287671;501;255255000
vpja07;18;3782;4092;-491,420547945206;312,267123287671;310;255255000
vpja07;18;4163;4635;-151,520547945206;300,567123287671;472;0
vpja07;18;4710;5044;-444,920547945205;304,967123287671;334;255255000
vpja07;18;5075;5518;-465,820547945206;295,667123287671;443;255255000
vpja07;18;5586;5989;-135,320547945206;290,667123287671;403;255
vpja07;18;6093;6298;313,779452054795;96,0671232876713;205;0
vpja07;18;6343;6450;314,579452054795;46,3671232876712;107;0
vpja07;18;6531;6694;-228,520547945206;-207,132876712329;163;2,55e+08
vpja07;18;6720;7035;-240,820547945206;-242,932876712329;315;0
vpja07;18;7067;7437;-216,020547945206;-255,332876712329;370;255000
vpja07;18;7466;7990;-228,920547945205;-256,232876712329;524;255000
vpja07;18;8010;8596;-208,420547945205;-275,032876712329;586;255000
vpja07;18;8665;8904;-61,1205479452055;-271,532876712329;239;0
vpja07;18;8926;9196;-71,5205479452055;-265,432876712329;270;0
vpja07;18;9257;9593;-232,520547945206;-266,632876712329;336;255000
vpja07;18;9655;9800;-217,220547945206;-120,032876712329;145;2,55e+08
vpja07;18;9858;10000;-243,420547945205;144,867123287671;142;2,55e+08
vpja07;19;249;391;-110,5;-224,3;142;255000
vpja07;19;416;590;-137,6;-257,1;174;255000
vpja07;19;615;1136;-120,9;-324,4;521;255000
vpja07;19;1164;1350;-123,8;-244,4;186;255000
vpja07;19;1374;1580;-127,9;-226,1;206;255000
vpja07;19;1591;1717;-134,7;-235,3;126;255000
vpja07;19;1759;2094;-104,5;-326,6;335;255000
vpja07;19;2111;2610;-113,3;-329,9;499;255000
vpja07;19;2625;2842;-99;-319,8;217;255000
vpja07;19;2878;3062;-110,2;-239,1;184;255000
vpja07;19;3083;3553;-115,3;-216,6;470;255000
vpja07;19;3574;3902;-96,1999999999999;-243,6;328;255000
vpja07;19;3926;4302;-83;-244;376;255000
vpja07;19;4378;4459;-221;1,70000000000005;81;2,55e+08
vpja07;19;4538;4765;271,4;-76,1999999999999;227;0
vpja07;19;4791;4949;304,1;-21,4;158;0
vpja07;19;4995;5234;418,5;73;239;0
vpja07;19;5272;5625;529,1;87,1;353;0
vpja07;19;5679;5946;533,1;-7,09999999999991;267;0
vpja07;19;5968;6209;564,8;7,60000000000002;241;0
vpja07;19;6223;6323;552,5;-3;100;0
vpja07;19;6402;6674;486,5;-343;272;0
vpja07;19;6695;7214;463,8;-338,8;519;0
vpja07;19;7233;7468;448,5;-333,6;235;0
vpja07;19;7489;9188;479,1;-342,6;1699;0
vpja07;19;9216;9419;481,8;-341,5;203;0
vpja07;19;9434;9672;467,3;-343,7;238;0
vpja07;19;9695;10000;479,2;-337,1;305;0
vpja07;20;65;189;-11,4;-1,5;124;2,55e+08
vpja07;20;262;463;-80,2;-337,5;201;255000
vpja07;20;478;602;-78;-336,3;124;255000
vpja07;20;623;959;-81,7;-373;336;255000
vpja07;20;982;1257;-54,9;-385,7;275;255000
vpja07;20;1267;1642;-34;-388,8;375;255000
vpja07;20;1661;1905;-65,6;-382,3;244;255000
vpja07;20;1926;2331;-79,6;-383,8;405;255000
vpja07;20;2404;2555;-333,3;-306,8;151;0
vpja07;20;2608;2796;-438,7;-297,3;188;0
vpja07;20;2847;3010;-479,1;-343,1;163;0
vpja07;20;3038;3386;-374,5;-392,5;348;0
vpja07;20;3405;3590;-411,5;-376,9;185;0
vpja07;20;3684;4091;212,3;-287,8;407;0
vpja07;20;4105;4408;200,3;-266,2;303;0
vpja07;20;4426;4714;206,4;-250;288;0
vpja07;20;4727;4982;200,6;-241,2;255;0
vpja07;20;5038;5556;312;-276,6;518;0
vpja07;20;5691;5928;-569,7;-260,1;237;0
vpja07;20;5953;6207;-595,8;-312,5;254;0
vpja07;20;6244;6461;-567,6;-323,4;217;0
vpja07;20;6523;6797;-467,9;-321,2;274;0
vpja07;20;6848;7070;-343,2;-333;222;0
vpja07;20;7098;7389;-269,8;-332,2;291;0
vpja07;20;7408;7907;-291,4;-360,7;499;0
vpja07;20;8034;8160;545,3;-56,4;126;0
vpja07;20;8197;8465;581,4;-32,2;268;0
vpja07;20;8488;8740;582,2;-56,6;252;0
vpja07;20;8793;9016;572;96,1;223;0
vpja07;20;9043;9273;564,3;136,9;230;0
vpja07;20;9323;9434;593,8;84;111;0
vpja07;20;9508;9615;295,5;-10,2;107;0
vpja07;20;9681;9763;28,6;13,4;82;2,55e+08
vpja07;20;9818;10000;-63,8;-365,4;182;255000
vpja07;21;436;546;-57,6;-199,254794520548;110;0
vpja07;21;571;1085;-24,8;-268,354794520548;514;255000
vpja07;21;1112;1289;46,7;-247,954794520548;177;2,55e+08
vpja07;21;1354;1479;-66,6;-34,7547945205479;125;255255000
vpja07;21;1504;1758;-46,6;-61,1547945205479;254;255255000
vpja07;21;1768;2303;-32,5;-70,2547945205479;535;255255000
vpja07;21;2345;2875;-36,9;1,1452054794521;530;255255000
vpja07;21;2915;3320;-47,8;-58,6547945205479;405;255255000
vpja07;21;3344;3720;-35,1;-73,4547945205479;376;255255000
vpja07;21;3730;4033;-32,5;-54,2547945205479;303;255255000
vpja07;21;4050;4457;-29,3;-61,7547945205479;407;255255000
vpja07;21;4469;4718;-34,6;-78,6547945205479;249;255255000
vpja07;21;4732;4805;-13,8;-73,7547945205479;73;255255000
vpja07;21;4886;5364;468,5;-49,3547945205479;478;0
vpja07;21;5386;5522;512,2;-48,9547945205479;136;0
vpja07;21;5548;6161;569,3;-37,6547945205479;613;0
vpja07;21;6214;6447;443,9;-52,8547945205479;233;0
vpja07;21;6465;6787;423,9;-60,8547945205479;322;0
vpja07;21;6813;7011;523,4;-47,8547945205479;198;0
vpja07;21;7035;7343;567,6;-48,0547945205478;308;0
vpja07;21;7364;7619;521,6;-28,2547945205479;255;0
vpja07;21;7644;8111;490,2;-85,5547945205478;467;0
vpja07;21;8135;8302;506,8;-70,4547945205479;167;0
vpja07;21;8358;8530;403,8;4,74520547945212;172;0
vpja07;21;8586;8848;275,8;-1,65479452054785;262;0
vpja07;21;8911;9216;476,1;-51,2547945205479;305;0
vpja07;21;9240;9518;508,8;-52,8547945205479;278;0
vpja07;21;9541;9863;557;-54,6547945205479;322;0
vpja07;21;9883;10000;572,1;-51,6547945205479;117;0
vpja07;22;347;440;-393,9;-153,899641577061;93;2,55e+08
vpja07;22;465;797;-411,1;-222,799641577061;332;255000
vpja07;22;884;1140;89,3;169,400358422939;256;255255000
vpja07;22;1170;1977;99,3;196,900358422939;807;255255000
vpja07;22;1986;2221;93,7;182,700358422939;235;255255000
vpja07;22;2290;2500;270,8;9,90035842293901;210;0
vpja07;22;2563;2904;113,8;162,200358422939;341;255255000
vpja07;22;2996;3150;432,9;-178,699641577061;154;0
vpja07;22;3183;3644;399,1;-181,599641577061;461;0
vpja07;22;3679;4020;413,3;-218,999641577061;341;0
vpja07;22;4092;4290;302,3;-133,299641577061;198;0
vpja07;22;4324;4571;248,8;-38,599641577061;247;0
vpja07;22;4596;4761;215,5;25,1003584229391;165;0
vpja07;22;4804;4957;-28,6;-38,999641577061;153;0
vpja07;22;5047;5197;-458,3;-184,499641577061;150;2,55e+08
vpja07;22;5235;5440;-383,2;-233,899641577061;205;255000
vpja07;22;5459;5681;-383,7;-226,599641577061;222;255000
vpja07;22;5710;5948;-371;-280,599641577061;238;255000
vpja07;22;6015;6254;-573,8;-201,299641577061;239;0
vpja07;22;6316;6612;-384,3;-248,099641577061;296;255000
vpja07;22;6638;6899;-370,9;-263,199641577061;261;255000
vpja07;22;6919;7996;-370,6;-278,399641577061;1077;255000
vpja07;22;8083;8237;-485,2;269,800358422939;154;255
vpja07;22;8264;8502;-505;313,000358422939;238;255
vpja07;22;8601;8827;-372,4;-249,599641577061;226;255000
vpja07;22;8848;9091;-388,2;-252,799641577061;243;255000
vpja07;22;9113;9434;-365,9;-294,999641577061;321;255000
vpja07;22;9456;9751;-379,3;-284,899641577061;295;255000
vpja07;22;9781;10000;-361;-278,399641577061;219;255000
vpja07;23;297;497;175,3;-179,1;200;255000
vpja07;23;522;787;183;-184,1;265;255000
vpja07;23;808;1014;191,2;-195,9;206;255000
vpja07;23;1031;1302;200;-208,1;271;255000
vpja07;23;1328;1830;200,1;-175,7;502;255000
vpja07;23;1848;2043;207,7;-197;195;255000
vpja07;23;2093;2320;395,4;-225,2;227;0
vpja07;23;2342;2432;397,4;-239,1;90;0
vpja07;23;2486;2690;483,4;13,5;204;0
vpja07;23;2712;2945;463,5;42,4;233;0
vpja07;23;2960;3118;449,8;27,5;158;0
vpja07;23;3214;3514;-110,5;-199,1;300;0
vpja07;23;3586;3729;-364,8;-127,1;143;0
vpja07;23;3800;4029;-391,6;94,1;229;255255000
vpja07;23;4055;4416;-331,4;99,5;361;255255000
vpja07;23;4440;4644;-275,5;91,1999999999999;204;255255000
vpja07;23;4706;4916;-70,3;-174,1;210;0
vpja07;23;4982;5130;-19,6;-374,8;148;0
vpja07;23;5156;5428;-74,2;-392,6;272;0
vpja07;23;5482;5672;-166,6;-389,4;190;0
vpja07;23;5700;5920;-48,6;-394;220;0
vpja07;23;5949;6183;-30,8;-395,7;234;0
vpja07;23;6193;6324;-20,2;-395,7;131;0
vpja07;23;6376;6574;208,5;-398,1;198;0
vpja07;23;6623;6800;376,6;-373,7;177;0
vpja07;23;6822;7183;416,8;-358,6;361;0
vpja07;23;7197;7362;417,7;-375;165;0
vpja07;23;7408;7713;584,2;-341,4;305;0
vpja07;23;7733;7769;550,6;-305,1;36;0
vpja07;23;7792;8047;531;-270,6;255;0
vpja07;23;8073;8354;494,5;-252,6;281;0
vpja07;23;8376;8500;479,1;-250,6;124;0
vpja07;23;8529;8684;533,2;-302;155;0
vpja07;23;8711;8880;582,5;-366,5;169;0
vpja07;23;8904;9109;600,1;-399,2;205;0
vpja07;23;9127;9301;604,9;-387,3;174;0
vpja07;23;9313;9533;590,6;-370;220;0
vpja07;23;9547;9717;584;-353,8;170;0
vpja07;23;9752;10000;424,5;-350,6;248;0
vpja07;24;7;263;4,89999999999998;-12,4;256;2,55e+08
vpja07;24;326;596;-1,89999999999998;-201;270;255000
vpja07;24;608;732;-24,7;-202,8;124;255000
vpja07;24;784;1034;42,3;-397,9;250;0
vpja07;24;1105;1249;254,8;-408,2;144;0
vpja07;24;1274;1576;296;-424,3;302;0
vpja07;24;1638;1724;159,3;-376;86;0
vpja07;24;1779;1900;-0,100000000000023;-252,6;121;255000
vpja07;24;1947;2000;78,9000000000001;-349,2;53;255000
vpja07;24;2027;2320;180,9;-341,9;293;0
vpja07;24;2362;2684;27,4;-416,8;322;0
vpja07;24;2693;2917;20,7;-408,3;224;0
vpja07;24;3016;3231;421;22,3000000000001;215;0
vpja07;24;3323;3410;120,3;101,6;87;2,55e+08
vpja07;24;3500;3805;-430,5;111;305;0
vpja07;24;3841;3958;-456;111,8;117;0
vpja07;24;4055;4249;-264,1;70,3000000000001;194;0
vpja07;24;4288;4314;-218,1;86,7;26;0
vpja07;24;4394;4672;220,3;86,5;278;0
vpja07;24;4697;5011;238,4;37,8000000000001;314;0
vpja07;24;5033;5224;253;46,5;191;0
vpja07;24;5285;5458;56,0999999999999;-33,8;173;2,55e+08
vpja07;24;5519;5705;-8,79999999999995;-214,3;186;255000
vpja07;24;5729;5938;-10,1;-199,5;209;255000
vpja07;24;5962;6134;-4,39999999999998;-249,2;172;255000
vpja07;24;6158;6457;15,1;-248,9;299;255000
vpja07;24;6559;6723;285,4;231,7;164;255255000
vpja07;24;6750;7149;332,5;241,2;399;255255000
vpja07;24;7254;7533;-14,9;-203,8;279;255000
vpja07;24;7635;7774;-550,6;-125,9;139;0
vpja07;24;7841;8004;-440,9;203,2;163;255
vpja07;24;8033;8317;-461,4;160,6;284;255
vpja07;24;8344;8482;-436,9;240,4;138;255
vpja07;24;8533;8690;-559,1;-134,6;157;0
vpja07;24;8718;9396;-546,8;-178;678;0
vpja07;24;9491;9741;-4,29999999999995;-234,4;250;255000
vpja07;24;9767;10000;17,9;-237,9;233;255000
vpja07;25;17;220;1,70000000000016;-8,80000000000007;203;2,55e+08
vpja07;25;278;472;72,3000000000001;-119,3;194;255000
vpja07;25;497;748;77,8000000000001;-107,6;251;255000
vpja07;25;813;1038;-389,5;-97,6;225;0
vpja07;25;1106;1303;-481,9;-209,6;197;0
vpja07;25;1352;1377;-549,7;-18,1;25;0
vpja07;25;1384;1588;-550,1;-1,60000000000002;204;0
vpja07;25;1632;1894;-386,2;-45,8000000000001;262;0
vpja07;25;1912;2124;-396,2;-54,2;212;0
vpja07;25;2210;2322;-415,5;-325,5;112;0
vpja07;25;2350;2555;-412,9;-393,5;205;0
vpja07;25;2615;2889;-294,5;-443,5;274;0
vpja07;25;2912;2950;-284,6;-421,2;38;0
vpja07;25;3044;3212;109,3;-91,1;168;2,55e+08
vpja07;25;3235;3434;84,0000000000001;-103;199;255000
vpja07;25;3453;3757;79,1000000000003;-129,5;304;255000
vpja07;25;3810;4062;60,0000000000001;35;252;2,55e+08
vpja07;25;4096;4330;30,7000000000002;44,8;234;2,55e+08
vpja07;25;4353;4608;73,2000000000002;42,0999999999999;255;2,55e+08
vpja07;25;4685;4918;444,9;290;233;0
vpja07;25;4963;5322;378,5;389,8;359;255
vpja07;25;5348;5518;381,8;335,6;170;255
vpja07;25;5549;5743;415,3;340,4;194;255
vpja07;25;5765;6018;421,1;356,8;253;255
vpja07;25;6027;6281;410,4;378,4;254;255
vpja07;25;6324;6448;374;232,9;124;0
vpja07;25;6496;6801;371,7;150,9;305;0
vpja07;25;6818;6973;356,7;128,5;155;0
vpja07;25;7046;7336;155,1;-169,7;290;0
vpja07;25;7359;7905;165,8;-164,7;546;0
vpja07;25;7924;8217;162,5;-163,6;293;0
vpja07;25;8235;8432;178,4;-166,7;197;0
vpja07;25;8671;8927;40,8000000000001;-245,4;256;0
vpja07;25;8965;9224;149,1;-172,5;259;0
vpja07;25;9254;10000;171,9;-160,4;746;0
vpja07;26;281;468;-374,6;-4,79999999999995;187;255000
vpja07;26;481;700;-386;-28,9;219;255000
vpja07;26;720;1048;-383,2;-48,8;328;255000
vpja07;26;1101;1418;-321,7;-168,7;317;255000
vpja07;26;1463;1791;-618,8;-218,9;328;0
vpja07;26;1863;2078;-326,2;-190,2;215;0
vpja07;26;2197;2502;527,9;-61,5;305;0
vpja07;26;2537;2787;504;-119,1;250;0
vpja07;26;2806;3107;519,7;-105,6;301;0
vpja07;26;3134;3376;491,9;-74,6999999999999;242;0
vpja07;26;3402;3710;487,6;-17;308;0
vpja07;26;3793;4026;207,1;-19,5999999999999;233;0
vpja07;26;4091;4366;469,8;29,4000000000001;275;0
vpja07;26;4499;4685;617,4;424,2;186;0
vpja07;26;4706;4899;593,4;371;193;0
vpja07;26;4984;5141;165,6;194,8;157;255255000
vpja07;26;5234;5413;-341;321,7;179;255
vpja07;26;5439;5613;-344,1;274,8;174;255
vpja07;26;5686;5774;-528,5;-80;88;0
vpja07;26;5835;5939;-622,2;-81,5999999999999;104;0
vpja07;26;5992;6165;-626,7;-162,8;173;0
vpja07;26;6233;6289;-609,3;-325,2;56;0
vpja07;26;6322;6484;-609,2;-384,8;162;0
vpja07;26;6497;8136;-605,6;-379,1;1639;0
vpja07;26;8154;8359;-609,3;-372,6;205;0
vpja07;26;8394;8688;-585,1;-260,5;294;0
vpja07;26;8698;9527;-581,3;-247,2;829;0
vpja07;26;9562;9739;-522,7;-196,2;177;0
vpja07;26;9758;10000;-524,6;-193,2;242;0
