vp;trial;timest;timeend;x;y;duration;roi
vpja10;1;300;532;-83;-141,9;232;255000
vpja10;1;585;782;-305,1;75,3000000000001;197;255
vpja10;1;991;1053;-73,9;-92,6;62;2,55e+08
vpja10;1;1083;1238;-87,3;-162,5;155;255000
vpja10;1;1257;1397;-105,8;-143,6;140;255000
vpja10;1;1452;1767;-281,9;102,1;315;255
vpja10;1;1787;1986;-284,9;145;199;255
vpja10;1;2023;2207;23,6;180,9;184;0
vpja10;1;2223;2361;-6,19999999999993;177,7;138;0
vpja10;1;2388;2548;68,6;168,7;160;0
vpja10;1;2559;2665;49,2;164,1;106;0
vpja10;1;2708;2936;-172,1;328,2;228;0
vpja10;1;2969;3099;-55,8;278,1;130;0
vpja10;1;3124;3318;-120,3;283,5;194;0
vpja10;1;3349;3416;-199,9;287,5;67;0
vpja10;1;3462;3668;-355,2;48,6;206;0
vpja10;1;3694;3903;-403,5;0,300000000000068;209;0
vpja10;1;3937;4182;-419,1;-143,7;245;0
vpja10;1;4203;4426;-405,8;-185;223;0
vpja10;1;4455;4701;-406,4;-104,3;246;0
vpja10;1;4733;4962;-395,3;3,10000000000002;229;0
vpja10;1;4974;5199;-418;1,89999999999998;225;0
vpja10;1;5239;5415;-447,6;189,3;176;0
vpja10;1;5428;5667;-434,1;201,6;239;0
vpja10;1;5704;5904;-288,2;69,7;200;0
vpja10;1;5949;6108;-91,3;-176,7;159;255000
vpja10;1;6117;6232;-92,8;-163,4;115;255000
vpja10;1;6269;6449;65,4;-322,9;180;0
vpja10;1;6474;6693;94,3000000000001;-388,7;219;0
vpja10;1;6728;6946;-73,9;-418;218;0
vpja10;1;6986;7114;-77;-228,9;128;255000
vpja10;1;7134;7299;-81;-186,3;165;255000
vpja10;1;7308;7583;-70,8;-167;275;255000
vpja10;1;7598;7863;-73,9;-181,5;265;255000
vpja10;1;7908;8096;140;-320,2;188;0
vpja10;1;8151;8391;438,1;-28,5;240;0
vpja10;1;8425;9137;363,3;71,7;712;0
vpja10;1;9149;9456;332,4;97,7;307;0
vpja10;1;9487;9951;282,6;9,10000000000002;464;0
vpja10;2;183;204;29,5;-176,3;21;2,55e+08
vpja10;2;347;456;34;-210;109;255000
vpja10;2;513;632;356,3;194,1;119;0
vpja10;2;651;986;314,6;212,7;335;255
vpja10;2;1050;1216;-254,3;148,4;166;0
vpja10;2;1236;1477;-288,1;134;241;0
vpja10;2;1531;2093;283,1;215,8;562;255
vpja10;2;2159;2369;-304,7;110,1;210;0
vpja10;2;2393;2827;-246,9;111,4;434;255255000
vpja10;2;2879;3001;-1,20000000000005;-209,6;122;2,55e+08
vpja10;2;3025;3202;41,4;-264,6;177;255000
vpja10;2;3219;3330;39,8;-234,9;111;255000
vpja10;2;3505;3875;327,9;182,5;370;255
vpja10;2;3928;4040;40,8;-182,3;112;2,55e+08
vpja10;2;4069;4257;52,0999999999999;-248;188;255000
vpja10;2;4267;4512;39,1;-236,6;245;255000
vpja10;2;4547;4778;-8,20000000000005;-401,8;231;255000
vpja10;2;4816;5041;44,3;-266;225;255000
vpja10;2;5054;5214;59,5999999999999;-247,1;160;255000
vpja10;2;5255;5600;-41,8;-419,6;345;0
vpja10;2;5659;5765;-194,2;45,8000000000001;106;0
vpja10;2;5797;6038;-289,8;133,1;241;0
vpja10;2;6063;6489;-259,8;124,5;426;255255000
vpja10;2;6663;6922;15,8;-221,2;259;255000
vpja10;2;6946;7219;46,4;-247;273;255000
vpja10;2;7399;7832;-273,4;122,4;433;255255000
vpja10;2;7876;8114;-449,8;273,5;238;0
vpja10;2;8154;8292;-323,1;116,2;138;255255000
vpja10;2;8544;8989;-285,8;116;445;255255000
vpja10;2;9289;9453;-326,8;120,4;164;255255000
vpja10;2;9485;9792;-252,6;118,2;307;255255000
vpja10;2;9814;9958;-311,1;129,2;144;0
vpja10;3;312;435;-241,317647058823;104,508823529412;123;0
vpja10;3;474;721;-108,417647058823;29,1088235294118;247;0
vpja10;3;743;1229;-74,1176470588235;-5,89117647058822;486;255255000
vpja10;3;1276;1498;-271,817647058823;173,108823529412;222;0
vpja10;3;1539;1766;-241,517647058824;-28,5911764705883;227;255
vpja10;3;1785;2325;-246,117647058824;-64,4911764705882;540;255
vpja10;3;2354;2596;-223,217647058824;-0,991176470588243;242;255
vpja10;3;2624;3352;-223,917647058823;-67,5911764705883;728;255
vpja10;3;3385;3551;-229,517647058824;-161,991176470588;166;0
vpja10;3;3584;3728;-234,517647058824;-43,3911764705882;144;255
vpja10;3;3765;3992;-202,617647058824;-234,291176470588;227;0
vpja10;3;4018;4238;-147,017647058824;-270,891176470588;220;0
vpja10;3;4278;4490;-204,117647058824;-92,4911764705882;212;0
vpja10;3;4512;5067;-233,217647058824;-63,3911764705882;555;255
vpja10;3;5125;5338;363,782352941176;-54,8911764705882;213;0
vpja10;3;5366;5608;240,782352941176;-37,0911764705883;242;0
vpja10;3;5636;5775;308,582352941176;-32,2911764705883;139;0
vpja10;3;5809;6037;527,882352941177;-47,6911764705883;228;0
vpja10;3;6059;6243;471,882352941177;-65,2911764705883;184;0
vpja10;3;6425;6721;507,182352941177;-73,5911764705883;296;0
vpja10;3;6758;7019;292,882352941177;-27,0911764705883;261;0
vpja10;3;7038;7243;254,182352941177;-31,5911764705883;205;0
vpja10;3;7288;7421;-17,7176470588236;-261,291176470588;133;255000
vpja10;3;7440;7743;-51,9176470588235;-258,691176470588;303;0
vpja10;3;7801;8024;286,782352941176;-30,9911764705882;223;0
vpja10;3;8070;8240;15,2823529411764;138,408823529412;170;2,55e+08
vpja10;3;8286;8455;257,882352941177;4,10882352941178;169;0
vpja10;3;8479;8702;267,682352941177;-35,8911764705882;223;0
vpja10;3;8759;8902;-40,2176470588236;-278,991176470588;143;255000
vpja10;3;8918;9073;-45,6176470588235;-250,691176470588;155;0
vpja10;3;9131;9475;283,982352941176;-12,5911764705883;344;0
vpja10;3;9493;9650;258,382352941177;-38,0911764705883;157;0
vpja10;3;9687;9950;335,882352941177;60,3088235294117;263;0
vpja10;3;9962;10000;321,982352941176;35,9088235294117;38;0
vpja10;4;271;365;-173,2;-196,1;94;255000
vpja10;4;387;634;-226,3;-169,6;247;2,55e+08
vpja10;4;695;852;-145,9;342,3;157;255255000
vpja10;4;900;1131;-450,5;294,4;231;255
vpja10;4;1151;2099;-488,9;298;948;0
vpja10;4;2144;2319;-184,1;306;175;0
vpja10;4;2345;2598;-122,1;301,7;253;255255000
vpja10;4;2621;2863;-106,7;352,8;242;255255000
vpja10;4;2907;3299;-307,3;153,1;392;0
vpja10;4;3343;3831;-129,4;309,8;488;255255000
vpja10;4;4077;4213;319,3;-61,8;136;0
vpja10;4;4245;4421;441,4;78,5;176;0
vpja10;4;4454;4621;288,9;80,6;167;0
vpja10;4;4671;4882;-89,9;-236,9;211;0
vpja10;4;4907;5548;-37,8;-254,1;641;0
vpja10;4;5592;5740;275,9;-305,1;148;0
vpja10;4;5765;6016;307,2;-363,8;251;0
vpja10;4;6057;6393;240,1;-211,6;336;0
vpja10;4;6426;7017;93,1999999999999;-173,9;591;0
vpja10;4;7059;7245;-229,2;-174,5;186;2,55e+08
vpja10;4;7372;7606;-457,8;305,6;234;255
vpja10;4;7648;7788;-218,9;306,2;140;0
vpja10;4;7816;8027;-136,8;318,9;211;255255000
vpja10;4;8066;8306;-194,7;166,2;240;2,55e+08
vpja10;4;8329;8554;-217,4;112,1;225;2,55e+08
vpja10;4;8568;8748;-235,6;106,2;180;2,55e+08
vpja10;4;8799;9099;-496;303;300;0
vpja10;4;9293;9437;-470,7;264,8;144;255
vpja10;4;9486;9728;-203,7;204,7;242;2,55e+08
vpja10;4;9773;10000;-237,8;-187,6;227;0
vpja10;5;96;202;29,5;-20,6999999999999;106;0
vpja10;5;242;357;66,5999999999999;-261,1;115;2,55e+08
vpja10;5;380;536;109,5;-283,4;156;255000
vpja10;5;549;689;88;-276,9;140;255000
vpja10;5;747;924;469,7;75,6;177;255
vpja10;5;945;1235;463,8;32,4;290;255
vpja10;5;1322;1523;-125,2;-7,19999999999993;201;0
vpja10;5;1543;1721;-149,1;16,8000000000001;178;255255000
vpja10;5;1919;2551;-186,4;43,9;632;255255000
vpja10;5;2600;2732;45,9;-11,1999999999999;132;0
vpja10;5;2780;3078;460,8;20,5;298;255
vpja10;5;3097;3759;469,8;-3,10000000000002;662;255
vpja10;5;3789;3972;459,8;81,8000000000001;183;255
vpja10;5;3998;4336;467,9;26,1;338;255
vpja10;5;4387;4521;125,6;-248,8;134;2,55e+08
vpja10;5;4540;4737;103,5;-277,9;197;255000
vpja10;5;4794;4961;437,3;27,2;167;255
vpja10;5;4985;5170;479,5;17,6;185;255
vpja10;5;5178;5483;480,7;3,5;305;0
vpja10;5;5506;5713;447,5;52,9;207;255
vpja10;5;5980;6425;425,2;31,3000000000001;445;255
vpja10;5;6449;6605;475,6;59,5;156;255
vpja10;5;6633;6941;479,6;-15,8;308;255
vpja10;5;6959;7198;482,2;4;239;0
vpja10;5;7228;7474;447,4;107,7;246;255
vpja10;5;7496;8105;434,4;73,8000000000001;609;255
vpja10;5;8127;8298;466;86,2;171;255
vpja10;5;8324;8361;471,6;15,6;37;255
vpja10;5;8660;8860;468,3;23,5;200;255
vpja10;5;8878;9200;481,1;-10,1;322;255
vpja10;5;9252;9272;-6,60000000000002;1,39999999999998;20;0
vpja10;5;9532;9700;-187,2;84,9;168;255255000
vpja10;5;9733;9882;-95;18,3000000000001;149;255255000
vpja10;5;9932;10000;-466,6;101,4;68;0
vpja10;6;177;277;-11,7429078014184;-137,32304964539;100;2,55e+08
vpja10;6;307;432;-73,8429078014183;-222,02304964539;125;255000
vpja10;6;495;653;-449,342907801418;274,67695035461;158;255
vpja10;6;679;1137;-503,242907801418;320,47695035461;458;0
vpja10;6;1162;1578;-462,542907801418;276,87695035461;416;0
vpja10;6;1642;1913;-106,242907801418;-229,22304964539;271;255000
vpja10;6;2304;2419;-514,742907801418;384,57695035461;115;255
vpja10;6;2443;2665;-467,842907801418;285,37695035461;222;0
vpja10;6;2674;2781;-451,642907801418;263,57695035461;107;0
vpja10;6;3104;3254;-519,442907801418;343,47695035461;150;0
vpja10;6;3267;3718;-514,842907801418;345,87695035461;451;0
vpja10;6;3746;3931;-468,742907801418;279,07695035461;185;0
vpja10;6;3941;4224;-460,842907801418;267,47695035461;283;0
vpja10;6;4298;4464;329,457092198582;329,57695035461;166;255255000
vpja10;6;4499;4670;421,557092198582;369,67695035461;171;255255000
vpja10;6;4687;4988;405,257092198582;352,07695035461;301;255255000
vpja10;6;4997;5174;417,757092198582;354,37695035461;177;255255000
vpja10;6;5221;5427;415,757092198582;4,67695035460986;206;0
vpja10;6;5450;5666;341,157092198582;-23,4230496453901;216;0
vpja10;6;5709;5864;603,957092198582;20,2769503546099;155;0
vpja10;6;5938;6172;-57,1429078014183;-241,52304964539;234;255000
vpja10;6;6192;6331;-95,6429078014183;-242,32304964539;139;255000
vpja10;6;6368;6632;-307,942907801418;-245,52304964539;264;0
vpja10;6;6708;6895;522,057092198582;-360,12304964539;187;0
vpja10;6;6921;7226;562,657092198582;-347,92304964539;305;0
vpja10;6;7433;7639;538,257092198582;118,67695035461;206;0
vpja10;6;7666;7835;471,757092198582;36,4769503546099;169;0
vpja10;6;7866;8407;338,457092198582;-12,5230496453901;541;0
vpja10;6;8435;8606;304,357092198582;66,7769503546099;171;0
vpja10;6;8620;8766;321,957092198582;46,0769503546099;146;0
vpja10;6;8813;9010;606,957092198582;4,77695035460988;197;0
vpja10;6;9026;9273;620,257092198582;-12,5230496453901;247;0
vpja10;6;9287;9433;608,057092198582;6,17695035460986;146;0
vpja10;6;9478;9727;334,457092198582;-80,4230496453901;249;0
vpja10;6;9752;9890;367,157092198582;-28,8230496453901;138;0
vpja10;7;179;412;94,5;-151,3;233;255000
vpja10;7;472;682;-318,4;86,9;210;255
vpja10;7;715;863;-197,9;49,8;148;255
vpja10;7;920;1156;372,6;220,1;236;255255000
vpja10;7;1173;1377;374,9;258,3;204;255255000
vpja10;7;1584;1701;108,6;-163,6;117;255000
vpja10;7;1723;1875;66,8;-165,3;152;2,55e+08
vpja10;7;1916;2069;-79,1;-339,1;153;0
vpja10;7;2091;2258;-48,3;-354,8;167;0
vpja10;7;2303;2450;-305,6;-201,3;147;0
vpja10;7;2494;2664;-89,6;-325,8;170;0
vpja10;7;2680;2933;-116,5;-338,8;253;0
vpja10;7;2977;3093;37,1;-141,7;116;0
vpja10;7;3123;3260;111,4;-205,8;137;255000
vpja10;7;3282;3742;94,0999999999999;-166,9;460;255000
vpja10;7;3778;3958;163,4;-45,1;180;2,55e+08
vpja10;7;3977;4181;140;-18,1;204;2,55e+08
vpja10;7;4219;4373;139,8;-173,7;154;255000
vpja10;7;4423;4575;460,5;-198,9;152;0
vpja10;7;4612;4796;481,1;-359,6;184;0
vpja10;7;4817;4961;415,3;-373,9;144;0
vpja10;7;5025;5213;-216,2;-93,9000000000001;188;0
vpja10;7;5247;5451;-355,4;-106;204;0
vpja10;7;5503;5649;-13,3;-123,9;146;0
vpja10;7;5808;5935;-71,1;-235,3;127;0
vpja10;7;5963;6160;-109;-333,5;197;0
vpja10;7;6191;6293;-195;-259,8;102;0
vpja10;7;6350;6522;-297,2;31,8;172;255
vpja10;7;6557;6799;-359,4;141,2;242;255
vpja10;7;6830;6923;-250,1;107,7;93;255
vpja10;7;7106;7204;-473,9;218,6;98;0
vpja10;7;7242;7540;-571;331,3;298;0
vpja10;7;7591;7648;-293,9;32,3;57;255
vpja10;7;7893;7945;122,5;-149,5;52;255000
vpja10;7;7966;8231;86,2;-175,3;265;255000
vpja10;7;8253;8610;110,5;-212,6;357;255000
vpja10;7;8874;9023;-85,9;-264;149;0
vpja10;7;9053;9308;-46,3;-365,7;255;0
vpja10;7;9340;9640;-181;-367,9;300;0
vpja10;7;9694;9815;-332,3;-191,6;121;0
vpja10;7;9967;10000;-362,2;-173,5;33;0
vpja10;8;160;308;110,9;-137,2;148;255000
vpja10;8;363;555;55,0999999999999;230,5;192;255
vpja10;8;581;707;-16;210,2;126;0
vpja10;8;732;995;39,8;222,3;263;255
vpja10;8;1002;1361;28,4;222,9;359;255
vpja10;8;1425;1633;-402,6;89,5;208;255255000
vpja10;8;1684;1853;47,8999999999999;217,3;169;255
vpja10;8;2127;2276;25,9;289;149;255
vpja10;8;2338;2583;-369,2;80,9;245;255255000
vpja10;8;2609;2807;-345,3;28,9;198;0
vpja10;8;2829;3078;-390;56,5;249;0
vpja10;8;3092;3551;-376;71,9;459;255255000
vpja10;8;3578;3776;-315,4;14;198;255255000
vpja10;8;3827;4070;137,4;-159;243;255000
vpja10;8;4090;4336;115,1;-133,3;246;255000
vpja10;8;4569;4897;147;-210,4;328;255000
vpja10;8;4920;5170;123,6;-162,7;250;255000
vpja10;8;5184;5569;124,2;-134,2;385;255000
vpja10;8;5595;6005;163;-175,5;410;255000
vpja10;8;6070;6255;-329;76,9;185;255255000
vpja10;8;6277;6585;-374,2;64,9;308;255255000
vpja10;8;6827;7115;-314,7;33,3000000000001;288;0
vpja10;8;7396;7472;-397,7;67,7;76;255255000
vpja10;8;7493;8019;-363,8;50,6;526;0
vpja10;8;8064;8310;-531,7;-129,1;246;0
vpja10;8;8798;9407;-346;145,3;609;255255000
vpja10;8;9451;9771;-479,4;-27,3;320;0
vpja10;8;9808;10000;-366,2;64,9;192;255255000
vpja10;9;94;147;-16,4000000000001;20,7;53;0
vpja10;9;184;290;130,1;-89,8;106;2,55e+08
vpja10;9;350;509;-155;267;159;255
vpja10;9;529;716;-204,5;254,4;187;255
vpja10;9;753;853;32,6999999999999;270,1;100;0
vpja10;9;895;1074;330,2;358,6;179;255255000
vpja10;9;1121;1235;15,4;285,9;114;0
vpja10;9;1267;1474;-161;265,7;207;255
vpja10;9;1497;1752;-136,1;317,2;255;255
vpja10;9;1778;1936;-177,7;257,4;158;255
vpja10;9;1988;2187;151,6;-120,7;199;255000
vpja10;9;2204;2456;128,7;-106,6;252;2,55e+08
vpja10;9;2472;2705;138,3;-116,4;233;2,55e+08
vpja10;9;2732;3023;151,7;-181,4;291;255000
vpja10;9;3079;3299;-180,8;-141,4;220;0
vpja10;9;3343;3486;-425,7;-28,4;143;0
vpja10;9;3701;3805;-177,1;-160,4;104;0
vpja10;9;3843;4096;-191,7;-284,1;253;0
vpja10;9;4124;4299;-160,5;-345,9;175;0
vpja10;9;4350;4535;165,2;-102,9;185;255000
vpja10;9;4550;4891;139,4;-103;341;2,55e+08
vpja10;9;4957;5118;-155,7;266,9;161;255
vpja10;9;5132;5287;-181,5;278,7;155;255
vpja10;9;5313;5753;-131,6;276,9;440;255
vpja10;9;5775;6037;-113;319,2;262;255
vpja10;9;6291;6384;-163;239;93;255
vpja10;9;6411;6626;-231,7;256,9;215;255
vpja10;9;6662;6942;-102,2;269,6;280;255
vpja10;9;6998;7147;126,7;-56,4;149;2,55e+08
vpja10;9;7177;7287;147,2;-132,3;110;255000
vpja10;9;7566;7597;392,4;280;31;255255000
vpja10;9;7627;7833;416,4;118,7;206;0
vpja10;9;7875;8060;165,9;-92,9;185;255000
vpja10;9;8077;8484;132,9;-114,7;407;2,55e+08
vpja10;9;8535;8776;-165,4;-105,5;241;0
vpja10;9;8967;9031;193,9;-90,6;64;2,55e+08
vpja10;9;9052;9435;146,1;-113,8;383;255000
vpja10;9;9475;9741;-42,1;-229,7;266;0
vpja10;9;9775;10000;-160,2;-233,8;225;0
vpja10;10;221;281;7,10000000000002;-5,90000000000009;60;2,55e+08
vpja10;10;306;466;52,6;-33,4000000000001;160;255000
vpja10;10;482;599;76,6999999999999;-20,8000000000001;117;0
vpja10;10;635;811;-34,1;130,8;176;255255000
vpja10;10;833;1096;-49,1;82;263;255255000
vpja10;10;1114;1530;-58,9;107,2;416;255255000
vpja10;10;1582;1765;278,6;157,9;183;0
vpja10;10;1797;1964;320,1;168,3;167;255
vpja10;10;2019;2179;50,4;-29,5;160;255000
vpja10;10;2188;2395;60,6999999999999;-24,9000000000001;207;255000
vpja10;10;2415;2553;31;-40,4000000000001;138;255000
vpja10;10;2576;2752;56,9999999999999;-29,2;176;255000
vpja10;10;2803;2992;373,3;-143,3;189;0
vpja10;10;3015;3181;390;-182,1;166;0
vpja10;10;3217;3262;233,9;-185,8;45;0
vpja10;10;3303;3566;-21;-187,5;263;0
vpja10;10;3610;3760;-5,39999999999998;51,5999999999999;150;2,55e+08
vpja10;10;4283;4366;-488,2;187,5;83;0
vpja10;10;4405;4617;-555,8;147,4;212;0
vpja10;10;4660;4795;-292,3;21,8;135;0
vpja10;10;4845;4973;20,3;-3,70000000000005;128;2,55e+08
vpja10;10;4993;5419;47,9999999999999;-18,2;426;255000
vpja10;10;5458;5650;29,3;-189,8;192;0
vpja10;10;5676;6065;-34,7;-175,7;389;0
vpja10;10;6114;6360;394,2;-152,4;246;0
vpja10;10;6388;6571;297,3;-149,5;183;0
vpja10;10;6584;6933;316,1;-153,2;349;0
vpja10;10;6986;7311;-49,8000000000001;-166,6;325;0
vpja10;10;7329;7423;-22;-170,2;94;0
vpja10;10;7655;7707;10,3;36;52;2,55e+08
vpja10;10;7732;7881;55,1;-27,9000000000001;149;255000
vpja10;10;7888;8228;70,3000000000001;-17;340;255000
vpja10;10;8289;8461;-494,9;127,3;172;0
vpja10;10;8485;8521;-549,9;165,9;36;0
vpja10;10;8584;8663;0,799999999999955;167,2;79;255255000
vpja10;10;8916;8973;-9,5;180,4;57;0
vpja10;10;8998;9144;-67,4;104,6;146;255255000
vpja10;10;9191;9329;47,9;-33,5;138;255000
vpja10;10;9346;9560;68,6;-25,4000000000001;214;255000
vpja10;10;9608;9793;122,4;-284,3;185;0
vpja10;10;9821;10000;98,1999999999999;-360;179;0
vpja10;11;16;236;-4,60000000000002;2,69999999999993;220;2,55e+08
vpja10;11;288;460;304,9;271,1;172;255255000
vpja10;11;527;636;-39;-240,4;109;2,55e+08
vpja10;11;667;989;-61;-338,1;322;255000
vpja10;11;1085;1215;-468,3;371,3;130;0
vpja10;11;1258;1393;-551,6;431;135;0
vpja10;11;1468;1591;-79,5;-280,5;123;2,55e+08
vpja10;11;1627;1952;-59;-332,6;325;255000
vpja10;11;1968;2128;-31;-310,4;160;255000
vpja10;11;2267;2397;-21,6;-257,4;130;2,55e+08
vpja10;11;2424;2773;-51,8;-300,1;349;255000
vpja10;11;2828;3008;33,8;-17,5;180;2,55e+08
vpja10;11;3081;3261;-453,2;335,6;180;0
vpja10;11;3298;3353;-569,4;435,4;55;255
vpja10;11;3557;3617;-537,3;557,7;60;NA
vpja10;11;3626;3662;-544,6;493,5;36;NA
vpja10;11;4065;4114;212,1;497,6;49;NA
vpja10;11;4145;4389;208,9;321,8;244;0
vpja10;11;4413;4585;182,5;244,1;172;0
vpja10;11;4649;4840;-41,6;-341,3;191;255000
vpja10;11;4858;5148;-59,2;-326,9;290;255000
vpja10;11;5206;5428;372,5;-215;222;0
vpja10;11;5455;5580;327,9;-272,3;125;0
vpja10;11;5657;5856;-336,5;-277,5;199;0
vpja10;11;6051;6180;-476,1;398,3;129;0
vpja10;11;6219;6455;-510,9;308,9;236;0
vpja10;11;6527;6695;-86,8;93,5999999999999;168;2,55e+08
vpja10;11;6740;6975;29,9;-129,5;235;2,55e+08
vpja10;11;7052;7072;394,8;423,2;20;0
vpja10;11;7412;7451;144,4;286,2;39;0
vpja10;11;7513;7781;80,0999999999999;-136,7;268;2,55e+08
vpja10;11;7819;7950;9,70000000000005;-270,8;131;2,55e+08
vpja10;11;7978;8256;-55,8;-313,9;278;255000
vpja10;11;8328;8479;222,7;223,7;151;255255000
vpja10;11;8562;8707;-458,7;336,3;145;0
vpja10;11;8746;8936;-574,2;420,8;190;0
vpja10;11;9291;9352;228;505,7;61;NA
vpja10;11;9407;9482;167,9;193,1;75;0
vpja10;11;9547;9795;-33,2;-305,9;248;255000
vpja10;11;9850;10000;-395,3;-311,4;150;0
vpja10;12;302;428;-65,9000000000002;-204,6;126;255000
vpja10;12;452;601;-112,9;-165,6;149;255000
vpja10;12;615;778;-99,5000000000001;-165,6;163;255000
vpja10;12;840;978;-159,9;255,8;138;255
vpja10;12;999;1177;-127,3;274,7;178;255
vpja10;12;1184;1376;-117,8;274,3;192;255
vpja10;12;1403;1529;-211;229,8;126;255
vpja10;12;1588;1809;244,6;174,6;221;255255000
vpja10;12;1820;1937;224,2;167,8;117;255255000
vpja10;12;2155;2283;-100,7;-154,1;128;255000
vpja10;12;2298;2463;-118;-172,7;165;255000
vpja10;12;2492;2714;-74,8000000000002;-216,2;222;255000
vpja10;12;2746;2853;-119,9;-156;107;2,55e+08
vpja10;12;2926;3024;-170,1;237,8;98;255
vpja10;12;3049;3219;-109,2;257,4;170;255
vpja10;12;3549;3713;224,1;168;164;255255000
vpja10;12;3762;3975;-94,1000000000001;-186,2;213;255000
vpja10;12;3991;4806;-113,1;-172,8;815;255000
vpja10;12;4839;5025;-42,4000000000002;-231;186;255000
vpja10;12;5046;5338;-18,3000000000002;-231,9;292;255000
vpja10;12;5552;5752;-111;56,6;200;2,55e+08
vpja10;12;5800;7903;-88,3000000000002;-191,8;2103;255000
vpja10;12;7914;9143;-57,0000000000001;-202,5;1229;255000
vpja10;12;9431;9683;-131,1;-18,5;252;2,55e+08
vpja10;12;9705;10000;-166,3;-55,4;295;2,55e+08
vpja10;13;183;641;-43,7173010380624;-212,147750865052;458;255000
vpja10;13;660;816;-33,5173010380623;-220,947750865052;156;255000
vpja10;13;888;1049;391,382698961938;247,452249134948;161;255
vpja10;13;1080;1214;415,782698961938;168,452249134948;134;255
vpja10;13;1420;1521;-389,117301038062;321,952249134948;101;255255000
vpja10;13;1546;1933;-403,317301038062;231,952249134948;387;255255000
vpja10;13;1956;2122;-369,117301038062;266,752249134948;166;255255000
vpja10;13;2176;2286;-110,217301038062;-102,447750865052;110;2,55e+08
vpja10;13;2318;2555;-41,5173010380623;-220,447750865052;237;255000
vpja10;13;2594;2793;101,682698961938;-322,047750865052;199;0
vpja10;13;2971;3139;13,7826989619376;-272,247750865052;168;255000
vpja10;13;3173;3399;-36,2173010380624;-208,647750865052;226;255000
vpja10;13;3452;3718;149,982698961938;24,2522491349481;266;0
vpja10;13;3923;4071;-24,3173010380623;-131,147750865052;148;2,55e+08
vpja10;13;4120;4273;-69,1173010380624;44,1522491349481;153;2,55e+08
vpja10;13;4304;4520;-23,0173010380623;37,5522491349481;216;2,55e+08
vpja10;13;4587;4930;-409,817301038062;244,152249134948;343;255255000
vpja10;13;5165;5297;401,382698961938;237,552249134948;132;255
vpja10;13;5316;5445;400,882698961938;164,852249134948;129;255
vpja10;13;5517;6163;-45,4173010380623;-136,347750865052;646;2,55e+08
vpja10;13;6232;6340;-309,217301038062;251,552249134948;108;0
vpja10;13;6366;6619;-378,417301038062;244,952249134948;253;255255000
vpja10;13;6646;7544;-411,217301038062;210,852249134948;898;255255000
vpja10;13;7570;7798;-363,217301038062;216,052249134948;228;255255000
vpja10;13;8122;8251;-441,117301038062;316,052249134948;129;0
vpja10;13;8278;8599;-361,417301038062;216,652249134948;321;255255000
vpja10;13;8670;8864;356,182698961938;225,752249134948;194;255
vpja10;13;8897;9266;414,382698961938;165,152249134948;369;255
vpja10;13;9288;9515;416,482698961938;230,652249134948;227;255
vpja10;13;9917;10000;-407,817301038062;358,052249134948;83;0
vpja10;14;196;599;-1,70000000000005;-216,9;403;2,55e+08
vpja10;14;619;783;-22,5;-242,2;164;255000
vpja10;14;804;1149;-8,89999999999998;-226,9;345;255000
vpja10;14;1167;1400;-1,10000000000002;-248,9;233;255000
vpja10;14;1414;1632;4,20000000000005;-226,5;218;255000
vpja10;14;1656;1857;7,79999999999995;-260,3;201;255000
vpja10;14;1870;2184;8,39999999999998;-242,9;314;255000
vpja10;14;2245;2424;269,3;96,9;179;255
vpja10;14;2450;2654;276,3;67,6;204;255
vpja10;14;2729;2855;-307,5;121,1;126;0
vpja10;14;2880;3043;-365;133,8;163;255255000
vpja10;14;3108;3337;245,3;112,7;229;255
vpja10;14;3402;3642;-350;142,2;240;255255000
vpja10;14;3899;3994;-614,4;26,8000000000001;95;0
vpja10;14;4003;4100;-599;28,1;97;0
vpja10;14;4132;4885;-553,4;44,4;753;0
vpja10;14;4917;5063;-293,3;125,5;146;0
vpja10;14;5086;5572;-338,6;130,6;486;255255000
vpja10;14;5826;5888;272,2;419;62;0
vpja10;14;5899;6065;259;283,2;166;0
vpja10;14;6084;6105;265,6;354,4;21;0
vpja10;14;6112;6137;267,1;394;25;0
vpja10;14;6242;6324;-73,8;-87,3;82;2,55e+08
vpja10;14;6359;6541;-15,7;-244,7;182;255000
vpja10;14;6561;6897;-1,20000000000005;-212,9;336;2,55e+08
vpja10;14;6954;7063;-142,3;7,89999999999998;109;2,55e+08
vpja10;14;7353;7444;-152;555,9;91;NA
vpja10;14;7563;7638;7;568,4;75;NA
vpja10;14;7783;7951;82;586;168;NA
vpja10;14;8208;8251;16,2;-161,7;43;2,55e+08
vpja10;14;8290;8605;-10,8;-225,2;315;255000
vpja10;14;8623;8892;6,29999999999995;-208,1;269;2,55e+08
vpja10;14;8917;9174;-0,100000000000023;-261,3;257;255000
vpja10;14;9192;9250;0,600000000000023;-230,1;58;255000
vpja10;14;9446;9482;-16,9;-295,4;36;255000
vpja10;14;9490;9563;-16,2;-264,6;73;255000
vpja10;14;9622;9824;-414,5;-281,4;202;0
vpja10;15;174;314;-134;-137,4;140;2,55e+08
vpja10;15;330;495;-154;-157,1;165;255000
vpja10;15;507;1004;-166,8;-137;497;255000
vpja10;15;1021;1302;-146,9;-149,6;281;255000
vpja10;15;1318;1602;-157,3;-147,7;284;255000
vpja10;15;1669;1885;-34,3000000000001;289,1;216;0
vpja10;15;1949;2133;486,9;301,6;184;255
vpja10;15;2325;2553;-464,3;237,7;228;0
vpja10;15;2588;2745;-413,9;203,5;157;0
vpja10;15;2782;2974;-494;5,39999999999998;192;255255000
vpja10;15;3004;3293;-462,5;-70,4;289;255255000
vpja10;15;3533;3649;530,8;448,3;116;0
vpja10;15;3676;3927;407,2;341,6;251;255
vpja10;15;3953;4247;458;349,3;294;255
vpja10;15;4275;4480;480,4;284,3;205;255
vpja10;15;4524;4763;314,5;45,1999999999999;239;0
vpja10;15;4824;5036;-31,7;258,7;212;0
vpja10;15;5223;5354;-492,2;39,5;131;255255000
vpja10;15;5388;5933;-465,9;-72,6;545;255255000
vpja10;15;5976;6148;-174,3;-126,1;172;2,55e+08
vpja10;15;6166;6401;-158,6;-146,3;235;255000
vpja10;15;6443;6851;-1;-330,9;408;0
vpja10;15;6911;7016;-190,9;-129,3;105;0
vpja10;15;7041;7195;-152,4;-150,5;154;255000
vpja10;15;7357;7544;40,5;-340,4;187;0
vpja10;15;7753;7935;-38,2;-2,60000000000002;182;2,55e+08
vpja10;15;8006;8165;-401,9;-36,2;159;255255000
vpja10;15;8199;8384;-315,3;-158,9;185;0
vpja10;15;8416;8582;-177,5;-156,3;166;255000
vpja10;15;8601;8832;-151,9;-146,3;231;2,55e+08
vpja10;15;9162;9327;11,6999999999999;-379,8;165;0
vpja10;15;9401;9488;-173;-67,5;87;2,55e+08
vpja10;15;9529;9686;-142,8;-158,3;157;255000
vpja10;15;9881;10000;40,8999999999999;-359,9;119;0
vpja10;16;174;286;30,5;-209,4;112;255000
vpja10;16;319;691;62,5;-187;372;255000
vpja10;16;754;966;261,3;179,4;212;255
vpja10;16;1023;1160;69,8;-173;137;255000
vpja10;16;1179;1408;54,8;-199,1;229;255000
vpja10;16;1473;1632;-328,2;181,4;159;255255000
vpja10;16;1658;1866;-257,3;170,1;208;255255000
vpja10;16;2024;2212;-186,8;-298,5;188;0
vpja10;16;2259;2381;111,5;-238,9;122;255000
vpja10;16;2406;2547;60,3;-209,5;141;255000
vpja10;16;2560;2811;64,5;-183,5;251;255000
vpja10;16;2850;3159;369,9;-274,8;309;0
vpja10;16;3191;3502;228;-324;311;0
vpja10;16;3551;4100;67,0999999999999;-236,3;549;255000
vpja10;16;4273;4468;-211,3;-84;195;0
vpja10;16;4536;4687;-327,5;230,6;151;255255000
vpja10;16;4718;4979;-256,2;160,8;261;255255000
vpja10;16;4997;5235;-270,8;135,2;238;255255000
vpja10;16;5242;5432;-266,7;138,9;190;255255000
vpja10;16;5483;5685;236,6;149,8;202;0
vpja10;16;5926;6105;35,3;-205,2;179;255000
vpja10;16;6522;7008;-537,3;-72,5;486;0
vpja10;16;7561;7641;-329,8;199,2;80;255255000
vpja10;16;7715;8172;76;-214,1;457;255000
vpja10;16;8255;8360;-362;202,7;105;255255000
vpja10;16;8394;8641;-270,6;144,1;247;255255000
vpja10;16;8664;9017;-253,5;169,5;353;255255000
vpja10;16;9285;9478;-301,9;146,6;193;255255000
vpja10;16;9495;9875;-311,9;151,3;380;255255000
vpja10;16;9930;10000;-138,5;-174,5;70;0
vpja10;17;428;448;-30,1;-32,0999999999999;20;255255000
vpja10;17;489;579;-47,1999999999999;-151,7;90;2,55e+08
vpja10;17;606;782;-99,5;-185,7;176;255000
vpja10;17;790;1065;-110,9;-168,2;275;0
vpja10;17;1083;1231;-97,9;-186,9;148;255000
vpja10;17;1244;1651;-109,8;-173,4;407;0
vpja10;17;1710;1888;328,8;-71;178;0
vpja10;17;1929;2063;479,8;-19,5;134;0
vpja10;17;2100;2318;596,5;-100,4;218;0
vpja10;17;2402;2501;-153,6;22;99;2,55e+08
vpja10;17;2553;2616;-25,6;97,2;63;255255000
vpja10;17;2686;2845;-457,9;127,7;159;255
vpja10;17;2875;3110;-503,9;80,2;235;255
vpja10;17;3147;3374;-410,7;82,4000000000001;227;255
vpja10;17;3403;3720;-485,9;5,5;317;0
vpja10;17;3748;3914;-486,2;79,8000000000001;166;255
vpja10;17;3940;4138;-555;89,4000000000001;198;255
vpja10;17;4191;4300;-140,6;-151,2;109;0
vpja10;17;4325;4508;-113,9;-182,6;183;0
vpja10;17;4516;4854;-109,3;-172;338;0
vpja10;17;4877;5069;-79,8;-196,9;192;255000
vpja10;17;5088;5339;-105;-179,2;251;0
vpja10;17;5564;5707;-47,6999999999999;41;143;255255000
vpja10;17;5752;5898;-212,1;104;146;2,55e+08
vpja10;17;5923;6127;-207,1;45,5;204;2,55e+08
vpja10;17;6178;6306;-82,4;-210,8;128;255000
vpja10;17;6329;6479;-111,7;-178,9;150;0
vpja10;17;6493;6945;-98,1999999999999;-179,5;452;255000
vpja10;17;6960;7214;-89,4;-183,5;254;255000
vpja10;17;7229;7415;-104,6;-170,3;186;0
vpja10;17;7616;7769;-42,6999999999999;60,5;153;255255000
vpja10;17;7808;8063;-0,299999999999955;143,8;255;0
vpja10;17;8090;8359;-67,1999999999999;159,7;269;255255000
vpja10;17;8399;8574;52,5000000000001;197,1;175;0
vpja10;17;8606;8795;110,9;201;189;0
vpja10;17;8840;9010;-66;145;170;255255000
vpja10;17;9081;9235;-488,5;109;154;255
vpja10;17;9258;9424;-517;74,1;166;255
vpja10;17;9450;9832;-440,4;72,3000000000001;382;255
vpja10;17;9856;10000;-487,5;33,3000000000001;144;0
vpja10;18;176;353;-12;-222;177;255000
vpja10;18;373;530;-27,8;-256;157;255000
vpja10;18;546;730;-25,9;-234,5;184;255000
vpja10;18;802;903;-282,6;132,3;101;0
vpja10;18;939;1193;-206,7;109,8;254;255
vpja10;18;1212;1417;-228,8;140,2;205;255
vpja10;18;1431;1499;-206,3;143,3;68;255
vpja10;18;1559;1698;277,6;144,9;139;255255000
vpja10;18;1740;1882;427,9;113;142;0
vpja10;18;1943;2064;14,5;-206,4;121;2,55e+08
vpja10;18;2089;2345;-23,6;-230;256;255000
vpja10;18;2411;2519;-293,3;-101,7;108;0
vpja10;18;2545;2785;-244,9;-95,6;240;0
vpja10;18;2949;3362;-18,3;-247;413;255000
vpja10;18;3372;3583;-19,3;-233,3;211;255000
vpja10;18;3612;3950;-15,4;-289;338;255000
vpja10;18;4169;4420;-16,6999999999999;-230,7;251;255000
vpja10;18;4476;4618;306;-53;142;0
vpja10;18;4645;4873;255,2;-96,6;228;0
vpja10;18;4923;5072;290,3;126,5;149;255255000
vpja10;18;5116;5255;449,6;177,1;139;255255000
vpja10;18;5329;5441;11;-207,7;112;2,55e+08
vpja10;18;5464;5787;-30,4;-242,8;323;255000
vpja10;18;5814;6103;-16,5;-299,9;289;255000
vpja10;18;6450;6687;-231,4;89,9;237;255
vpja10;18;6748;6940;14,7;-217,1;192;255000
vpja10;18;6969;7248;-24,3;-276,3;279;255000
vpja10;18;7433;7561;-179,6;-80,2;128;0
vpja10;18;7611;7747;-261,7;56,9;136;0
vpja10;18;7793;8203;-233;-91,2;410;0
vpja10;18;8254;8556;-263,2;112,8;302;255
vpja10;18;8590;8938;-198,2;86;348;255
vpja10;18;8965;9131;-216,7;139;166;255
vpja10;18;9148;9705;-195,5;116,8;557;255
vpja10;18;9936;10000;-192,1;148,5;64;255
vpja10;19;181;327;-207,391428571428;-197,045;146;255000
vpja10;19;347;497;-248,591428571429;-166,245;150;255000
vpja10;19;514;661;-249,291428571429;-174,045;147;255000
vpja10;19;717;893;-279,891428571428;172,555;176;255255000
vpja10;19;919;1042;-226,291428571429;169,355;123;255255000
vpja10;19;1104;1233;247,608571428572;52,7550000000001;129;255
vpja10;19;1415;1495;235,008571428571;11,6550000000001;80;255
vpja10;19;1538;1772;330,908571428571;-188,245;234;0
vpja10;19;1828;2026;-83,2914285714286;-216,645;198;0
vpja10;19;2055;2231;-222,791428571429;-204,245;176;255000
vpja10;19;2255;2407;-269,591428571429;-185,445;152;255000
vpja10;19;2417;2627;-258,191428571429;-188,445;210;255000
vpja10;19;2815;2907;-300,791428571429;-188,545;92;2,55e+08
vpja10;19;2933;3154;-251,891428571428;-185,945;221;255000
vpja10;19;3188;3394;-187,791428571429;-235,845;206;0
vpja10;19;3435;3547;-170,791428571429;-24,1449999999999;112;0
vpja10;19;3775;3959;-186,691428571429;-123,845;184;2,55e+08
vpja10;19;4019;4184;289,908571428571;-173,445;165;0
vpja10;19;4218;4494;531,508571428571;-146,745;276;0
vpja10;19;4535;4744;450,608571428572;95,6550000000001;209;0
vpja10;19;5048;5141;-316,491428571429;50,5550000000002;93;2,55e+08
vpja10;19;5189;5408;-234,091428571429;185,755;219;255255000
vpja10;19;5459;5563;71,9085714285715;40,4550000000002;104;0
vpja10;19;5614;5752;249,708571428571;44,9550000000002;138;255
vpja10;19;5827;5946;-321,991428571429;-133,745;119;2,55e+08
vpja10;19;5974;6131;-253,591428571429;-182,745;157;255000
vpja10;19;6159;6442;-212,891428571428;-237,145;283;255000
vpja10;19;6469;6613;-285,991428571429;-211,845;144;255000
vpja10;19;6636;6878;-260,691428571429;-187,345;242;255000
vpja10;19;6940;6995;-590,791428571428;-361,345;55;0
vpja10;19;7336;7467;-284,191428571429;-207,245;131;255000
vpja10;19;7500;7771;-240,391428571428;-176,245;271;255000
vpja10;19;7845;8050;-268,591428571429;210,455;205;255255000
vpja10;19;8105;8284;-21,1914285714286;-117,045;179;0
vpja10;19;8332;8530;220,908571428571;-177,745;198;0
vpja10;19;8801;8898;223,108571428572;82,5550000000002;97;255
vpja10;19;9198;10000;-312,391428571428;187,355;802;0
vpja10;20;83;175;-20,1223826714801;-0,26137184115521;92;0
vpja10;20;241;332;-104,42238267148;-283,361371841155;91;2,55e+08
vpja10;20;358;504;-111,62238267148;-336,861371841155;146;2,55e+08
vpja10;20;512;791;-114,92238267148;-324,461371841155;279;2,55e+08
vpja10;20;874;1015;-430,12238267148;204,338628158845;141;255255000
vpja10;20;1054;1331;-516,12238267148;270,538628158845;277;0
vpja10;20;1396;1592;-461,22238267148;-222,861371841155;196;0
vpja10;20;1638;1840;-499,82238267148;-340,161371841155;202;0
vpja10;20;1862;2060;-487,42238267148;-393,361371841155;198;0
vpja10;20;2139;2285;-471,52238267148;203,638628158845;146;255255000
vpja10;20;2322;2500;-504,12238267148;261,838628158845;178;0
vpja10;20;2529;2700;-412,72238267148;177,238628158845;171;255255000
vpja10;20;2755;2946;-125,02238267148;55,1386281588448;191;2,55e+08
vpja10;20;2974;3111;-93,7223826714801;148,438628158845;137;2,55e+08
vpja10;20;3150;3376;214,67761732852;181,438628158845;226;255
vpja10;20;3632;3711;-98,4223826714801;-13,7613718411552;79;2,55e+08
vpja10;20;3761;3893;-134,12238267148;178,938628158845;132;0
vpja10;20;3917;4066;-144,52238267148;136,138628158845;149;0
vpja10;20;4137;4287;-132,42238267148;-312,661371841155;150;2,55e+08
vpja10;20;4304;4875;-117,02238267148;-328,761371841155;571;2,55e+08
vpja10;20;4925;5109;-415,12238267148;-303,561371841155;184;0
vpja10;20;5149;5301;-504,22238267148;-267,461371841155;152;0
vpja10;20;5344;5476;-481,52238267148;-16,7613718411552;132;0
vpja10;20;5520;5734;-488,92238267148;-256,661371841155;214;0
vpja10;20;5784;5949;-96,0223826714802;-318,661371841155;165;2,55e+08
vpja10;20;5967;6256;-124,02238267148;-326,961371841155;289;2,55e+08
vpja10;20;6267;6657;-115,42238267148;-331,561371841155;390;2,55e+08
vpja10;20;6727;6834;33,07761732852;22,1386281588448;107;0
vpja10;20;6879;7026;-144,02238267148;167,438628158845;147;0
vpja10;20;7049;7179;-123,22238267148;140,038628158845;130;2,55e+08
vpja10;20;7244;7417;-459,02238267148;204,738628158845;173;255255000
vpja10;20;7445;7677;-513,22238267148;271,238628158845;232;0
vpja10;20;7685;7874;-508,12238267148;258,338628158845;189;0
vpja10;20;7905;8303;-437,42238267148;172,338628158845;398;255255000
vpja10;20;8651;8685;265,27761732852;296,438628158845;34;0
vpja10;20;8700;8786;232,77761732852;196,738628158845;86;255
vpja10;20;8842;9202;-1,32238267148011;254,638628158845;360;0
vpja10;20;9246;9446;-169,02238267148;114,838628158845;200;0
vpja10;20;9469;9689;-143,22238267148;144,338628158845;220;0
vpja10;20;9705;9918;-162,82238267148;150,538628158845;213;0
vpja10;21;166;313;-82,4;-84,9;147;255000
vpja10;21;332;575;-88,0999999999999;-69,0999999999999;243;255000
vpja10;21;623;812;187,9;132,5;189;255
vpja10;21;833;1006;154,6;132,7;173;0
vpja10;21;1085;1259;-463,3;145,4;174;255255000
vpja10;21;1296;1481;-360,8;140,7;185;255255000
vpja10;21;1523;1760;-526,8;149,2;237;0
vpja10;21;1802;1926;-373,1;120,9;124;255255000
vpja10;21;2127;2332;-533,6;184,7;205;0
vpja10;21;2354;2683;-482,8;160,6;329;255255000
vpja10;21;2743;2907;-71,0999999999999;-67,4;164;2,55e+08
vpja10;21;2928;3061;-95,4;-58;133;255000
vpja10;21;3109;3290;184,5;109,1;181;255
vpja10;21;3308;3644;174;135,9;336;255
vpja10;21;3680;3859;248,3;130,7;179;255
vpja10;21;3924;4048;-64,5999999999999;-44,6999999999999;124;2,55e+08
vpja10;21;4068;4419;-89,0999999999999;-61,3;351;255000
vpja10;21;4470;4608;-88;190,6;138;0
vpja10;21;4786;4906;-142,1;458;120;0
vpja10;21;4962;5124;-136,6;105,7;162;2,55e+08
vpja10;21;5144;5239;-161,9;87;95;2,55e+08
vpja10;21;5287;5414;-77,8;-89,8;127;255000
vpja10;21;5430;6051;-96,0999999999999;-61;621;255000
vpja10;21;6099;6239;189,9;145,5;140;255
vpja10;21;6422;6562;-437,1;173,2;140;255255000
vpja10;21;6599;6945;-533,4;163,4;346;0
vpja10;21;6983;7174;-404,9;-50,5999999999999;191;0
vpja10;21;7199;7476;-445,2;-112,5;277;0
vpja10;21;7539;7694;-85;-362,6;155;0
vpja10;21;7914;8186;376,7;31,1;272;0
vpja10;21;8486;8607;120,9;187,6;121;0
vpja10;21;8671;8998;-103,7;-69,6999999999999;327;255000
vpja10;21;9058;9233;-27,9;223,8;175;2,55e+08
vpja10;21;9269;9399;-116,6;274,8;130;0
vpja10;21;9444;9763;-47,4;123,4;319;2,55e+08
vpja10;21;9796;9985;-123,3;306,3;189;0
vpja10;22;169;293;-63,0999999999999;-139;124;2,55e+08
vpja10;22;314;579;-103,6;-163,9;265;255000
vpja10;22;589;863;-103,6;-159,7;274;255000
vpja10;22;920;1060;-263;67,7;140;0
vpja10;22;1079;1285;-264,8;99,3;206;255
vpja10;22;1328;1545;77,5;100,3;217;255255000
vpja10;22;1588;1715;-73,5;-138,6;127;2,55e+08
vpja10;22;1736;1899;-111,7;-158,2;163;255000
vpja10;22;2084;2255;-243,6;94,6;171;255
vpja10;22;2277;2489;-273,8;98,5;212;255
vpja10;22;2547;2763;87,2;112,5;216;0
vpja10;22;2816;2981;-108,5;-170,3;165;255000
vpja10;22;2993;3217;-114,1;-153,9;224;255000
vpja10;22;3277;3447;352,8;-40,2;170;0
vpja10;22;3471;3623;337,4;-82,8;152;0
vpja10;22;3683;3883;590,8;-215,7;200;0
vpja10;22;3902;4102;573,6;-247,4;200;0
vpja10;22;4340;4530;-113,6;-162,9;190;255000
vpja10;22;4553;4912;-95,6999999999999;-177,1;359;255000
vpja10;22;4966;5161;-232,3;30,4;195;2,55e+08
vpja10;22;5189;6622;-271,8;94,7;1433;255
vpja10;22;6661;9368;-120,2;-123,4;2707;2,55e+08
vpja10;22;9421;9956;126,2;-110,1;535;0
vpja10;23;183;279;10,5;-120,5;96;2,55e+08
vpja10;23;318;667;-33,4000000000001;-252,2;349;255000
vpja10;23;697;729;-59,4000000000001;-183,6;32;0
vpja10;23;808;1003;-569,1;265,8;195;0
vpja10;23;1029;1223;-493,9;281,5;194;255
vpja10;23;1260;1414;-325;315,5;154;0
vpja10;23;1467;1590;-219,9;98,5;123;0
vpja10;23;1630;1777;-268,9;-188;147;0
vpja10;23;1854;2057;229,1;342,9;203;255255000
vpja10;23;2093;2373;308,7;370,6;280;0
vpja10;23;2608;2670;433,3;63,5;62;0
vpja10;23;2702;2861;432,5;119,7;159;0
vpja10;23;2939;3090;16,1999999999999;-265,8;151;255000
vpja10;23;3125;3352;-45,5;-244;227;255000
vpja10;23;3386;3560;13;-272,9;174;255000
vpja10;23;3629;3794;-483,1;181,6;165;255
vpja10;23;3830;4115;-539,5;247,1;285;255
vpja10;23;4146;4269;-522;158,9;123;255
vpja10;23;4338;4426;-150,3;-174,6;88;0
vpja10;23;4467;4739;-33,3000000000001;-280;272;255000
vpja10;23;4758;4895;-37,7;-247,7;137;255000
vpja10;23;5252;5433;591,3;-688,9;181;NA
vpja10;23;5484;5628;571,3;-497,2;144;NA
vpja10;23;5651;5725;582,2;-440,9;74;0
vpja10;23;5807;6042;-69,5;-261,9;235;0
vpja10;23;6079;6463;-30;-255,8;384;255000
vpja10;23;6500;6782;-82,4000000000001;-373,5;282;255000
vpja10;23;7009;7356;-471;189,4;347;255
vpja10;23;7420;7969;-24;-250;549;255000
vpja10;23;8268;8775;-489,6;83,2;507;255
vpja10;23;8817;9042;-346,3;-25,6999999999999;225;0
vpja10;23;9083;9278;-265,4;-231,7;195;0
vpja10;23;9315;9472;-202,6;-257,6;157;0
vpja10;23;9500;9676;-210,2;-352,3;176;0
vpja10;23;9938;10000;-504,4;164,5;62;255
vpja10;24;197;287;-294,650442477876;-234,394690265487;90;255000
vpja10;24;323;506;-285,150442477876;-138,994690265487;183;255000
vpja10;24;516;645;-286,450442477876;-121,694690265487;129;255000
vpja10;24;713;910;161,749557522124;333,805309734513;197;255
vpja10;24;989;1172;-505,050442477876;410,105309734513;183;255255000
vpja10;24;1206;1395;-438,350442477876;387,505309734513;189;255255000
vpja10;24;1421;1734;-502,550442477876;377,605309734513;313;255255000
vpja10;24;1994;2089;101,049557522124;432,005309734513;95;0
vpja10;24;2104;2180;117,849557522124;317,905309734513;76;255
vpja10;24;2204;2396;143,349557522124;258,605309734513;192;255
vpja10;24;2435;2639;221,549557522124;363,805309734513;204;255
vpja10;24;2700;2904;-218,250442477876;305,705309734513;204;0
vpja10;24;2964;3273;-507,650442477876;369,005309734513;309;255255000
vpja10;24;3331;3882;-288,650442477876;-137,594690265487;551;255000
vpja10;24;3909;4106;-270,150442477876;-193,794690265487;197;255000
vpja10;24;4129;4280;-281,050442477876;-143,294690265487;151;255000
vpja10;24;4350;4678;130,749557522124;279,505309734513;328;255
vpja10;24;4718;4885;232,549557522124;376,605309734513;167;255
vpja10;24;4907;5059;192,749557522124;404,005309734513;152;0
vpja10;24;5115;5419;411,749557522124;117,005309734513;304;0
vpja10;24;5457;5627;613,349557522124;-90,9946902654868;170;0
vpja10;24;5837;5977;579,249557522124;-150,194690265487;140;0
vpja10;24;6060;6542;145,449557522124;270,605309734513;482;255
vpja10;24;6625;6778;-526,150442477876;365,605309734513;153;255255000
vpja10;24;6816;7025;-457,450442477876;368,505309734513;209;255255000
vpja10;24;7060;7342;-515,250442477876;377,405309734513;282;255255000
vpja10;24;7369;7678;-458,550442477876;370,905309734513;309;255255000
vpja10;24;7701;8291;-482,350442477876;372,005309734513;590;255255000
vpja10;24;8360;8688;95,0495575221239;273,105309734513;328;255
vpja10;24;8729;8869;192,449557522124;348,805309734513;140;255
vpja10;24;8892;9112;197,149557522124;398,005309734513;220;0
vpja10;24;9149;9193;123,149557522124;284,805309734513;44;255
vpja10;24;9259;9458;-246,250442477876;-120,494690265487;199;2,55e+08
vpja10;24;9481;9964;-277,350442477876;-139,794690265487;483;255000
vpja10;25;212;325;-334,7;-94,3;113;255000
vpja10;25;339;565;-356,1;-59,1;226;2,55e+08
vpja10;25;588;704;-359;-102,2;116;255000
vpja10;25;726;1136;-365,4;-71,9;410;255000
vpja10;25;1161;1415;-344,2;-121,3;254;255000
vpja10;25;1437;1839;-355,3;-81,3;402;255000
vpja10;25;1876;2217;-246,4;53,7;341;255
vpja10;25;2237;2523;-279,2;76,2;286;255
vpja10;25;2536;3418;-298,9;79,5;882;255
vpja10;25;3471;3675;-18;118,6;204;255255000
vpja10;25;3709;3930;63,5;72,9;221;255255000
vpja10;25;3976;4270;-152,9;-191,1;294;0
vpja10;25;4328;4465;131,5;-268,5;137;0
vpja10;25;4496;4640;70,2;-369,2;144;0
vpja10;25;4969;5308;37;85,7;339;255255000
vpja10;25;5334;5732;-41,6;85,2;398;255255000
vpja10;25;5768;5984;13,6;150,2;216;255255000
vpja10;25;6775;6959;494,5;-289,6;184;0
vpja10;25;7031;7186;108,1;-356,1;155;0
vpja10;25;7222;7428;64;-375,6;206;0
vpja10;25;7496;7736;42,2;-36,4;240;0
vpja10;25;7782;8052;-123,7;-205,3;270;0
vpja10;25;8078;8236;-195,2;-226,9;158;0
vpja10;25;8288;8406;-394,6;-98,1;118;0
vpja10;25;8442;9063;-319;-93,5;621;255000
vpja10;25;9271;9412;26;-325,4;141;0
vpja10;25;9451;9684;110,2;-402,9;233;0
vpja10;25;9709;9983;67,3;-401,6;274;0
vpja10;26;177;288;-29,5;-187,5;111;255000
vpja10;26;310;479;-69,3000000000001;-203,1;169;255000
vpja10;26;545;726;325,2;152,7;181;255255000
vpja10;26;810;973;-443,3;237,8;163;255
vpja10;26;1004;1227;-509,1;185,5;223;255
vpja10;26;1501;1566;356,9;201,6;65;255255000
vpja10;26;1597;1724;362,5;80,5;127;255255000
vpja10;26;1756;1952;407,7;92,6;196;255255000
vpja10;26;1967;2209;390,6;80,3000000000001;242;255255000
vpja10;26;2223;2587;408,6;93,5;364;255255000
vpja10;26;2611;2781;378,6;75,3000000000001;170;255255000
vpja10;26;2790;3012;386,1;69,2;222;255255000
vpja10;26;3038;3189;376,1;133;151;255255000
vpja10;26;3206;3495;344,4;123,5;289;255255000
vpja10;26;3524;3645;300;205,8;121;255255000
vpja10;26;3887;3928;-9,89999999999998;-164,8;41;2,55e+08
vpja10;26;3955;4202;-79,4;-196,9;247;255000
vpja10;26;4469;4501;366,8;289,4;32;0
vpja10;26;4513;4728;339,1;180;215;255255000
vpja10;26;4770;4929;426,3;226;159;255255000
vpja10;26;4952;5186;369,8;224,6;234;255255000
vpja10;26;5213;5368;411,1;205,9;155;255255000
vpja10;26;5399;5585;419,5;94,6;186;255255000
vpja10;26;5597;6366;392,6;82;769;255255000
vpja10;26;6404;6600;423,3;187,8;196;255255000
vpja10;26;6678;6776;-9,5;-152,4;98;2,55e+08
vpja10;26;6811;7196;-72,6;-178,4;385;0
vpja10;26;7216;7471;-64,6;-218,7;255;255000
vpja10;26;7996;8085;-417,4;-68,0999999999999;89;0
vpja10;26;8111;8287;-404,3;-107,8;176;0
vpja10;26;8310;8821;-400,1;-53,1999999999999;511;0
vpja10;26;8833;9438;-391,4;-44,9;605;0
vpja10;26;9478;9837;-491,7;-1,5;359;0
vpja10;26;9855;10000;-472,8;-3,39999999999998;145;0
