vp;trial;timest;timeend;x;y;duration;roi
vpja44;1;235;411;37,5;-34,2;176;255000
vpja44;1;426;623;62,1;-48,6;197;255000
vpja44;1;662;882;-38,8000000000001;139,3;220;255255000
vpja44;1;913;1134;-56,1;111;221;255255000
vpja44;1;1180;1671;74,8;-59,2;491;255000
vpja44;1;1732;2176;331,3;162,9;444;255
vpja44;1;2225;2370;51,4;-31,2;145;255000
vpja44;1;2391;3176;65,4;-45,1;785;255000
vpja44;1;3231;3416;-9,60000000000002;113,6;185;255255000
vpja44;1;3440;3663;-46,9;81,1;223;255255000
vpja44;1;3723;4025;-213,5;-287;302;0
vpja44;1;4088;4338;-549,5;15,8;250;0
vpja44;1;4369;4730;-561,4;166;361;0
vpja44;1;4787;4924;8,69999999999993;-53,9;137;255000
vpja44;1;4960;5214;81,1999999999999;-49,3000000000001;254;255000
vpja44;1;5371;5571;435;-186,1;200;0
vpja44;1;5607;6090;339;-174,1;483;0
vpja44;1;6122;6304;434,3;-171,3;182;0
vpja44;1;6372;6488;72,9;-22;116;255000
vpja44;1;6508;7817;70,1999999999999;-42,1;1309;255000
vpja44;1;7859;8069;2,69999999999993;139,9;210;255255000
vpja44;1;8099;8254;-31;83,5;155;255255000
vpja44;1;8386;8852;81,6999999999999;-45,9;466;255000
vpja44;1;8867;9393;77,9;-52,9;526;255000
vpja44;1;9455;9903;319,8;191;448;255
vpja44;1;9953;10000;85,3000000000001;-34,5;47;0
vpja44;2;193;278;13,9;-33,5;85;0
vpja44;2;324;1520;64,7;-335,5;1196;255000
vpja44;2;1589;1889;-146,3;54,1;300;255
vpja44;2;1948;2256;274,2;109,3;308;255255000
vpja44;2;2302;2556;418,5;26,1;254;255255000
vpja44;2;2576;3060;444,6;10,3000000000001;484;0
vpja44;2;3128;3288;83,9;-332,5;160;255000
vpja44;2;3312;3959;56,9;-337,2;647;255000
vpja44;2;4030;4389;-495,6;-114,5;359;0
vpja44;2;4541;4745;86,6999999999999;-349,7;204;255000
vpja44;2;4768;5282;66,7;-346,2;514;255000
vpja44;2;5343;5821;-105,1;22;478;255
vpja44;2;5876;6161;245,8;115,7;285;255255000
vpja44;2;6190;6375;360,9;67,8000000000001;185;255255000
vpja44;2;6400;6752;428,6;4,89999999999998;352;255255000
vpja44;2;6782;6977;289,8;95,6;195;255255000
vpja44;2;7049;7670;-148,2;44,1;621;255
vpja44;2;7731;8695;281,9;83;964;255255000
vpja44;2;8754;8871;63;-293,3;117;255000
vpja44;2;8896;9154;67,1;-344,2;258;255000
vpja44;2;9172;9464;50,9;-335,8;292;255000
vpja44;2;9477;9998;58,3000000000001;-346;521;255000
vpja44;3;14;169;-11,6;5,70000000000005;155;2,55e+08
vpja44;3;201;340;-12,5;-174,5;139;255000
vpja44;3;362;867;-42,9;-195,2;505;255000
vpja44;3;875;1417;-37,7;-210,5;542;255000
vpja44;3;1464;1687;264,9;-255,4;223;0
vpja44;3;1730;2101;467,4;-176,6;371;0
vpja44;3;2153;2364;255,1;201,6;211;255255000
vpja44;3;2384;2651;217,4;188,6;267;255255000
vpja44;3;2713;2930;-320,3;163,1;217;255
vpja44;3;2956;3330;-359,8;126,3;374;255
vpja44;3;3494;3658;-353,6;135,2;164;255
vpja44;3;3721;3931;173,1;157;210;255255000
vpja44;3;3961;4538;213,1;179,9;577;255255000
vpja44;3;4566;5304;210,6;139;738;255255000
vpja44;3;5379;5565;-302,9;150,1;186;255
vpja44;3;5597;6198;-333,4;102,3;601;255
vpja44;3;6255;6425;-20,2;-199,9;170;255000
vpja44;3;6439;6834;-33,7;-212,9;395;255000
vpja44;3;7010;7169;-84,4;-60,8;159;2,55e+08
vpja44;3;7220;7683;-158,1;122,1;463;2,55e+08
vpja44;3;7743;7964;-57,1;-191,3;221;255000
vpja44;3;7987;8418;-30,3000000000001;-209,5;431;255000
vpja44;3;8448;8875;-53,9;-216,6;427;255000
vpja44;3;8898;9442;-27,1;-211,2;544;255000
vpja44;3;9605;10000;-141,2;114,5;395;2,55e+08
vpja44;4;151;252;-2,10000000000002;-86,5999999999999;101;0
vpja44;4;277;487;-65,5;-112,9;210;255000
vpja44;4;499;1784;-79,8000000000001;-125;1285;255000
vpja44;4;1882;2175;-127,5;97,1;293;2,55e+08
vpja44;4;2335;2622;-146,7;106,3;287;2,55e+08
vpja44;4;2665;2979;-71,4;-110,1;314;255000
vpja44;4;2994;3512;-71,4;-119,6;518;255000
vpja44;4;3569;4731;142,1;109,6;1162;255255000
vpja44;4;4786;4961;274,5;47;175;0
vpja44;4;4994;5217;341,2;7,80000000000007;223;0
vpja44;4;5393;5615;-453,7;115,1;222;255
vpja44;4;5642;6181;-543,8;146,2;539;255
vpja44;4;6211;6554;-410,3;138,8;343;255
vpja44;4;6593;6766;-214,6;255,1;173;0
vpja44;4;6789;7010;-245,1;237,2;221;2,55e+08
vpja44;4;7073;7287;-73;-137,6;214;255000
vpja44;4;7312;7586;-71,5;-137,6;274;255000
vpja44;4;7743;8282;-307,4;61,6;539;0
vpja44;4;8343;8545;68,6999999999999;88,6;202;0
vpja44;4;8577;9007;120,9;122,5;430;255255000
vpja44;4;9051;9294;309,3;41,4000000000001;243;0
vpja44;4;9322;9493;396,8;62,8000000000001;171;0
vpja44;4;9519;9849;337,7;10,6;330;0
vpja44;4;9882;10000;99,6;65,8000000000001;118;0
vpja44;5;156;315;4,19999999999982;-15,6;159;2,55e+08
vpja44;5;384;503;-175,7;33,4;119;0
vpja44;5;547;726;-301,7;106,7;179;255255000
vpja44;5;802;1079;334,6;181,1;277;0
vpja44;5;1151;1316;92,6999999999999;-303,8;165;255000
vpja44;5;1341;1718;55,3999999999999;-312,4;377;255000
vpja44;5;1730;2109;67,7999999999998;-319,2;379;255000
vpja44;5;2127;2475;38,1999999999998;-319;348;255000
vpja44;5;2517;2837;-40,0000000000001;-414,1;320;0
vpja44;5;2887;3190;220,3;-237;303;0
vpja44;5;3223;3408;38,6999999999998;-303,8;185;255000
vpja44;5;3428;4090;60,8999999999999;-324,2;662;255000
vpja44;5;4248;4498;241,8;18,9;250;0
vpja44;5;4531;5483;320,9;180;952;255
vpja44;5;5563;5779;-251,2;113,1;216;255255000
vpja44;5;5805;6263;-318,6;110,5;458;255255000
vpja44;5;6331;6528;45,3999999999999;-265,7;197;255000
vpja44;5;6553;6763;58,0999999999998;-317,9;210;255000
vpja44;5;6813;7060;305,4;-400,9;247;0
vpja44;5;7113;7166;46,3999999999999;-324,5;53;255000
vpja44;5;7309;7344;401,7;276,9;35;0
vpja44;5;7523;9651;316,6;190,4;2128;255
vpja44;5;9822;10000;-221,6;103,6;178;0
vpja44;6;387;710;-368,5;205,4;323;255255000
vpja44;6;733;864;-316,9;221;131;255255000
vpja44;6;925;1042;0,399999999999977;-210,2;117;255000
vpja44;6;1067;1478;61,1999999999999;-235,8;411;255000
vpja44;6;1556;1732;348,2;280,1;176;255
vpja44;6;1755;2125;315,6;230,4;370;255
vpja44;6;2198;2350;104,1;-259,8;152;255000
vpja44;6;2380;2628;68,1;-249;248;255000
vpja44;6;2741;3081;62,5000000000001;-239,6;340;255000
vpja44;6;3106;3344;10,9;-239,8;238;255000
vpja44;6;3418;3690;-441,4;26,1;272;0
vpja44;6;3718;3932;-535,6;44,7;214;0
vpja44;6;3999;4165;40;-220;166;255000
vpja44;6;4188;4531;66,8000000000001;-255,6;343;255000
vpja44;6;4582;5001;43,1;112,2;419;2,55e+08
vpja44;6;5072;5196;65,6999999999999;-227,8;124;255000
vpja44;6;5321;5628;53,9;-210,4;307;255000
vpja44;6;5685;6103;475,5;-172,7;418;0
vpja44;6;6173;6570;61,1;-217,5;397;255000
vpja44;6;6591;6948;38,2;-221,6;357;255000
vpja44;6;6966;7183;66,0000000000001;-215,6;217;255000
vpja44;6;7252;7803;339,6;205,3;551;255
vpja44;6;7853;8015;63,9;196,6;162;0
vpja44;6;8066;8238;39,5;-196,8;172;255000
vpja44;6;8257;9863;51,9;-241,9;1606;255000
vpja44;6;9921;10000;2,10000000000002;62;79;2,55e+08
vpja44;7;201;330;-1,89999999999998;-261;129;255000
vpja44;7;353;558;-45,3000000000001;-299,6;205;255000
vpja44;7;570;1244;-56,3000000000001;-309,7;674;255000
vpja44;7;1266;1548;-2,89999999999998;-299,2;282;255000
vpja44;7;1670;1810;314,9;348,4;140;0
vpja44;7;1871;2169;48,1999999999999;319;298;255255000
vpja44;7;2250;2647;-520,7;286,4;397;255
vpja44;7;2860;3232;-483,5;324,6;372;255
vpja44;7;3296;3528;-67,6;423;232;0
vpja44;7;3560;3729;72,4;397,8;169;255255000
vpja44;7;3757;4097;50,1999999999999;313;340;255255000
vpja44;7;4178;4463;-42,3000000000001;-272,8;285;255000
vpja44;7;4616;5000;-172,2;-206,4;384;0
vpja44;7;5037;5251;-24,2;-291,5;214;255000
vpja44;7;5262;5742;-24,5;-305,6;480;255000
vpja44;7;5833;6047;474,1;287,1;214;0
vpja44;7;6090;6343;530,2;189,3;253;0
vpja44;7;6396;6580;237,1;149,5;184;2,55e+08
vpja44;7;6615;6768;380,6;142,3;153;0
vpja44;7;6849;7151;-294,1;162,6;302;0
vpja44;7;7218;7494;-297,9;-231,1;276;0
vpja44;7;7550;7825;0,699999999999932;-294,3;275;255000
vpja44;7;7899;8426;80,6;307,4;527;255255000
vpja44;7;8505;8785;-535,5;317,9;280;255
vpja44;7;8901;9073;-35;-271,7;172;255000
vpja44;7;9094;9407;-11;-304,3;313;255000
vpja44;7;9431;9975;-39,8000000000001;-306,7;544;255000
vpja44;8;179;281;-17,5;-199;102;255000
vpja44;8;308;605;-21,5;-285,2;297;255000
vpja44;8;616;1581;-4,39999999999998;-298,3;965;255000
vpja44;8;1658;2196;-356,6;210,7;538;255255000
vpja44;8;2265;2447;411,7;195,6;182;255
vpja44;8;2473;3008;445,9;149,2;535;255
vpja44;8;3037;3338;449,4;242,8;301;255
vpja44;8;3352;4045;441;232,7;693;255
vpja44;8;4214;4398;-146,3;139,5;184;2,55e+08
vpja44;8;4472;4660;-17,2;-266,2;188;255000
vpja44;8;4678;5374;-15,7;-292;696;255000
vpja44;8;5547;5714;448;210,1;167;255
vpja44;8;5743;6936;442,6;159,4;1193;255
vpja44;8;6963;7232;367,2;205,3;269;255
vpja44;8;7257;7409;440,6;186,3;152;255
vpja44;8;7479;7661;-1,5;-271,9;182;255000
vpja44;8;7682;8133;-10,2;-301,6;451;255000
vpja44;8;8153;8464;-9;-268,1;311;255000
vpja44;8;8523;8843;-57,4;74,1;320;2,55e+08
vpja44;8;8883;9392;-41,8000000000001;-52,6;509;2,55e+08
vpja44;8;9441;9616;-25,6;-277,3;175;255000
vpja44;8;9636;10000;-4,80000000000007;-306,8;364;255000
vpja44;9;258;511;-392;-264,8;253;255000
vpja44;9;530;1451;-376;-300,3;921;255000
vpja44;9;1474;1877;-391,3;-284;403;255000
vpja44;9;1897;2361;-411,5;-293,5;464;255000
vpja44;9;2386;2538;-349,6;-279,5;152;255000
vpja44;9;2614;2786;82,3;157,5;172;255255000
vpja44;9;2852;3013;413,3;-178,7;161;0
vpja44;9;3038;3207;436,9;-253,4;169;0
vpja44;9;3364;3586;320,8;-102,8;222;0
vpja44;9;3633;3741;231,5;6,70000000000005;108;0
vpja44;9;3790;4151;67,9000000000001;182,4;361;255255000
vpja44;9;4231;4567;-490,3;329,4;336;255
vpja44;9;4631;4749;-366,3;-249,9;118;255000
vpja44;9;4776;5080;-363,4;-324,9;304;255000
vpja44;9;5154;5379;258,3;63,8;225;0
vpja44;9;5437;5678;340;-77,4;241;0
vpja44;9;5723;5905;9,40000000000009;65,5;182;0
vpja44;9;6043;6226;-362;-276,9;183;255000
vpja44;9;6285;6512;-530,4;-222,6;227;0
vpja44;9;6552;7332;-373,4;-270,2;780;255000
vpja44;9;7407;7592;101,9;118,7;185;0
vpja44;9;7626;7934;98,5;178,2;308;255255000
vpja44;9;8000;8229;-465,7;340,6;229;255
vpja44;9;8258;8613;-506,9;281,6;355;255
vpja44;9;8745;8874;-341,6;-202,8;129;255000
vpja44;9;8902;9223;-350,2;-316,8;321;255000
vpja44;9;9272;9636;-549;-271,7;364;0
vpja44;9;9716;9837;-23,1999999999999;121,7;121;0
vpja44;9;9875;10000;86,1000000000001;169,7;125;255255000
vpja44;10;239;461;1,70000000000005;-300,5;222;255000
vpja44;10;474;1195;10,2;-311,3;721;255000
vpja44;10;1264;1514;271,2;89;250;255
vpja44;10;1537;1689;291,6;43,6;152;0
vpja44;10;1742;1980;545,3;-110,2;238;0
vpja44;10;2024;2183;296,2;95,8000000000001;159;255
vpja44;10;2264;2488;-369,1;131,4;224;255255000
vpja44;10;2510;3211;-365,9;113,6;701;255255000
vpja44;10;3281;3376;-12,5;-245,8;95;255000
vpja44;10;3402;3677;22;-312,3;275;255000
vpja44;10;3796;4630;17,8000000000001;-305,4;834;255000
vpja44;10;4638;5830;29,4;-305,5;1192;255000
vpja44;10;5975;6284;77,4;-58,1999999999999;309;2,55e+08
vpja44;10;6323;6610;287,9;93,2;287;255
vpja44;10;6665;7080;544,5;-96,6;415;0
vpja44;10;7139;7410;16,5;-300,1;271;255000
vpja44;10;7431;7719;18,1;-277,6;288;255000
vpja44;10;7775;8090;24,5;-7,29999999999995;315;2,55e+08
vpja44;10;8152;8997;10,1;-281,1;845;255000
vpja44;10;9123;9264;43,6;-237,6;141;0
vpja44;10;9288;10000;31,7;-282;712;255000
vpja44;11;215;368;-332,3;-101,8;153;255000
vpja44;11;393;1391;-373,7;-146,6;998;255000
vpja44;11;1440;1789;-128,2;-242,3;349;0
vpja44;11;1811;1936;-159,8;-263,7;125;0
vpja44;11;1986;2321;135,8;-416,6;335;0
vpja44;11;2403;2472;533;-335,2;69;0
vpja44;11;2595;2989;555;-238,1;394;0
vpja44;11;3131;3356;570,6;-450,6;225;0
vpja44;11;3396;3515;442,1;-400,4;119;0
vpja44;11;3576;3739;107,4;-418;163;0
vpja44;11;3807;4012;-189,8;-250,9;205;0
vpja44;11;4146;4371;18,2;69,8;225;255255000
vpja44;11;4403;4581;-47,3;57;178;255255000
vpja44;11;4632;4805;-312,4;21,9;173;2,55e+08
vpja44;11;4846;5354;-378,4;-139,3;508;255000
vpja44;11;5389;6091;-293,5;34,6;702;255
vpja44;11;6135;6340;-353;-153;205;255000
vpja44;11;6367;6667;-365;-141,8;300;255000
vpja44;11;6727;7000;17,4;42,3;273;255255000
vpja44;11;7024;7404;-38,4;57,3;380;255255000
vpja44;11;7457;7809;-277,3;52,8;352;255
vpja44;11;7974;8270;-573,5;429,5;296;0
vpja44;11;8331;8491;-149,7;-227,3;160;0
vpja44;11;8521;8682;-78,1;-290,2;161;0
vpja44;11;8722;9076;-202,9;-302,5;354;0
vpja44;11;9120;9507;-358,5;-182,7;387;255000
vpja44;11;9522;9833;-341,6;-159,3;311;255000
vpja44;12;231;999;165,2;-159,6;768;255000
vpja44;12;1061;1262;-150,3;278,8;201;255
vpja44;12;1286;1459;-195,8;245,1;173;255
vpja44;12;1480;2032;-217,4;248,9;552;255
vpja44;12;2062;2344;-73;242;282;255
vpja44;12;2405;2616;385;329,1;211;255255000
vpja44;12;2651;2807;319,2;385,3;156;255255000
vpja44;12;3005;3972;335,6;370,3;967;255255000
vpja44;12;3997;4250;289,7;325,5;253;255255000
vpja44;12;4297;4617;424,7;186,6;320;255255000
vpja44;12;4658;4851;303,1;360,5;193;255255000
vpja44;12;4912;5064;-85,6999999999999;258;152;255
vpja44;12;5101;5242;-171,2;236,1;141;255
vpja44;12;5267;5565;-204,7;253,7;298;255
vpja44;12;5624;5738;157,1;-122,6;114;255000
vpja44;12;5766;7201;176,3;-190,6;1435;255000
vpja44;12;7331;7889;179,3;-185,6;558;255000
vpja44;12;7905;8591;175,1;-197,4;686;255000
vpja44;12;8605;8892;196,7;-177,2;287;255000
vpja44;12;8916;9632;172,8;-177;716;255000
vpja44;12;9695;9977;-267,5;-108,1;282;0
vpja44;13;217;374;12,3000000000001;-289,3;157;255000
vpja44;13;398;661;15,5;-334;263;255000
vpja44;13;743;1000;300,3;329,1;257;255
vpja44;13;1019;1128;288,8;293,5;109;0
vpja44;13;1212;1770;-452,3;335,1;558;255255000
vpja44;13;1841;1988;261,1;320;147;0
vpja44;13;2011;2254;267,6;272,5;243;0
vpja44;13;2331;2524;52,6;-303,6;193;255000
vpja44;13;2546;3762;43,6;-331,4;1216;255000
vpja44;13;3809;4000;-61,1999999999999;-24,7;191;2,55e+08
vpja44;13;4021;4112;-57,1;-55,3000000000001;91;2,55e+08
vpja44;13;4273;4625;49,6;104,7;352;2,55e+08
vpja44;13;4659;4911;251,4;258,6;252;0
vpja44;13;4963;5221;409,6;36,6999999999999;258;0
vpja44;13;5274;5481;263,3;-82;207;0
vpja44;13;5541;5696;440,9;-406,3;155;0
vpja44;13;5716;5987;444,2;-419,6;271;0
vpja44;13;6013;6198;532,7;-365,2;185;0
vpja44;13;6337;6519;12,5;-333,3;182;255000
vpja44;13;6550;6696;-13,5;-314,5;146;255000
vpja44;13;6756;7244;-354,5;-293;488;0
vpja44;13;7267;7526;-379,9;-316,5;259;0
vpja44;13;7589;7778;-86,9;63;189;2,55e+08
vpja44;13;7814;8111;56,2;118,6;297;2,55e+08
vpja44;13;8171;8788;5,89999999999998;-332;617;255000
vpja44;13;8848;9087;-66;-39,3000000000001;239;2,55e+08
vpja44;13;9138;9521;330,9;64,5;383;0
vpja44;13;9554;9749;293,9;317,7;195;255
vpja44;13;9773;9977;263,9;268,5;204;0
vpja44;14;251;400;135,7;-223,9;149;255000
vpja44;14;421;688;106,6;-234,4;267;255000
vpja44;14;746;1122;-265,5;38,5;376;255
vpja44;14;1173;1357;87,4999999999999;-225,5;184;255000
vpja44;14;1380;2812;123,2;-250,6;1432;255000
vpja44;14;2955;3548;120,1;-237;593;255000
vpja44;14;3618;3866;-252,2;41,9;248;255
vpja44;14;3932;4212;363,8;227,1;280;255255000
vpja44;14;4239;4522;448,8;262,8;283;255255000
vpja44;14;4609;4925;-317,3;-109,4;316;0
vpja44;14;4987;5166;127,2;-231,5;179;255000
vpja44;14;5186;5338;112,3;-230,6;152;255000
vpja44;14;5387;5554;-18;-398,5;167;0
vpja44;14;5574;6344;-26,3000000000001;-382,9;770;0
vpja44;14;6390;6582;180,6;-398;192;0
vpja44;14;6610;6866;320,5;-385,9;256;0
vpja44;14;6901;7386;466,6;-391,4;485;0
vpja44;14;7425;7586;593;-352,9;161;0
vpja44;14;7744;7970;-105,1;-146,8;226;0
vpja44;14;8027;8178;-436,1;-125,7;151;0
vpja44;14;8217;8504;-619,3;-123,6;287;0
vpja44;14;8576;8826;-533,6;364,4;250;0
vpja44;14;8887;9071;-248,5;198,9;184;0
vpja44;14;9140;9264;157,7;-223,2;124;255000
vpja44;14;9295;9611;105,7;-232,4;316;255000
vpja44;14;9657;9832;-83,8000000000001;-99;175;0
vpja44;15;252;389;-305,8;-161,1;137;255000
vpja44;15;414;749;-270,3;-174,7;335;255000
vpja44;15;806;1048;280,8;43,5;242;255
vpja44;15;1246;1690;276,2;20,8;444;255
vpja44;15;1765;2320;-160,9;330,3;555;255255000
vpja44;15;2388;2777;280,7;33,1999999999999;389;255
vpja44;15;2943;3065;-287,8;-194;122;255000
vpja44;15;3097;3518;-253,9;-179,3;421;255000
vpja44;15;3544;3577;-330,4;-216,2;33;255000
vpja44;15;3636;3810;-452,8;-250,8;174;0
vpja44;15;3831;4255;-430,2;-249,1;424;0
vpja44;15;4308;4495;39,4;-169,1;187;0
vpja44;15;4542;5077;304,9;-112,9;535;0
vpja44;15;5122;5518;546;-85,1;396;0
vpja44;15;5584;5755;180,4;-350,8;171;0
vpja44;15;5787;6067;142,5;-430,2;280;0
vpja44;15;6136;6398;0,899999999999977;-67,4000000000001;262;0
vpja44;15;6502;6638;-478,7;-149,8;136;0
vpja44;15;6686;6863;-610;36,5999999999999;177;0
vpja44;15;7006;7160;-344,8;-197,9;154;255000
vpja44;15;7199;7527;-256,4;-175,9;328;255000
vpja44;15;7580;7901;-553,8;-359,4;321;0
vpja44;15;7925;8310;-511,9;-361;385;0
vpja44;15;8334;8708;-479,4;-327,5;374;0
vpja44;15;8772;9025;13;-322;253;0
vpja44;15;9082;9204;-260,9;-268,6;122;255000
vpja44;15;9423;10000;-264,3;-193;577;255000
vpja44;16;193;316;-43;-191,4;123;255000
vpja44;16;337;1271;-99,6999999999999;-208;934;255000
vpja44;16;1337;1663;-249,4;109,3;326;255
vpja44;16;1686;1827;-263,9;93,8;141;255
vpja44;16;1877;2216;-84,8;-198,9;339;255000
vpja44;16;2228;2653;-90,8;-211,6;425;255000
vpja44;16;2714;2968;76;102,7;254;0
vpja44;16;2996;3408;155,8;109;412;255255000
vpja44;16;3478;3612;-225;99,8;134;255
vpja44;16;3641;3742;-255,5;100,6;101;255
vpja44;16;3876;4596;-278,1;116,4;720;0
vpja44;16;4613;4887;-265,1;100,7;274;255
vpja44;16;4943;5220;64;106,7;277;255255000
vpja44;16;5245;5539;136,9;110;294;255255000
vpja44;16;5606;6075;-245,1;102,4;469;255
vpja44;16;6129;6360;66,8000000000001;96,5999999999999;231;255255000
vpja44;16;6419;6615;-71,3;-218,2;196;255000
vpja44;16;6636;7172;-90,1999999999999;-224,3;536;255000
vpja44;16;7235;7765;104,8;68,5;530;0
vpja44;16;7907;8076;387;-82,8000000000001;169;0
vpja44;16;8105;8570;349,9;-70,5;465;0
vpja44;16;8632;8945;625,7;-234,7;313;0
vpja44;16;8968;9175;633,7;-297,5;207;0
vpja44;16;9246;9342;141;-293;96;0
vpja44;16;9408;9592;-108,2;-209,5;184;255000
vpja44;16;9607;9765;-99,1;-223,9;158;255000
vpja44;16;9820;10000;-375,8;-291,1;180;0
vpja44;17;147;265;-18,2638046758791;-23,2197136087149;118;2,55e+08
vpja44;17;321;695;-73,963804675879;-297,519713608715;374;255000
vpja44;17;718;855;-40,6638046758791;-288,619713608715;137;255000
vpja44;17;925;1108;309,136195324121;176,280286391285;183;255255000
vpja44;17;1132;1538;390,036195324121;201,280286391285;406;255255000
vpja44;17;1586;1871;-39,2638046758791;274,180286391285;285;255
vpja44;17;1902;2133;-69,7638046758791;294,880286391285;231;255
vpja44;17;2173;2418;-17,6638046758791;166,780286391285;245;2,55e+08
vpja44;17;2475;2612;-52,0638046758791;-257,819713608715;137;255000
vpja44;17;2634;3154;-52,5638046758791;-289,719713608715;520;255000
vpja44;17;3197;3401;-49,6638046758791;-71,7197136087149;204;2,55e+08
vpja44;17;3457;3620;373,536195324121;168,480286391285;163;0
vpja44;17;3645;4073;426,936195324121;200,180286391285;428;0
vpja44;17;4094;4306;347,336195324121;171,480286391285;212;0
vpja44;17;4358;4580;49,4361953241209;168,780286391285;222;2,55e+08
vpja44;17;4638;4842;-25,6638046758791;180,880286391285;204;2,55e+08
vpja44;17;4894;5157;-74,0638046758791;-59,5197136087148;263;2,55e+08
vpja44;17;5202;5390;-69,2638046758791;-239,419713608715;188;255000
vpja44;17;5414;5706;-64,6638046758791;-288,419713608715;292;255000
vpja44;17;5840;6050;-130,763804675879;-249,619713608715;210;255000
vpja44;17;6124;6708;-508,963804675879;28,1802863912851;584;0
vpja44;17;6749;6991;-506,463804675879;-101,219713608715;242;0
vpja44;17;7061;7348;83,7361953241209;-199,319713608715;287;0
vpja44;17;7390;7567;-58,363804675879;-267,119713608715;177;255000
vpja44;17;7590;7932;-78,863804675879;-288,919713608715;342;255000
vpja44;17;7992;8784;-498,963804675879;-63,6197136087148;792;0
vpja44;17;8839;9030;-100,763804675879;-257,119713608715;191;255000
vpja44;17;9064;9431;-7,46380467587903;-282,019713608715;367;255000
vpja44;17;9457;10000;-66,7638046758791;-281,419713608715;543;255000
vpja44;18;40;168;-9,60000000000002;16,2;128;0
vpja44;18;216;379;-214,7;-204,7;163;255000
vpja44;18;398;1012;-248,1;-220,5;614;255000
vpja44;18;1074;1441;234;-139,3;367;0
vpja44;18;1497;1688;-54,2;-182,6;191;0
vpja44;18;1844;2034;-478,9;359;190;255
vpja44;18;2056;2442;-444,2;326,9;386;255
vpja44;18;2498;2878;-131,3;338,5;380;255255000
vpja44;18;2926;3202;-223,2;156,7;276;2,55e+08
vpja44;18;3242;3554;-234,6;250,6;312;2,55e+08
vpja44;18;3779;3957;-185;49,1;178;2,55e+08
vpja44;18;4017;4122;-221,9;-195,5;105;255000
vpja44;18;4148;4391;-245,1;-218,6;243;255000
vpja44;18;4445;4636;23,4;-232,5;191;0
vpja44;18;4683;4817;-172,4;-362,3;134;0
vpja44;18;4855;5072;-376,4;-348,6;217;0
vpja44;18;5121;5495;-571,9;-265;374;0
vpja44;18;5560;5659;-191,3;-248,3;99;255000
vpja44;18;5693;6553;-238,8;-222,7;860;255000
vpja44;18;6617;7087;-214,9;191,8;470;2,55e+08
vpja44;18;7133;7372;-193,5;-66,7;239;2,55e+08
vpja44;18;7412;7809;-217,2;-225,9;397;255000
vpja44;18;7829;8392;-226;-224,7;563;255000
vpja44;18;8542;8881;-223,6;218,8;339;2,55e+08
vpja44;18;8909;9431;-125,7;215,5;522;2,55e+08
vpja44;18;9482;9705;-110,5;-145,8;223;0
vpja44;18;9734;10000;-224;-222,4;266;255000
vpja44;19;184;285;-104,074657534247;-192,091095890411;101;255000
vpja44;19;311;481;-141,274657534246;-239,591095890411;170;255000
vpja44;19;492;1274;-155,474657534246;-255,091095890411;782;255000
vpja44;19;1433;1783;-154,474657534246;129,408904109589;350;2,55e+08
vpja44;19;1826;2132;-177,074657534247;261,908904109589;306;0
vpja44;19;2206;2513;-155,374657534246;-240,391095890411;307;255000
vpja44;19;2528;2931;-148,074657534247;-251,691095890411;403;255000
vpja44;19;3013;3400;-490,874657534246;276,708904109589;387;255
vpja44;19;3491;3772;409,625342465753;243,208904109589;281;0
vpja44;19;3815;4322;401,425342465754;38,508904109589;507;255255000
vpja44;19;4374;4581;454,125342465753;274,308904109589;207;0
vpja44;19;4607;5024;340,925342465754;274,708904109589;417;0
vpja44;19;5057;5231;283,525342465754;268,308904109589;174;0
vpja44;19;5260;5496;153,925342465754;294,208904109589;236;0
vpja44;19;5524;5800;94,5253424657535;421,408904109589;276;0
vpja44;19;5868;6199;314,525342465754;-43,391095890411;331;255255000
vpja44;19;6261;6443;-12,7746575342464;-382,391095890411;182;0
vpja44;19;6558;6765;-457,674657534246;-67,7910958904109;207;0
vpja44;19;6803;7122;-490,274657534247;121,208904109589;319;0
vpja44;19;7168;7567;-592,474657534246;265,608904109589;399;0
vpja44;19;7607;7798;-494,374657534246;301,508904109589;191;255
vpja44;19;7831;8073;-302,274657534246;359,408904109589;242;0
vpja44;19;8119;8353;-107,674657534247;314,908904109589;234;0
vpja44;19;8383;8571;23,9253424657535;276,408904109589;188;0
vpja44;19;8632;8981;30,5253424657535;-10,2910958904109;349;0
vpja44;19;9029;9156;-140,174657534247;-242,691095890411;127;255000
vpja44;19;9177;9410;-158,074657534247;-270,491095890411;233;255000
vpja44;19;9455;9560;-380,974657534246;-280,791095890411;105;0
vpja44;19;9675;10000;-513,374657534246;48,608904109589;325;0
vpja44;20;261;351;14,9751381215469;-347,523756906077;90;255000
vpja44;20;372;1040;20,775138121547;-385,023756906077;668;255000
vpja44;20;1122;1467;-380,624861878453;283,176243093923;345;255255000
vpja44;20;1529;1793;-497,524861878453;-164,923756906077;264;0
vpja44;20;1828;2133;-389,824861878453;-125,623756906077;305;0
vpja44;20;2179;2583;-309,524861878453;-357,923756906077;404;0
vpja44;20;2643;2807;56,175138121547;-386,023756906077;164;255000
vpja44;20;2876;3056;439,375138121547;-240,123756906077;180;0
vpja44;20;3104;3283;645,875138121547;-5,02375690607732;179;NA
vpja44;20;3444;3802;463,675138121547;376,776243093923;358;0
vpja44;20;4004;4154;-371,424861878453;330,176243093923;150;0
vpja44;20;4203;4673;-565,024861878453;386,176243093923;470;0
vpja44;20;4731;4904;-293,324861878453;262,176243093923;173;0
vpja44;20;4933;5151;-231,424861878453;213,576243093923;218;255255000
vpja44;20;5220;5378;433,775138121547;346,876243093923;158;0
vpja44;20;5453;5541;45,775138121547;-331,923756906077;88;255000
vpja44;20;5564;5824;41,3751381215469;-389,523756906077;260;255000
vpja44;20;5833;6179;35,275138121547;-402,023756906077;346;255000
vpja44;20;6248;6442;-339,224861878453;-385,623756906077;194;0
vpja44;20;6484;7036;-541,224861878453;-330,123756906077;552;0
vpja44;20;7068;7380;-546,924861878453;-104,823756906077;312;0
vpja44;20;7423;7618;-376,824861878453;-60,1237569060773;195;0
vpja44;20;7753;7935;294,475138121547;-84,1237569060773;182;0
vpja44;20;7987;8217;346,275138121547;-352,823756906077;230;0
vpja44;20;8253;8501;454,775138121547;-354,423756906077;248;0
vpja44;20;8533;8799;246,775138121547;-284,823756906077;266;0
vpja44;20;8846;9061;6,275138121547;-389,023756906077;215;255000
vpja44;20;9084;9680;43,075138121547;-396,023756906077;596;255000
vpja44;20;9735;10000;-293,024861878453;-372,623756906077;265;0
vpja44;21;166;632;18,4;-155,1;466;255000
vpja44;21;683;1086;-82,9;230,6;403;255
vpja44;21;1162;1338;-558,4;192;176;255255000
vpja44;21;1362;2207;-566,9;138,7;845;255255000
vpja44;21;2278;2461;-19,6;-146,3;183;255000
vpja44;21;2494;2961;25;-153,7;467;255000
vpja44;21;3026;3243;-81,4;270,9;217;255
vpja44;21;3267;3779;-84,5;208,7;512;255
vpja44;21;3859;4106;-540,4;172,4;247;255255000
vpja44;21;4133;4286;-562,7;132,6;153;255255000
vpja44;21;4357;4732;6,60000000000002;-160,6;375;255000
vpja44;21;4873;5104;16,9;-6,59999999999991;231;2,55e+08
vpja44;21;5135;5554;-20;148,5;419;2,55e+08
vpja44;21;5614;5803;45;-141,7;189;255000
vpja44;21;5828;6064;9,80000000000007;-139,7;236;255000
vpja44;21;6111;6413;114,1;-273,7;302;255000
vpja44;21;6559;6804;30,6;-185,7;245;255000
vpja44;21;6837;7258;-8,79999999999995;-145,9;421;255000
vpja44;21;7318;7665;-78,6;185,4;347;2,55e+08
vpja44;21;7692;8360;-106,7;211,9;668;255
vpja44;21;8379;9199;-97,9;190,5;820;0
vpja44;21;9230;9440;5,80000000000007;136,6;210;2,55e+08
vpja44;21;9566;9732;26,5;-158,8;166;255000
vpja44;21;9764;10000;-17,9;-174,5;236;255000
vpja44;22;254;431;-81,8000000000001;-190,7;177;255000
vpja44;22;445;1212;-96,0000000000001;-219,9;767;255000
vpja44;22;1270;1574;-458,8;74,4;304;255
vpja44;22;1599;2001;-530,7;83,1;402;255
vpja44;22;2054;2505;-52,0000000000001;86,5;451;255255000
vpja44;22;2529;3034;-19,6;20,8;505;255255000
vpja44;22;3087;3305;302,5;-19,6;218;0
vpja44;22;3357;3644;583,9;-56,5;287;0
vpja44;22;3688;3799;384,2;-39,8;111;0
vpja44;22;3872;3970;-71,9000000000001;-194,7;98;255000
vpja44;22;3995;4790;-96,0000000000001;-236,6;795;255000
vpja44;22;4862;4983;-392,1;-51,4;121;0
vpja44;22;5030;5262;-478;63,4;232;255
vpja44;22;5288;5723;-527,7;68,2;435;255
vpja44;22;5748;6114;-478,5;75,2;366;255
vpja44;22;6138;6364;-415,7;77,9;226;255
vpja44;22;6421;6657;-436,1;327,4;236;0
vpja44;22;6685;6851;-346,7;301,7;166;2,55e+08
vpja44;22;6914;7131;118,9;362;217;0
vpja44;22;7200;7542;326,2;2,70000000000005;342;0
vpja44;22;7588;7817;430,6;-123,1;229;0
vpja44;22;7857;8078;629,1;-111,3;221;0
vpja44;22;8167;8325;-113,5;-334,8;158;0
vpja44;22;8417;8743;-506,4;-309,3;326;0
vpja44;22;8802;8977;-71,3000000000001;-231,6;175;255000
vpja44;22;8997;9216;-85,6;-234,6;219;255000
vpja44;22;9287;9612;228,7;204,8;325;0
vpja44;22;9662;9873;64,4999999999999;336,4;211;0
vpja44;22;9902;10000;192,2;413,9;98;0
vpja44;23;218;329;29,5;-241,4;111;255000
vpja44;23;353;772;25,1999999999999;-298,1;419;255000
vpja44;23;844;1094;-303,5;133,3;250;0
vpja44;23;1118;1291;-236,4;116,2;173;255255000
vpja44;23;1353;1564;285,5;125,4;211;255
vpja44;23;1593;1876;409,1;116,8;283;0
vpja44;23;1899;2188;447,1;141,7;289;0
vpja44;23;2198;2616;435,3;136,9;418;0
vpja44;23;2721;2925;-240,5;146,4;204;255255000
vpja44;23;2947;3224;-233,8;112,6;277;255255000
vpja44;23;3274;3491;-396,6;-3,70000000000005;217;0
vpja44;23;3523;3973;-443,3;-120;450;0
vpja44;23;4038;4201;28,8;-291,5;163;255000
vpja44;23;4219;4566;57,9;-302;347;255000
vpja44;23;4579;4892;41,1999999999999;-300,9;313;255000
vpja44;23;4951;5108;359,4;-76,4000000000001;157;0
vpja44;23;5135;5355;267,8;-118;220;0
vpja44;23;5415;5715;47,8;164,4;300;0
vpja44;23;5731;6048;28,8;157,4;317;0
vpja44;23;6102;6300;259,5;-156,3;198;0
vpja44;23;6318;6630;271,6;-131,3;312;0
vpja44;23;6674;7465;45,1999999999999;-304,7;791;255000
vpja44;23;7494;7856;-76,8000000000001;-354,8;362;0
vpja44;23;7882;8085;-1,5;-377,7;203;255000
vpja44;23;8156;8483;-387,4;-132,3;327;0
vpja44;23;8518;8735;-428,7;-50,3000000000001;217;0
vpja44;23;8787;8949;-239,8;-102,9;162;0
vpja44;23;9046;9104;96,9999999999999;-269,2;58;0
vpja44;23;9249;9431;292,2;-38,5;182;0
vpja44;23;9479;9791;594,4;39,9;312;0
vpja44;23;9850;10000;267,7;222,2;150;255
vpja44;24;230;414;-96,0955974842766;-153,277987421384;184;255000
vpja44;24;435;958;-87,9955974842766;-165,477987421384;523;255000
vpja44;24;1023;1263;-300,595597484277;192,022012578616;240;0
vpja44;24;1448;1602;-57,4955974842766;348,522012578616;154;0
vpja44;24;1656;1874;17,6044025157233;163,322012578616;218;255
vpja44;24;1898;2078;-3,69559748427662;123,022012578616;180;255
vpja44;24;2133;2426;-291,395597484277;167,422012578616;293;0
vpja44;24;2442;2670;-267,195597484277;159,322012578616;228;0
vpja44;24;2731;2964;27,7044025157234;-305,877987421384;233;0
vpja44;24;2990;3289;148,204402515723;-360,077987421384;299;0
vpja44;24;3327;3727;-89,5955974842766;-360,577987421384;400;0
vpja44;24;3778;4309;-104,395597484277;-155,077987421384;531;255000
vpja44;24;4368;4807;-16,0955974842766;140,022012578616;439;255
vpja44;24;4870;5034;383,704402515723;269,522012578616;164;0
vpja44;24;5089;5248;418,304402515723;-47,6779874213837;159;0
vpja44;24;5302;5519;163,704402515723;-320,077987421384;217;0
vpja44;24;5561;5763;18,0044025157234;-365,877987421384;202;0
vpja44;24;5787;6101;-4,69559748427662;-397,277987421384;314;0
vpja44;24;6152;6388;-153,895597484277;-375,977987421384;236;0
vpja44;24;6459;7158;-448,695597484277;-149,477987421384;699;0
vpja44;24;7190;7537;-422,195597484277;16,7220125786163;347;0
vpja44;24;7696;7858;-90,5955974842766;-143,077987421384;162;255000
vpja44;24;7876;8608;-76,7955974842766;-166,477987421384;732;255000
vpja44;24;8665;8848;24,5044025157234;153,322012578616;183;255
vpja44;24;8893;9166;-134,595597484277;353,222012578616;273;0
vpja44;24;9195;9382;-252,895597484277;388,122012578616;187;0
vpja44;24;9428;9677;-473,195597484277;309,522012578616;249;0
vpja44;24;9702;9907;-478,595597484277;208,022012578616;205;0
vpja44;25;254;352;-10,1999999999999;-268,7;98;255000
vpja44;25;372;837;-27,6;-301,5;465;255000
vpja44;25;899;1081;-88,8;43,8;182;255
vpja44;25;1153;1534;41,3000000000001;462,6;381;2,55e+08
vpja44;25;1591;1802;-85,6;70;211;255
vpja44;25;1833;2133;-84,5;-12,8;300;255
vpja44;25;2188;2389;-2,29999999999995;-294,7;201;255000
vpja44;25;2405;2942;-19;-305,7;537;255000
vpja44;25;3009;3287;-207,2;10;278;255255000
vpja44;25;3353;3576;50,5;433;223;2,55e+08
vpja44;25;3647;4008;-339,8;451;361;0
vpja44;25;4075;4159;-187,6;81,2;84;0
vpja44;25;4309;4444;-206,5;-17,1;135;0
vpja44;25;4469;4989;-239,3;-66;520;255255000
vpja44;25;5032;5289;-59,1;56,5;257;255
vpja44;25;5311;5497;-83,9;2;186;255
vpja44;25;5550;5751;366;-7,29999999999995;201;0
vpja44;25;5812;5942;414,9;-235,1;130;0
vpja44;25;5970;6199;295,1;-257,1;229;0
vpja44;25;6253;6681;-26,4;-287,1;428;255000
vpja44;25;6715;7050;-190,7;-234,5;335;0
vpja44;25;7134;7492;-586,4;10,6;358;0
vpja44;25;7549;7900;-552,5;-192,2;351;0
vpja44;25;7979;8640;359,9;-47,6;661;0
vpja44;25;8679;8926;217,6;61,9;247;0
vpja44;25;8978;9106;412,3;-122,1;128;0
vpja44;25;9150;9486;528,1;-153,8;336;0
vpja44;25;9517;9761;487,5;-31,9;244;0
vpja44;25;9788;10000;500,7;-157,6;212;0
vpja44;26;76;206;18,9;-13,1;130;0
vpja44;26;264;366;-17,1999999999999;-310,7;102;2,55e+08
vpja44;26;388;1398;-5,39999999999998;-356,6;1010;255000
vpja44;26;1474;1689;317,3;233,7;215;255
vpja44;26;1718;2197;409,3;304,9;479;0
vpja44;26;2289;2420;-304,3;149,6;131;255255000
vpja44;26;2478;2615;-408,8;-222,2;137;0
vpja44;26;2658;3431;-406,4;-353,9;773;0
vpja44;26;3458;3888;-387,6;-429,5;430;0
vpja44;26;3902;4220;-401,9;-428,1;318;0
vpja44;26;4249;4690;-454,9;-309,5;441;0
vpja44;26;4714;4976;-401,3;-261,3;262;0
vpja44;26;5026;5152;-74,3;-349,9;126;0
vpja44;26;5178;5881;3,10000000000002;-353,5;703;255000
vpja44;26;5936;6259;-34,1999999999999;32,5999999999999;323;2,55e+08
vpja44;26;6309;6445;-4,5;-282,9;136;2,55e+08
vpja44;26;6472;6607;11,5;-358,4;135;255000
vpja44;26;6712;7087;485,2;-212,2;375;0
vpja44;26;7137;7559;224,1;-164,8;422;0
vpja44;26;7621;7980;360,3;238,8;359;255
vpja44;26;8044;8312;-1,79999999999995;-38,9000000000001;268;2,55e+08
vpja44;26;8368;8593;-306,9;131,8;225;255255000
vpja44;26;8654;8937;-416,6;-271,5;283;0
vpja44;26;8960;9302;-403,1;-332,5;342;0
vpja44;26;9327;9585;-410,8;-373,8;258;0
vpja44;26;9608;9894;-410,3;-416,7;286;0
vpja44;26;9905;10000;-413,4;-425,3;95;0
