vp;trial;timest;timeend;x;y;duration;roi
vpja84;1;339;744;-148,8;-224,3;405;0
vpja84;1;813;1010;-466,8;-557,8;197;NA
vpja84;1;1026;1234;-495,3;-549,4;208;NA
vpja84;1;1281;1458;-526,4;-253,3;177;0
vpja84;1;1501;2057;-485,8;27,2;556;0
vpja84;1;2081;2242;-412;26,7;161;0
vpja84;1;2307;2484;-120,3;-478,5;177;0
vpja84;1;2509;2772;-92,8000000000001;-549,2;263;NA
vpja84;1;2832;3024;191,1;-78,9;192;0
vpja84;1;3048;3493;124,8;-58,1;445;0
vpja84;1;3525;3739;91,9;53,6;214;255
vpja84;1;3792;4166;326,2;-148,8;374;0
vpja84;1;4188;4361;355,9;-131,9;173;0
vpja84;1;4388;4536;368;-37,9;148;0
vpja84;1;4557;4784;416,6;-60,3;227;0
vpja84;1;4837;4991;603,5;-282,6;154;0
vpja84;1;5039;5234;358,5;-20,2;195;0
vpja84;1;5270;5458;316,2;-151,1;188;0
vpja84;1;5512;5644;-200,1;-238,5;132;0
vpja84;1;5667;5919;-137,2;-239,2;252;0
vpja84;1;5929;6249;-120,9;-232,5;320;0
vpja84;1;6282;6417;-171,7;-107,1;135;0
vpja84;1;6463;6842;-490,9;-257,2;379;0
vpja84;1;6872;7035;-487,8;-159,9;163;0
vpja84;1;7052;7615;-483,3;-130,4;563;0
vpja84;1;7657;7775;-504;-277,7;118;0
vpja84;1;7846;8068;-84,5;-574,5;222;NA
vpja84;1;8086;8336;-93,6;-527,2;250;NA
vpja84;1;8379;8604;179,5;-530;225;NA
vpja84;1;8662;8818;572,2;-366,2;156;0
vpja84;1;8870;9186;572,6;-27,6;316;0
vpja84;1;9227;9395;522,8;104,3;168;0
vpja84;1;9433;9601;280,1;139,1;168;0
vpja84;1;9644;9842;133,8;-15,7;198;0
vpja84;1;9886;10000;134,1;263;114;0
vpja84;2;142;237;3,08482758620687;43,2451724137932;95;255255000
vpja84;2;306;463;-333,815172413793;-191,754827586207;157;255000
vpja84;2;509;784;-351,915172413793;59,3451724137932;275;2,55e+08
vpja84;2;832;1043;-590,815172413793;386,345172413793;211;0
vpja84;2;1119;1298;23,9848275862068;-1,25482758620683;179;255255000
vpja84;2;1320;1449;13,4848275862068;-56,4548275862068;129;255255000
vpja84;2;1519;1728;513,684827586207;-292,454827586207;209;0
vpja84;2;1753;1965;479,984827586207;-215,254827586207;212;0
vpja84;2;1979;2599;455,084827586207;-192,254827586207;620;0
vpja84;2;2655;2846;126,884827586207;-474,854827586207;191;0
vpja84;2;2870;3101;51,3848275862068;-480,254827586207;231;NA
vpja84;2;3121;3361;21,0848275862069;-451,554827586207;240;0
vpja84;2;3384;3709;76,1848275862068;-476,954827586207;325;0
vpja84;2;3744;4016;172,784827586207;-475,854827586207;272;0
vpja84;2;4062;4440;-76,8151724137932;-304,154827586207;378;0
vpja84;2;4467;4695;-174,715172413793;-316,954827586207;228;0
vpja84;2;4718;5021;-239,515172413793;-317,554827586207;303;0
vpja84;2;5033;5360;-236,815172413793;-290,654827586207;327;0
vpja84;2;5398;5689;-86,5151724137932;-308,854827586207;291;0
vpja84;2;5728;5946;53,0848275862069;-141,454827586207;218;0
vpja84;2;5992;6279;-272,615172413793;-144,854827586207;287;0
vpja84;2;6321;6612;-232,515172413793;-311,054827586207;291;0
vpja84;2;6620;6973;-228,415172413793;-324,054827586207;353;0
vpja84;2;6997;7248;-171,515172413793;-315,754827586207;251;0
vpja84;2;7277;7589;-68,7151724137932;-302,054827586207;312;0
vpja84;2;7609;7887;-19,7151724137932;-297,554827586207;278;0
vpja84;2;7902;8266;2,88482758620682;-296,254827586207;364;0
vpja84;2;8308;8560;38,9848275862068;-466,354827586207;252;0
vpja84;2;8576;8709;54,1848275862068;-489,054827586207;133;NA
vpja84;2;8739;9164;-58,0151724137932;-430,854827586207;425;0
vpja84;2;9204;9454;111,584827586207;-454,554827586207;250;0
vpja84;2;9485;9742;196,684827586207;-484,254827586207;257;NA
vpja84;2;9789;9954;476,384827586207;-368,354827586207;165;0
vpja84;3;327;545;55,4410714285714;-16,4239285714285;218;255000
vpja84;3;591;738;-15,8589285714286;-225,723928571429;147;0
vpja84;3;753;953;-37,4589285714286;-209,123928571429;200;0
vpja84;3;1000;1217;-346,558928571429;-206,423928571429;217;0
vpja84;3;1267;1488;-521,258928571429;62,4760714285715;221;0
vpja84;3;1523;1940;-604,758928571429;143,376071428571;417;0
vpja84;3;1996;2173;-13,7589285714287;95,6760714285715;177;2,55e+08
vpja84;3;2202;2510;28,0410714285714;184,376071428571;308;255255000
vpja84;3;2561;2761;323,041071428571;105,576071428571;200;255
vpja84;3;2777;3049;282,841071428571;89,5760714285715;272;255
vpja84;3;3106;3289;391,241071428571;-130,923928571429;183;0
vpja84;3;3310;3457;386,741071428571;-179,523928571429;147;0
vpja84;3;3480;3769;314,241071428571;-188,223928571429;289;0
vpja84;3;3797;4055;411,641071428571;-188,623928571429;258;0
vpja84;3;4063;4251;395,641071428571;-186,123928571429;188;0
vpja84;3;4284;4706;519,941071428571;-223,923928571429;422;0
vpja84;3;4762;4959;27,7410714285713;-184,323928571429;197;0
vpja84;3;4984;5213;-57,8589285714286;-186,423928571429;229;0
vpja84;3;5236;5733;-13,6589285714286;-193,223928571429;497;0
vpja84;3;5775;5922;196,641071428571;-192,223928571429;147;0
vpja84;3;5933;6527;167,641071428571;-192,023928571429;594;0
vpja84;3;6567;6771;378,541071428571;-190,523928571429;204;0
vpja84;3;6787;7001;403,341071428571;-185,223928571429;214;0
vpja84;3;7048;7297;261,141071428571;73,8760714285714;249;0
vpja84;3;7338;7462;33,5410714285714;29,5760714285715;124;2,55e+08
vpja84;3;7515;7657;67,5410714285713;455,376071428572;142;0
vpja84;3;7729;8091;82,1410714285714;-23,8239285714285;362;0
vpja84;3;8182;8390;-430,658928571429;515,476071428571;208;NA
vpja84;3;8426;8838;-580,758928571429;425,076071428571;412;0
vpja84;3;8903;9042;73,3410714285715;301,276071428571;139;0
vpja84;3;9120;9390;-582,558928571429;121,476071428571;270;0
vpja84;3;9453;9665;46,8410714285715;-71,1239285714286;212;255000
vpja84;3;9687;9927;66,0410714285713;-51,0239285714285;240;255000
vpja84;4;247;404;-14,125;-293,575;157;255000
vpja84;4;464;695;-516,025;167,125;231;255
vpja84;4;722;924;-565,225;219,825;202;255
vpja84;4;988;1228;116,675;318,425;240;255255000
vpja84;4;1286;1617;339,675;100,825;331;0
vpja84;4;1689;2131;-230,725;-264,075;442;0
vpja84;4;2170;2338;-400,125;-261,975;168;0
vpja84;4;2395;2519;52,2750000000001;-145,075;124;2,55e+08
vpja84;4;2569;2744;342,375;72,525;175;0
vpja84;4;2774;3033;434,675;108,025;259;0
vpja84;4;3053;3265;428,775;61,6249999999999;212;0
vpja84;4;3321;3545;-154,225;333,325;224;0
vpja84;4;3594;3795;-305,325;160,925;201;0
vpja84;4;3844;3981;-56,525;-59,2750000000001;137;2,55e+08
vpja84;4;4028;4388;-386,625;119,525;360;0
vpja84;4;4460;4593;-17,225;-280,575;133;255000
vpja84;4;4619;4801;-36,925;-379,075;182;255000
vpja84;4;4867;5081;567,275;-484,975;214;NA
vpja84;4;5141;5325;-67,725;-338,675;184;255000
vpja84;4;5346;5517;-46,125;-366,375;171;255000
vpja84;4;5540;5692;1,97500000000002;-367,675;152;255000
vpja84;4;5753;5976;171,375;-154,575;223;2,55e+08
vpja84;4;6003;6221;97,9749999999999;-218,875;218;2,55e+08
vpja84;4;6264;6560;-18,925;-344,175;296;255000
vpja84;4;6614;6799;-101,525;-6,47500000000002;185;2,55e+08
vpja84;4;6848;7024;58,075;-159,675;176;2,55e+08
vpja84;4;7134;7664;-475,525;161,425;530;255
vpja84;4;7698;7723;-378,425;212,325;25;0
vpja84;4;7779;7970;90,375;289,925;191;2,55e+08
vpja84;4;8024;8278;395,675;196,025;254;0
vpja84;4;8378;8535;-505,425;257,425;157;255
vpja84;4;8556;8686;-538,425;195,525;130;255
vpja84;4;8753;9010;-319,125;-318,775;257;0
vpja84;4;9055;9438;5,57500000000005;-344,475;383;255000
vpja84;4;9459;9800;-20,625;-372,275;341;255000
vpja84;4;9854;10000;289,375;-314,075;146;0
vpja84;5;124;173;3,25168539325853;20,3179775280898;49;2,55e+08
vpja84;5;206;368;-21,4483146067415;-120,98202247191;162;255000
vpja84;5;422;676;-533,948314606741;144,21797752809;254;255
vpja84;5;692;936;-567,948314606741;150,81797752809;244;0
vpja84;5;993;1242;-92,8483146067415;312,11797752809;249;0
vpja84;5;1259;1392;-63,5483146067414;307,81797752809;133;255255000
vpja84;5;1448;1658;-5,64831460674145;-101,88202247191;210;255000
vpja84;5;1716;1870;-549,648314606741;235,11797752809;154;255
vpja84;5;1899;2130;-537,948314606741;126,91797752809;231;0
vpja84;5;2212;2447;-23,0483146067414;-189,78202247191;235;255000
vpja84;5;2499;2661;313,751685393259;-305,18202247191;162;0
vpja84;5;2683;3098;357,351685393258;-292,28202247191;415;0
vpja84;5;3143;3362;592,351685393258;-240,68202247191;219;0
vpja84;5;3416;3636;424,651685393259;51,9179775280899;220;0
vpja84;5;3686;3835;55,0516853932585;133,41797752809;149;2,55e+08
vpja84;5;3853;4100;47,2516853932585;93,5179775280899;247;2,55e+08
vpja84;5;4114;4362;46,2516853932585;68,8179775280898;248;2,55e+08
vpja84;5;4412;4674;56,6516853932586;-253,68202247191;262;255000
vpja84;5;4705;4944;-48,1483146067415;-144,58202247191;239;255000
vpja84;5;4960;5368;-28,4483146067415;-152,08202247191;408;255000
vpja84;5;5396;5463;49,9516853932586;-118,48202247191;67;255000
vpja84;5;5512;5765;-77,3483146067415;146,81797752809;253;2,55e+08
vpja84;5;5792;5917;9,25168539325853;192,61797752809;125;2,55e+08
vpja84;5;5938;6055;42,2516853932585;242,51797752809;117;0
vpja84;5;6087;6350;-57,3483146067415;373,81797752809;263;255255000
vpja84;5;6364;6821;-54,6483146067415;336,81797752809;457;255255000
vpja84;5;6892;7075;-380,048314606741;42,6179775280899;183;0
vpja84;5;7096;7386;-351,348314606741;85,4179775280899;290;0
vpja84;5;7443;7855;-20,5483146067414;-133,08202247191;412;255000
vpja84;5;7873;8259;-30,9483146067415;-159,48202247191;386;255000
vpja84;5;8270;8692;-14,5483146067414;-144,98202247191;422;255000
vpja84;5;8719;9011;-34,4483146067415;-90,8820224719101;292;255000
vpja84;5;9038;9203;51,8516853932584;-16,5820224719101;165;2,55e+08
vpja84;5;9247;9577;-46,1483146067415;-123,58202247191;330;255000
vpja84;5;9596;9888;-32,6483146067415;-155,38202247191;292;255000
vpja84;5;9927;10000;28,1516853932585;-25,2820224719102;73;2,55e+08
vpja84;6;131;175;-8,10000000000002;33,2;44;2,55e+08
vpja84;6;213;425;-105,1;-141,3;212;255000
vpja84;6;472;797;-314,8;116,6;325;0
vpja84;6;813;1069;-334,5;126,2;256;0
vpja84;6;1096;1263;-218,6;106,1;167;255255000
vpja84;6;1308;1543;98,7;66,1;235;255
vpja84;6;1559;1672;66;76;113;255
vpja84;6;1731;2067;-118,4;-217,4;336;255000
vpja84;6;2118;2361;311,9;-86,5;243;0
vpja84;6;2381;2680;350,4;-71;299;0
vpja84;6;2699;2862;354;-108,3;163;0
vpja84;6;2912;3101;599,9;-232,5;189;0
vpja84;6;3117;3328;567,2;-252,8;211;0
vpja84;6;3342;3604;588,1;-254,2;262;0
vpja84;6;3656;3907;600,6;-11,5;251;0
vpja84;6;3958;4221;529,6;348,6;263;0
vpja84;6;4279;4425;55,7;170,7;146;0
vpja84;6;4513;4690;-451,7;-186,7;177;0
vpja84;6;4740;5030;-83,9;-235,3;290;255000
vpja84;6;5072;5273;93,3;-281,6;201;0
vpja84;6;5291;5481;109,1;-301,4;190;0
vpja84;6;5521;5678;-94,4;-223,5;157;255000
vpja84;6;5690;5964;-101,5;-196,2;274;255000
vpja84;6;6013;6345;87;79,5;332;255
vpja84;6;6393;6658;336,1;-44,4;265;0
vpja84;6;6681;6970;340,9;-99,5;289;0
vpja84;6;6977;7118;348,4;-108,8;141;0
vpja84;6;7156;7523;511,1;13,1;367;0
vpja84;6;7618;7836;-117,9;-203,3;218;255000
vpja84;6;7851;8093;-93,5;-190,3;242;255000
vpja84;6;8151;8496;-276,5;170,5;345;0
vpja84;6;8540;8770;-410,8;18;230;0
vpja84;6;8795;9032;-356,5;112;237;255255000
vpja84;6;9058;9169;-273,2;118,3;111;255255000
vpja84;6;9216;9416;102,6;83,3000000000001;200;255
vpja84;6;9470;9700;347,4;-74,0999999999999;230;0
vpja84;6;9752;10000;584,6;-237,9;248;0
vpja84;7;131;156;0,100000000000023;32,3000000000001;25;0
vpja84;7;198;363;-162,7;-152;165;2,55e+08
vpja84;7;396;511;-256,9;-211,6;115;255000
vpja84;7;553;779;-15,5;-237,2;226;0
vpja84;7;826;983;275,2;-258,6;157;0
vpja84;7;1006;1183;328,1;-310,3;177;0
vpja84;7;1236;1399;455,8;42,1;163;0
vpja84;7;1460;1636;-203,6;331,8;176;0
vpja84;7;1658;1911;-155,8;346,2;253;0
vpja84;7;1959;2454;-481,4;322,3;495;255
vpja84;7;2469;2737;-459,3;337,5;268;255
vpja84;7;2755;3288;-495;364,6;533;255
vpja84;7;3418;3511;-160,4;-16,8;93;2,55e+08
vpja84;7;3552;3784;-52,9;-197,7;232;0
vpja84;7;3808;4003;-2,19999999999993;-243,9;195;0
vpja84;7;4015;4417;17,3000000000001;-251,4;402;0
vpja84;7;4448;4728;-54,6;-201,6;280;0
vpja84;7;4746;5034;-56,1;-163,5;288;0
vpja84;7;5056;5305;-64,6999999999999;-203,8;249;0
vpja84;7;5343;5561;-65,8;-9;218;0
vpja84;7;5612;5812;-343,8;-258;200;0
vpja84;7;5860;6056;-617,5;-213,5;196;0
vpja84;7;6087;6329;-632,4;-108,1;242;0
vpja84;7;6385;6636;-479,3;-379,4;251;0
vpja84;7;6673;6852;-588;-335,5;179;0
vpja84;7;6930;7087;273,7;-355,5;157;0
vpja84;7;7114;7244;361,4;-322,1;130;0
vpja84;7;7326;7532;394,3;163,3;206;0
vpja84;7;7613;7828;-473,8;342;215;255
vpja84;7;7877;8128;-681,6;269,1;251;NA
vpja84;7;8154;8326;-631;300;172;0
vpja84;7;8390;8716;-638,8;-154,9;326;0
vpja84;7;8773;8898;-445,8;147,8;125;0
vpja84;7;8938;9133;-533,1;289,7;195;0
vpja84;7;9235;9411;-244,9;-213,2;176;255000
vpja84;7;9428;9616;-259,4;-235;188;255000
vpja84;7;9657;9845;-208,8;-43,6999999999999;188;2,55e+08
vpja84;7;9871;10000;-212,9;27,7;129;2,55e+08
vpja84;8;99;412;-18,9;-11;313;255
vpja84;8;463;650;397,2;10,3000000000001;187;0
vpja84;8;671;1090;451,4;27,1;419;255255000
vpja84;8;1106;1491;446,1;59,1;385;255255000
vpja84;8;1517;1623;462;-4;106;255255000
vpja84;8;1678;1832;-75,6999999999999;7,39999999999998;154;255
vpja84;8;1861;2118;-184,1;20,7;257;0
vpja84;8;2153;2520;-331,5;-25,9;367;0
vpja84;8;2541;2736;-286,6;-7,5;195;0
vpja84;8;2753;3115;-324,1;-20,1;362;0
vpja84;8;3156;3388;-561,5;-35,1999999999999;232;0
vpja84;8;3465;3626;123,8;-352,4;161;0
vpja84;8;3649;3958;48,5;-346,8;309;255000
vpja84;8;4006;4213;147,9;-154,9;207;2,55e+08
vpja84;8;4265;5195;434,7;61,1;930;255255000
vpja84;8;5254;5431;-67,9;55;177;0
vpja84;8;5454;7125;-128,6;30,4;1671;255
vpja84;8;7151;7380;-48,1999999999999;49,1;229;0
vpja84;8;7403;7640;-120,9;51,1;237;255
vpja84;8;7670;8046;-6,29999999999995;65,3000000000001;376;0
vpja84;8;8057;8289;-3,59999999999991;84,2;232;0
vpja84;8;8342;8605;-414,6;87,4;263;0
vpja84;8;8649;8797;-249,2;-21,8;148;0
vpja84;8;8874;9083;84,2;-361,4;209;255000
vpja84;8;9144;9471;481,1;-7,19999999999993;327;255255000
vpja84;8;9496;9966;440,3;31,1;470;255255000
vpja84;9;132;286;9,89999999999998;16,8;154;2,55e+08
vpja84;9;332;461;207,2;146,4;129;0
vpja84;9;486;765;237,3;226,4;279;255
vpja84;9;780;1031;264,7;219,1;251;255
vpja84;9;1048;1157;246,5;249,8;109;0
vpja84;9;1175;1419;288,8;237;244;0
vpja84;9;1442;1695;209;210,6;253;255
vpja84;9;2402;2546;-101,4;-197,7;144;255000
vpja84;9;2568;3005;-64;-215,3;437;255000
vpja84;9;3044;3314;-234,5;-186,6;270;255000
vpja84;9;3351;3569;-291,8;-75,3000000000001;218;2,55e+08
vpja84;9;3597;3791;-185,6;-60,9;194;2,55e+08
vpja84;9;3834;4155;-92,6;-221,7;321;255000
vpja84;9;4177;4553;-46,1;-221,7;376;255000
vpja84;9;4591;4746;-175,8;-94,3000000000001;155;2,55e+08
vpja84;9;4769;5064;-160,6;-38,5;295;2,55e+08
vpja84;9;5116;5384;-408,3;74,4;268;2,55e+08
vpja84;9;5435;5644;-572,7;-105,6;209;0
vpja84;9;5715;5994;188,7;-199,1;279;0
vpja84;9;6034;6193;259,5;-50,8000000000001;159;0
vpja84;9;6223;6418;394,4;-55,3000000000001;195;0
vpja84;9;6443;6652;415,2;7,79999999999995;209;0
vpja84;9;6700;6797;143,3;-123,6;97;0
vpja84;9;6847;7007;-105,4;-278,5;160;255000
vpja84;9;7052;7269;-391,1;-261;217;0
vpja84;9;7356;7512;-369,4;269,8;156;0
vpja84;9;7567;7595;-189,6;245,2;28;0
vpja84;9;8689;8922;-161,8;-21,5;233;2,55e+08
vpja84;9;8940;9081;-181,6;-15,9;141;2,55e+08
vpja84;9;9121;9307;-69,9;-191,4;186;255000
vpja84;9;9327;9612;-75,8;-164,3;285;255000
vpja84;9;9671;9826;-121,5;-189,3;155;255000
vpja84;9;9897;10000;275,8;184,9;103;0
vpja84;10;301;478;18,2318725099602;-397,558964143426;177;255000
vpja84;10;535;883;-328,76812749004;-23,2589641434263;348;255
vpja84;10;944;1100;267,93187250996;147,241035856574;156;0
vpja84;10;1135;1282;360,33187250996;256,841035856574;147;255255000
vpja84;10;1300;1558;378,23187250996;265,141035856574;258;255255000
vpja84;10;1641;1909;528,13187250996;-196,058964143426;268;0
vpja84;10;1965;2149;76,1318725099602;-361,458964143426;184;255000
vpja84;10;2174;2385;2,1318725099602;-419,858964143426;211;0
vpja84;10;2436;2638;-412,46812749004;-459,158964143426;202;0
vpja84;10;2671;3047;-454,06812749004;-360,458964143426;376;0
vpja84;10;3081;3357;-505,76812749004;-418,258964143426;276;0
vpja84;10;3379;3654;-450,86812749004;-402,758964143426;275;0
vpja84;10;3680;3895;-388,46812749004;-350,158964143426;215;0
vpja84;10;3911;4036;-420,46812749004;-354,958964143426;125;0
vpja84;10;4075;4285;-149,36812749004;-275,258964143426;210;0
vpja84;10;4329;4613;-434,66812749004;-345,358964143426;284;0
vpja84;10;4652;4943;-319,56812749004;-443,558964143426;291;0
vpja84;10;5011;5175;232,03187250996;-263,558964143426;164;0
vpja84;10;5238;5559;315,23187250996;222,641035856574;321;255255000
vpja84;10;5586;5872;391,83187250996;258,141035856574;286;0
vpja84;10;5929;6146;-145,46812749004;94,7410358565737;217;0
vpja84;10;6188;6347;-255,16812749004;8,34103585657374;159;0
vpja84;10;6424;6586;62,5318725099603;-327,658964143426;162;255000
vpja84;10;6617;6866;24,7318725099602;-415,658964143426;249;255000
vpja84;10;6877;7157;26,8318725099602;-395,958964143426;280;255000
vpja84;10;7177;7410;28,4318725099602;-333,858964143426;233;255000
vpja84;10;7436;8250;27,7318725099602;-399,658964143426;814;255000
vpja84;10;8328;8539;-247,56812749004;22,6410358565738;211;0
vpja84;10;8597;9019;-7,26812749003977;-270,658964143426;422;2,55e+08
vpja84;10;9062;9547;28,7318725099602;-382,958964143426;485;255000
vpja84;10;9569;10000;-5,66812749003975;-356,458964143426;431;0
vpja84;11;231;434;88,5416382252558;-290,061092150171;203;255000
vpja84;11;494;824;-466,058361774744;16,2389078498293;330;255
vpja84;11;884;1086;92,5416382252558;156,438907849829;202;255255000
vpja84;11;1163;1385;91,5416382252558;-317,661092150171;222;255000
vpja84;11;1468;1686;232,541638225256;133,738907849829;218;255255000
vpja84;11;1712;1893;226,341638225256;160,638907849829;181;255255000
vpja84;11;1962;2132;-281,058361774744;-40,5610921501707;170;0
vpja84;11;2171;2453;-465,958361774744;31,8389078498293;282;255
vpja84;11;2476;2697;-506,858361774744;68,5389078498293;221;255
vpja84;11;2785;3102;108,241638225256;-227,061092150171;317;255000
vpja84;11;3155;3404;214,341638225256;136,638907849829;249;255255000
vpja84;11;3428;3767;258,841638225256;144,238907849829;339;255255000
vpja84;11;3808;4047;200,141638225256;275,338907849829;239;255255000
vpja84;11;4130;4261;156,641638225256;-318,361092150171;131;255000
vpja84;11;4288;4496;69,1416382252557;-317,761092150171;208;255000
vpja84;11;4548;4777;405,741638225256;-459,361092150171;229;0
vpja84;11;4799;4954;387,141638225256;-490,161092150171;155;NA
vpja84;11;5008;5184;-135,058361774744;-409,961092150171;176;0
vpja84;11;5208;5358;-108,558361774744;-452,661092150171;150;0
vpja84;11;5404;5577;-110,758361774744;-164,461092150171;173;0
vpja84;11;5639;5920;222,541638225256;186,338907849829;281;255255000
vpja84;11;5943;6528;244,341638225256;141,938907849829;585;255255000
vpja84;11;6596;6763;-426,658361774744;226,938907849829;167;0
vpja84;11;6801;7115;-448,958361774744;40,2389078498293;314;255
vpja84;11;7175;7389;-12,7583617747441;-162,561092150171;214;0
vpja84;11;7420;7736;91,2416382252559;-316,861092150171;316;255000
vpja84;11;7785;8000;-126,358361774744;-213,361092150171;215;0
vpja84;11;8027;8413;-81,5583617747442;-289,161092150171;386;0
vpja84;11;8427;8700;-64,7583617747441;-299,561092150171;273;0
vpja84;11;8736;8958;113,341638225256;-344,161092150171;222;255000
vpja84;11;8978;9260;63,1416382252557;-325,261092150171;282;255000
vpja84;11;9281;9730;24,3416382252558;-313,861092150171;449;0
vpja84;11;9761;9978;131,841638225256;-304,761092150171;217;255000
vpja84;12;129;193;30,322202761178;15,5070300575886;64;0
vpja84;12;255;404;-259,977797238822;-224,792969942411;149;255000
vpja84;12;466;689;121,822202761178;228,507030057589;223;255
vpja84;12;713;1103;108,922202761178;280,607030057589;390;255
vpja84;12;1128;1554;114,422202761178;227,407030057589;426;255
vpja84;12;1591;1840;-0,577797238821972;313,807030057589;249;0
vpja84;12;1894;2047;-478,677797238822;379,507030057589;153;255255000
vpja84;12;2067;2536;-519,977797238822;380,907030057589;469;255255000
vpja84;12;2558;3109;-580,677797238822;377,807030057589;551;0
vpja84;12;3130;4441;-527,677797238822;427,907030057589;1311;255255000
vpja84;12;4549;4838;-300,077797238822;-230,092969942411;289;255000
vpja84;12;4861;5115;-274,077797238822;-270,692969942411;254;255000
vpja84;12;5239;5367;400,122202761178;-155,792969942411;128;0
vpja84;12;5407;5527;460,322202761178;-56,7929699424113;120;0
vpja84;12;5554;5782;592,122202761178;-109,692969942411;228;0
vpja84;12;5790;6058;575,422202761178;-124,892969942411;268;0
vpja84;12;6170;6469;7,322202761178;210,907030057589;299;0
vpja84;12;6540;6788;-602,577797238822;454,407030057589;248;0
vpja84;12;6811;7797;-546,377797238822;444,807030057589;986;255255000
vpja84;12;7822;8032;-467,777797238822;472,207030057589;210;255255000
vpja84;12;8051;9314;-504,877797238822;494,907030057589;1263;NA
vpja84;12;9326;10000;-530,777797238822;475,807030057589;674;255255000
vpja84;13;309;434;-12,3906574394462;-297,408996539792;125;255000
vpja84;13;455;573;-54,5906574394462;-347,008996539792;118;255000
vpja84;13;619;798;-242,390657439446;-70,6089965397924;179;255
vpja84;13;819;1273;-261,090657439446;-119,408996539792;454;0
vpja84;13;1308;1478;-74,4906574394462;-68,8089965397924;170;0
vpja84;13;1524;1847;264,909342560554;-91,9089965397924;323;0
vpja84;13;1886;2105;470,909342560554;-58,0089965397924;219;0
vpja84;13;2127;2343;418,909342560554;-85,9089965397924;216;0
vpja84;13;2409;2592;-308,490657439446;-94,1089965397924;183;0
vpja84;13;2614;3591;-271,590657439446;-119,508996539792;977;0
vpja84;13;3632;3971;-73,0906574394462;-67,8089965397924;339;0
vpja84;13;3991;4220;-65,3906574394462;-31,0089965397924;229;255255000
vpja84;13;4259;4526;64,9093425605538;57,6910034602076;267;2,55e+08
vpja84;13;4553;4872;165,409342560554;-52,8089965397924;319;0
vpja84;13;4907;5182;293,109342560554;-59,2089965397923;275;0
vpja84;13;5220;5550;477,009342560554;-81,9089965397924;330;0
vpja84;13;5602;5807;419,109342560554;39,1910034602076;205;0
vpja84;13;5885;6105;258,609342560554;-385,608996539792;220;0
vpja84;13;6123;6268;295,309342560554;-377,908996539792;145;0
vpja84;13;6302;6425;445,909342560554;-330,808996539792;123;0
vpja84;13;6471;6740;400,709342560554;-113,808996539792;269;0
vpja84;13;6778;6876;226,509342560554;-89,4089965397924;98;0
vpja84;13;6931;7190;427,809342560554;-353,608996539792;259;0
vpja84;13;7271;7412;-411,090657439446;-209,508996539792;141;0
vpja84;13;7451;7612;-608,390657439446;-202,908996539792;161;0
vpja84;13;7680;7875;-556,590657439446;200,091003460208;195;0
vpja84;13;7920;8101;-347,990657439446;349,291003460208;181;0
vpja84;13;8122;8219;-387,890657439446;377,691003460208;97;0
vpja84;13;8297;8523;-199,090657439446;-80,8089965397924;226;255
vpja84;13;8553;8739;-261,590657439446;-143,708996539792;186;0
vpja84;13;8776;8938;-211,090657439446;-294,408996539792;162;0
vpja84;13;8977;9127;-3,5906574394462;-383,508996539792;150;0
vpja84;13;9151;9416;-67,3906574394462;-357,108996539792;265;0
vpja84;13;9487;9680;404,409342560554;-263,908996539792;193;0
vpja84;13;9721;9929;389,409342560554;-128,708996539792;208;0
vpja84;14;123;221;1,09999999999991;51,1999999999999;98;2,55e+08
vpja84;14;279;650;-188,8;-223,3;371;255000
vpja84;14;703;1004;219,2;-68,5;301;0
vpja84;14;1053;1277;-102,7;-31,5;224;2,55e+08
vpja84;14;1326;1664;-101,4;256,2;338;0
vpja84;14;1716;1852;190,3;112,7;136;0
vpja84;14;1897;2090;351,6;3,29999999999995;193;255
vpja84;14;2151;2344;-110,2;-36,4000000000001;193;2,55e+08
vpja84;14;2395;2612;-166,1;-216,7;217;255000
vpja84;14;2665;2830;220;-31,3000000000001;165;0
vpja84;14;2861;3151;346,1;-45,3000000000001;290;255
vpja84;14;3172;3409;380,5;-53,7;237;255
vpja84;14;3489;3779;-409,2;339,8;290;255255000
vpja84;14;3804;4202;-490;318,1;398;255255000
vpja84;14;4255;4289;-422,3;248;34;0
vpja84;14;4533;4798;-458,7;61,3;265;0
vpja84;14;4871;5005;-303,8;-297,9;134;0
vpja84;14;5051;5371;-34,7;-442,7;320;0
vpja84;14;5398;5602;57;-442;204;0
vpja84;14;5632;6061;6,79999999999995;-531,6;429;NA
vpja84;14;6177;6381;-122,4;38,9;204;2,55e+08
vpja84;14;6431;6607;160,7;119,8;176;0
vpja84;14;6651;6844;356,9;306,7;193;0
vpja84;14;6929;7226;-281,2;20,3;297;0
vpja84;14;7285;7467;-504,7;272,4;182;0
vpja84;14;7552;7797;-179,6;-239,8;245;255000
vpja84;14;7852;8077;333,1;-70,6;225;255
vpja84;14;8126;8300;440,6;265,5;174;0
vpja84;14;8321;8489;381,5;258,1;168;0
vpja84;14;8510;8595;322,6;269;85;0
vpja84;14;8677;8961;-526,7;369,9;284;0
vpja84;14;8985;9045;-532,3;402,9;60;0
vpja84;14;9107;9541;-490,3;10,4;434;0
vpja84;14;9564;9844;-438,5;11,1999999999999;280;0
vpja84;14;9871;9999;-462,4;68,4;128;0
vpja84;15;312;742;-349,336111111111;-11,248611111111;430;0
vpja84;15;799;955;235,763888888889;60,151388888889;156;0
vpja84;15;977;1179;277,263888888889;64,751388888889;202;0
vpja84;15;1259;1450;2,26388888888903;-383,048611111111;191;0
vpja84;15;1468;1945;-28,1361111111111;-385,548611111111;477;0
vpja84;15;1989;2148;-6,93611111111102;-197,048611111111;159;2,55e+08
vpja84;15;2373;2563;-8,43611111111102;-228,248611111111;190;255000
vpja84;15;2601;2790;-17,036111111111;-352,348611111111;189;255000
vpja84;15;2808;3556;-28,236111111111;-377,848611111111;748;0
vpja84;15;3624;3666;-171,036111111111;-81,0486111111111;42;0
vpja84;15;3708;4120;-335,336111111111;-10,5486111111111;412;0
vpja84;15;4168;4499;-42,436111111111;-123,048611111111;331;2,55e+08
vpja84;15;4565;4963;423,463888888889;-239,948611111111;398;0
vpja84;15;5014;5370;16,663888888889;-323,648611111111;356;255000
vpja84;15;5418;5687;111,963888888889;-191,848611111111;269;2,55e+08
vpja84;15;5733;5953;-80,1361111111111;-92,5486111111111;220;2,55e+08
vpja84;15;6003;6338;-354,336111111111;6,25138888888898;335;0
vpja84;15;6397;6529;83,8638888888889;4,45138888888891;132;2,55e+08
vpja84;15;6569;6782;301,863888888889;74,851388888889;213;0
vpja84;15;6796;6988;268,263888888889;64,4513888888889;192;0
vpja84;15;7035;7314;564,663888888889;64,251388888889;279;0
vpja84;15;7324;7508;578,663888888889;44,351388888889;184;0
vpja84;15;7560;7880;199,363888888889;27,351388888889;320;0
vpja84;15;7914;8126;66,8638888888889;28,251388888889;212;2,55e+08
vpja84;15;8153;8706;-24,536111111111;-88,248611111111;553;2,55e+08
vpja84;15;8730;9077;43,563888888889;-79,748611111111;347;2,55e+08
vpja84;15;9111;9315;25,963888888889;-36,848611111111;204;2,55e+08
vpja84;15;9331;9857;35,463888888889;5,55138888888894;526;2,55e+08
vpja84;15;9891;10000;209,363888888889;52,151388888889;109;0
vpja84;16;259;427;-273,234042553192;-190,451063829787;168;255000
vpja84;16;960;1176;277,865957446808;1,64893617021278;216;255
vpja84;16;1190;1936;248,465957446808;2,14893617021278;746;255
vpja84;16;1951;2196;258,265957446808;-17,0510638297873;245;0
vpja84;16;2226;2909;249,865957446808;-161,751063829787;683;0
vpja84;16;2936;3123;220,765957446808;-86,4510638297872;187;0
vpja84;16;3183;3419;-317,734042553192;-217,551063829787;236;255000
vpja84;16;3446;3802;-264,134042553192;-220,851063829787;356;255000
vpja84;16;3858;4441;207,065957446808;-18,6510638297873;583;0
vpja84;16;4497;4821;-218,334042553192;-81,5510638297873;324;2,55e+08
vpja84;16;4889;6851;79,4659574468085;-139,151063829787;1962;0
vpja84;16;6871;7318;117,365957446808;-140,451063829787;447;0
vpja84;16;7346;7709;213,965957446808;-71,4510638297872;363;0
vpja84;16;7766;7939;-166,334042553192;-78,0510638297873;173;0
vpja84;16;7987;8923;221,865957446808;-55,0510638297873;936;0
vpja84;16;8984;9310;-23,6340425531916;68,6489361702128;326;0
vpja84;16;9357;9520;205,165957446808;-109,351063829787;163;0
vpja84;16;9583;9776;-321,734042553192;-268,951063829787;193;255000
vpja84;16;9800;10000;-265,634042553192;-243,651063829787;200;255000
vpja84;17;235;421;7,5;-236,3;186;255000
vpja84;17;474;661;-353,6;99,8;187;0
vpja84;17;680;898;-375,6;120,9;218;0
vpja84;17;959;1180;229,4;120,5;221;0
vpja84;17;1204;1476;277,2;138,5;272;255255000
vpja84;17;1680;1711;-355,1;181,9;31;0
vpja84;17;1746;1792;-351,7;172,4;46;255
vpja84;17;1805;2184;-370,1;166,4;379;0
vpja84;17;2268;2399;173;255;131;0
vpja84;17;2424;2708;257,3;217,5;284;0
vpja84;17;2738;2780;271,3;135,4;42;255255000
vpja84;17;2852;2965;36,7;-212,5;113;255000
vpja84;17;3003;3394;8,40000000000009;-308,5;391;255000
vpja84;17;3407;3891;-12,5;-317,4;484;255000
vpja84;17;3926;4386;-123,1;-354,8;460;0
vpja84;17;4416;4767;-17,0999999999999;-291,9;351;255000
vpja84;17;4793;4974;27,9000000000001;-205,8;181;255000
vpja84;17;5011;5276;-10,1999999999999;-87,5;265;2,55e+08
vpja84;17;5330;5533;-281,8;106,5;203;0
vpja84;17;5579;6712;-1;-46,8;1133;2,55e+08
vpja84;17;6736;7084;53,9000000000001;-23,2;348;2,55e+08
vpja84;17;7139;8387;-337,7;-86,7;1248;0
vpja84;17;8410;8721;-289,1;-67,9;311;0
vpja84;17;8792;9180;-24,0999999999999;-244,6;388;255000
vpja84;17;9204;9418;-18,3;-315,7;214;255000
vpja84;17;9485;9714;-287,5;31,2;229;0
vpja84;17;9761;9950;-19,4;-52,3;189;2,55e+08
vpja84;18;279;424;-90,2202749140893;-159,800343642612;145;255000
vpja84;18;473;890;-310,120274914089;22,2996563573884;417;0
vpja84;18;947;1395;32,3797250859108;135,299656357388;448;0
vpja84;18;1417;1886;-18,2202749140893;166,099656357388;469;0
vpja84;18;1959;2158;-95,9202749140893;-253,200343642612;199;0
vpja84;18;2170;2779;-105,320274914089;-260,700343642612;609;0
vpja84;18;2821;3093;117,479725085911;-439,900343642612;272;0
vpja84;18;3140;3345;33,4797250859108;-263,300343642612;205;0
vpja84;18;3376;3589;-99,6202749140892;-215,500343642612;213;255000
vpja84;18;3602;3735;-92,2202749140893;-235,300343642612;133;255000
vpja84;18;3795;4105;-415,320274914089;-62,2003436426116;310;0
vpja84;18;4142;4434;-305,320274914089;42,2996563573884;292;0
vpja84;18;4482;4814;-249,220274914089;395,599656357388;332;0
vpja84;18;5006;5482;-333,920274914089;146,399656357388;476;255
vpja84;18;5518;5800;-468,620274914089;258,799656357388;282;0
vpja84;18;5862;6064;3,17972508591072;225,899656357388;202;0
vpja84;18;6154;6309;-62,6202749140892;-213,500343642612;155;255000
vpja84;18;6327;6665;-99,5202749140892;-256,800343642612;338;0
vpja84;18;6715;6984;55,9797250859108;-175,500343642612;269;0
vpja84;18;7026;7268;-5,32027491408928;-45,4003436426117;242;2,55e+08
vpja84;18;7290;7596;-69,5202749140892;14,5996563573883;306;2,55e+08
vpja84;18;7635;7962;-315,920274914089;68,8996563573884;327;0
vpja84;18;8014;8208;-58,5202749140892;-85,3003436426117;194;2,55e+08
vpja84;18;8232;8364;-98,9202749140893;-127,200343642612;132;255000
vpja84;18;8414;8647;17,0797250859107;150,299656357388;233;0
vpja84;18;8661;8913;-4,32027491408928;220,599656357388;252;0
vpja84;18;8923;9106;-33,4202749140893;250,199656357388;183;0
vpja84;18;9124;9323;-9,72027491408926;294,799656357388;199;0
vpja84;18;9350;9464;-78,6202749140892;345,199656357388;114;0
vpja84;18;9493;9934;-229,220274914089;400,699656357388;441;0
vpja84;19;130;229;-9,677797238822;128,207030057589;99;255
vpja84;19;257;412;-102,277797238822;-0,0929699424114006;155;2,55e+08
vpja84;19;434;777;-79,4777972388219;2,9070300575886;343;2,55e+08
vpja84;19;832;1179;-511,277797238822;-59,1929699424113;347;255255000
vpja84;19;1201;1491;-550,277797238822;-27,3929699424114;290;255255000
vpja84;19;1546;1861;-197,877797238822;-290,892969942411;315;255000
vpja84;19;1913;2125;-496,777797238822;-145,492969942411;212;0
vpja84;19;2149;2593;-549,677797238822;-85,7929699424113;444;255255000
vpja84;19;2617;2879;-478,777797238822;-105,392969942411;262;255255000
vpja84;19;2930;3144;-187,777797238822;-278,892969942411;214;255000
vpja84;19;3206;3456;444,722202761178;-234,592969942411;250;0
vpja84;19;3484;3752;586,722202761178;-247,192969942411;268;0
vpja84;19;3825;4006;-34,3777972388219;-26,7929699424113;181;0
vpja84;19;4038;4235;-79,677797238822;20,9070300575886;197;255
vpja84;19;4288;4632;179,822202761178;-224,592969942411;344;0
vpja84;19;4691;4827;-182,677797238822;-222,992969942411;136;255000
vpja84;19;4853;5084;-193,077797238822;-291,992969942411;231;255000
vpja84;19;5123;5327;-206,177797238822;-211,292969942411;204;2,55e+08
vpja84;19;5353;5566;-233,977797238822;-156,892969942411;213;2,55e+08
vpja84;19;5582;5757;-244,977797238822;-117,592969942411;175;2,55e+08
vpja84;19;5801;6208;-42,3777972388219;-2,5929699424114;407;0
vpja84;19;6265;6684;-508,677797238822;-89,5929699424114;419;255255000
vpja84;19;6732;7340;-169,677797238822;-134,892969942411;608;2,55e+08
vpja84;19;7376;7724;-201,877797238822;-263,292969942411;348;255000
vpja84;19;7740;8001;-199,077797238822;-295,492969942411;261;255000
vpja84;19;8046;8240;-336,377797238822;-161,792969942411;194;0
vpja84;19;8280;8547;-175,377797238822;-237,292969942411;267;255000
vpja84;19;8597;8886;-168,777797238822;-61,6929699424113;289;2,55e+08
vpja84;19;8907;9140;-146,377797238822;-55,4929699424114;233;2,55e+08
vpja84;19;9180;9573;-182,077797238822;-187,092969942411;393;2,55e+08
vpja84;19;9627;9803;-423,677797238822;-105,692969942411;176;255255000
vpja84;19;9853;10000;-107,377797238822;-35,5929699424114;147;2,55e+08
vpja84;20;119;327;-7,89999999999998;33,5999999999999;208;0
vpja84;20;368;515;147,8;-166,2;147;255000
vpja84;20;981;1123;295,4;351,5;142;255255000
vpja84;20;4153;4469;368,9;381,5;316;255255000
vpja84;20;4568;4684;172,7;-109,9;116;255000
vpja84;20;4706;4993;157;-216;287;255000
vpja84;20;5051;5257;411,6;155,5;206;0
vpja84;20;5311;5501;190;-37,8000000000001;190;2,55e+08
vpja84;20;5567;5752;25,3;-332,4;185;0
vpja84;20;5793;6126;-227,8;-300,5;333;0
vpja84;20;6161;6440;-386,8;-277,9;279;0
vpja84;20;6480;6669;-503,5;-175,2;189;0
vpja84;20;6717;6962;-452,5;-460,1;245;0
vpja84;20;7038;7227;-25,6;20,4;189;0
vpja84;20;7284;7489;332,2;329,2;205;255255000
vpja84;20;7535;7707;259,2;394,4;172;255255000
vpja84;20;8072;8254;288,2;409,5;182;255255000
vpja84;20;8335;8501;55,8000000000001;-100,2;166;0
vpja84;20;8527;8917;134,8;-213;390;255000
vpja84;20;8952;9096;78,9;-268,2;144;0
vpja84;20;9140;9408;-137,7;-362;268;0
vpja84;20;9465;9655;-421,1;-376,1;190;0
vpja84;20;9690;9898;-263;-355,3;208;0
vpja84;20;9941;10000;-391,7;-268,4;59;0
vpja84;21;78;107;-8,90000000000009;84,4;29;2,55e+08
vpja84;21;127;266;-39,1;-27,9;139;2,55e+08
vpja84;21;292;381;-75,9000000000001;-154,8;89;255000
vpja84;21;431;548;-363,9;102,6;117;255
vpja84;21;1084;1123;-289,5;145,4;39;255
vpja84;21;1219;1492;352,1;270,8;273;255255000
vpja84;21;1519;1697;399,3;256,8;178;255255000
vpja84;21;1778;1978;-9,40000000000009;-290,9;200;255000
vpja84;21;2001;2443;-71,2;-280,8;442;255000
vpja84;21;2466;2744;-32,5;-265,8;278;255000
vpja84;21;2798;3035;-489,5;-169,5;237;0
vpja84;21;3066;3299;-504,5;-44,6;233;0
vpja84;21;3328;3489;-388,7;-111,8;161;0
vpja84;21;3544;3763;18,4;-275,5;219;0
vpja84;21;3820;4206;529;-270,3;386;0
vpja84;21;4270;4661;-40;-234,7;391;255000
vpja84;21;4691;4863;-48,4000000000001;-313,8;172;0
vpja84;21;4945;5187;-376,8;-415,5;242;0
vpja84;21;5239;5576;-36,4000000000001;-273,2;337;255000
vpja84;21;5649;5979;407,3;217,1;330;255255000
vpja84;21;6027;6276;555,9;66;249;0
vpja84;21;6298;6570;568,9;-13,9;272;0
vpja84;21;6607;6807;352,6;-80,1999999999999;200;0
vpja84;21;6850;7047;361,6;167,7;197;0
vpja84;21;7135;7507;-64,8000000000001;-240,7;372;255000
vpja84;21;7526;7868;-77,4000000000001;-272,1;342;255000
vpja84;21;7913;8207;-331,2;-309,1;294;0
vpja84;21;8230;8655;-393,1;-303;425;0
vpja84;21;8703;8906;-51,2;-281,5;203;255000
vpja84;21;8957;9328;276,5;-149,3;371;0
vpja84;21;9391;9819;-124,6;2,70000000000005;428;2,55e+08
vpja84;21;9858;9999;129,5;-11,4;141;2,55e+08
vpja84;22;133;305;1,19999999999993;31,0999999999999;172;2,55e+08
vpja84;22;341;443;-98,5;-68,9000000000001;102;2,55e+08
vpja84;22;487;636;-153,9;-331,1;149;255000
vpja84;22;708;944;-484,2;283;236;255
vpja84;22;1062;1330;288,2;306,1;268;255255000
vpja84;22;1339;1568;286,8;301,1;229;255255000
vpja84;22;1648;1826;-70,1;-82,3000000000001;178;2,55e+08
vpja84;22;1843;2013;-91,5;-95,4000000000001;170;2,55e+08
vpja84;22;2056;2251;-123,5;-328,2;195;255000
vpja84;22;2278;2476;-133,9;-254,1;198;255000
vpja84;22;2506;2762;-134,1;-349,4;256;255000
vpja84;22;2828;3197;482,8;-361;369;0
vpja84;22;3213;3409;496,3;-362,6;196;0
vpja84;22;3465;3702;372,4;5,89999999999998;237;0
vpja84;22;3732;3938;435,5;76,4;206;0
vpja84;22;3976;4292;559,5;76;316;0
vpja84;22;4374;4640;-85,6;-70,4000000000001;266;2,55e+08
vpja84;22;4659;4832;-106;-89,5;173;2,55e+08
vpja84;22;4921;5113;-546,5;-277,3;192;0
vpja84;22;5144;5303;-389,2;-276,5;159;0
vpja84;22;5320;5826;-407,3;-261,1;506;0
vpja84;22;5869;6026;-140,9;-321,7;157;255000
vpja84;22;6079;6414;292;-117,8;335;0
vpja84;22;6438;6619;282,9;-43,2;181;0
vpja84;22;6662;7439;558,1;-5,40000000000009;777;0
vpja84;22;7505;7733;269,8;191,4;228;0
vpja84;22;7818;8157;200,5;-41,1;339;2,55e+08
vpja84;22;8183;8492;271,9;-38,8000000000001;309;0
vpja84;22;8538;8758;9,5;-103,7;220;2,55e+08
vpja84;22;8785;9071;-67,2;-69,6;286;2,55e+08
vpja84;22;9108;9646;84,6999999999999;-91,5;538;2,55e+08
vpja84;22;9694;10000;-137,8;-285,4;306;255000
vpja84;23;249;412;-31,3;-234,7;163;255000
vpja84;23;1062;1092;-406,4;258,6;30;255
vpja84;23;1156;1353;353,7;294,9;197;255255000
vpja84;23;1379;1742;425,9;244,3;363;255255000
vpja84;23;1826;2050;-37,6;-248,6;224;255000
vpja84;23;2073;2413;-56,4;-307,5;340;255000
vpja84;23;2486;2659;438,1;124,3;173;0
vpja84;23;2681;3000;427,4;163,9;319;255255000
vpja84;23;3080;3276;0,700000000000045;-299,1;196;255000
vpja84;23;3297;3451;-47,9;-304,9;154;255000
vpja84;23;3464;3626;-74,5;-304,6;162;0
vpja84;23;3684;4006;-416,4;182,4;322;0
vpja84;23;4032;4521;-414,8;267,9;489;255
vpja84;23;4768;5006;-424,9;220,6;238;255
vpja84;23;5031;5472;-393,2;277,3;441;255
vpja84;23;5496;5801;-443,5;205,4;305;0
vpja84;23;5854;6094;-74,3;90,4;240;0
vpja84;23;6141;6511;160,4;49,6999999999999;370;2,55e+08
vpja84;23;6559;6815;409,8;118,7;256;0
vpja84;23;6837;7112;432,9;173,5;275;255255000
vpja84;23;7130;7597;428,7;236,1;467;255255000
vpja84;23;7609;7831;444,8;290,9;222;255255000
vpja84;23;7850;8149;489,8;347,1;299;255255000
vpja84;23;8167;8342;444,2;335,7;175;255255000
vpja84;23;8425;8571;-39,6999999999999;-165,8;146;2,55e+08
vpja84;23;8609;8831;-21,6;-270,9;222;255000
vpja84;23;8851;9817;-42,5;-291,3;966;255000
vpja84;23;9848;10000;30,4;-297,4;152;255000
vpja84;24;614;785;23,7;-232,4;171;255000
vpja84;24;812;1406;29,5;-297,8;594;255000
vpja84;24;1491;1765;305,9;196,5;274;255
vpja84;24;1791;2009;383,5;186,7;218;255
vpja84;24;2033;2331;294,8;173,7;298;255
vpja84;24;2362;2658;165,7;178,4;296;255
vpja84;24;2684;2915;264,1;188,5;231;255
vpja84;24;2973;3178;259,1;-59,1;205;0
vpja84;24;3239;3416;-259,8;-20,4;177;0
vpja84;24;3454;3969;-264,7;127,6;515;255255000
vpja84;24;3987;4345;-246,9;153,9;358;255255000
vpja84;24;4367;4742;-288,8;141,1;375;255255000
vpja84;24;4767;5454;-254,5;148,6;687;255255000
vpja84;24;5471;5848;-287,7;121,7;377;255255000
vpja84;24;5875;6116;-226,7;132,1;241;255255000
vpja84;24;6256;6526;-4,79999999999995;-196,4;270;2,55e+08
vpja84;24;6555;7091;3,70000000000005;-284,7;536;255000
vpja84;24;7167;7474;-292;162,1;307;0
vpja84;24;7499;8039;-263,5;149,3;540;255255000
vpja84;24;8062;8503;-228,1;155,5;441;255255000
vpja84;24;8525;8843;-270;160,1;318;0
vpja84;24;8869;9149;-345,5;178,4;280;255255000
vpja84;24;9166;9446;-317,8;200,7;280;255255000
vpja84;24;9471;9853;-256,1;171,5;382;255255000
vpja84;24;9909;10000;266,2;218,7;91;255
vpja84;25;200;368;7,70000000000005;-182,4;168;255000
vpja84;25;423;582;238,1;104,3;159;0
vpja84;25;603;787;228,9;147,4;184;255
vpja84;25;844;1066;-332,3;122,6;222;255255000
vpja84;25;1089;1331;-364;145,3;242;0
vpja84;25;1415;1555;27,8000000000001;-192,7;140;255000
vpja84;25;1572;2299;25,4000000000001;-211,9;727;255000
vpja84;25;2344;2565;249,3;-149,6;221;0
vpja84;25;2605;3033;4,20000000000005;-174,5;428;255000
vpja84;25;3301;3833;145,3;208,4;532;0
vpja84;25;3884;4108;25;-23,1;224;2,55e+08
vpja84;25;4151;4678;13,3000000000001;-166,3;527;255000
vpja84;25;4705;4945;79,1000000000001;-107,7;240;2,55e+08
vpja84;25;4994;5240;202,9;130,4;246;255
vpja84;25;5295;5463;11,7;-128;168;2,55e+08
vpja84;25;5524;5707;-327,8;89;183;0
vpja84;25;5761;5941;-2,39999999999998;-119,4;180;2,55e+08
vpja84;25;5987;6279;66,4000000000001;-224,3;292;255000
vpja84;25;6331;6807;-198,8;-299,8;476;0
vpja84;25;6860;7159;185,3;-232,3;299;0
vpja84;25;7205;7456;422,3;-292,3;251;0
vpja84;25;7507;7659;142,7;-172,2;152;0
vpja84;25;7705;7995;517,2;-114,6;290;0
vpja84;25;8020;8797;550,1;-130,4;777;0
vpja84;25;8827;8965;464,2;-182,7;138;0
vpja84;25;9042;9266;-327,2;122,8;224;255255000
vpja84;25;9328;9474;-14,5999999999999;-104,2;146;2,55e+08
vpja84;25;9513;10000;-3,09999999999991;-206,9;487;255000
vpja84;26;134;352;-2,61214285714277;24,0335714285715;218;2,55e+08
vpja84;26;420;547;-48,5121428571427;-348,966428571429;127;255000
vpja84;26;620;812;-508,012142857143;265,833571428571;192;0
vpja84;26;842;1017;-568,112142857143;386,033571428571;175;0
vpja84;26;1100;1319;448,387857142857;395,933571428571;219;255255000
vpja84;26;1345;1528;520,987857142857;385,633571428571;183;255255000
vpja84;26;1592;1710;126,187857142857;-80,8664285714286;118;2,55e+08
vpja84;26;1761;1931;-55,1121428571428;-442,466428571429;170;255000
vpja84;26;1954;2604;-75,1121428571428;-491,466428571429;650;NA
vpja84;26;2624;2780;-34,7121428571428;-473,966428571429;156;255000
vpja84;26;2861;2897;-60,9121428571427;-127,566428571429;36;2,55e+08
vpja84;26;2911;3135;-34,2121428571428;-74,9664285714285;224;2,55e+08
vpja84;26;3221;3382;-263,112142857143;-352,366428571429;161;0
vpja84;26;3440;3624;179,887857142857;-356,366428571429;184;0
vpja84;26;3670;3928;-55,7121428571428;-473,366428571429;258;255000
vpja84;26;3975;4205;209,087857142857;-335,266428571429;230;0
vpja84;26;4237;4437;240,487857142857;-327,766428571429;200;0
vpja84;26;4484;4635;390,487857142857;-421,466428571429;151;0
vpja84;26;4684;4890;329,087857142857;-131,666428571429;206;0
vpja84;26;4938;5106;257,187857142857;-330,666428571429;168;0
vpja84;26;5134;5398;384,287857142857;-391,366428571429;264;0
vpja84;26;5421;5613;348,887857142857;-427,566428571429;192;0
vpja84;26;5680;6109;-247,712142857143;-389,566428571429;429;0
vpja84;26;6150;6299;-51,4121428571427;-473,566428571429;149;255000
vpja84;26;6380;6592;296,287857142857;-62,0664285714286;212;0
vpja84;26;6649;6802;365,587857142857;325,133571428571;153;255255000
vpja84;26;6845;7007;530,387857142857;349,833571428571;162;255255000
vpja84;26;7065;7295;534,687857142857;-33,5664285714286;230;0
vpja84;26;7336;7649;310,087857142857;-114,866428571429;313;0
vpja84;26;7725;7965;-159,912142857143;-98,1664285714286;240;2,55e+08
vpja84;26;8007;8261;-405,512142857143;-144,566428571429;254;0
vpja84;26;8283;8567;-459,712142857143;-178,966428571429;284;0
vpja84;26;8573;8888;-451,612142857143;-184,166428571429;315;0
vpja84;26;8955;9113;-38,5121428571427;3,13357142857137;158;2,55e+08
vpja84;26;9204;9242;104,487857142857;244,433571428571;38;0
vpja84;26;9260;9296;133,287857142857;325,433571428571;36;0
vpja84;26;9304;9446;139,487857142857;375,333571428571;142;0
vpja84;26;9471;9733;253,887857142857;313,133571428571;262;0
vpja84;26;9778;10000;541,487857142857;458,633571428571;222;255255000
