vp;trial;timest;timeend;x;y;duration;roi
vpja39;1;313;437;-94;-154,6;124;255000
vpja39;1;451;667;-107,1;-165,1;216;255000
vpja39;1;807;927;-216,8;75,5;120;0
vpja39;1;975;1083;97,8000000000001;101;108;255255000
vpja39;1;1296;1420;410;-94,4;124;0
vpja39;1;1459;1669;608;-236,4;210;0
vpja39;1;1693;1861;608,3;-285,2;168;0
vpja39;1;1955;2075;-153,1;-175,2;120;0
vpja39;1;2115;2405;-96,6;-190,8;290;255000
vpja39;1;2417;2712;-106;-192,3;295;255000
vpja39;1;2777;3087;-255,7;115,3;310;255
vpja39;1;3138;3304;94,1999999999999;103,5;166;255255000
vpja39;1;3350;3691;290,1;-25,9;341;0
vpja39;1;3751;3988;-117;-169,4;237;255000
vpja39;1;4004;4389;-100,4;-184,3;385;255000
vpja39;1;4405;4582;-120,2;-188,2;177;255000
vpja39;1;4651;4855;-269,7;70,3000000000001;204;0
vpja39;1;4881;5093;-281,2;132,3;212;255
vpja39;1;5137;5319;-120,4;-138,7;182;255000
vpja39;1;5339;5946;-108;-167,7;607;255000
vpja39;1;5960;6452;-117,5;-180,9;492;255000
vpja39;1;6518;6729;272,2;-9,60000000000002;211;0
vpja39;1;6754;6983;311,7;-59,6999999999999;229;0
vpja39;1;7036;7230;589,2;-236;194;0
vpja39;1;7251;7767;606,9;-273,7;516;0
vpja39;1;7851;8074;501;361,6;223;0
vpja39;1;8145;8303;28,3;438,1;158;0
vpja39;1;8356;8481;-220,7;287;125;0
vpja39;1;8514;8885;-270,8;107,6;371;255
vpja39;1;8907;9276;-282,3;136,4;369;0
vpja39;1;9304;9492;-323,7;123,7;188;0
vpja39;1;9534;9676;-102,6;93,9;142;0
vpja39;1;9716;10000;85,1;96,6;284;255255000
vpja39;2;287;402;-174,599652777778;-193,842708333333;115;2,55e+08
vpja39;2;425;671;-202,899652777778;-231,642708333333;246;255000
vpja39;2;711;924;-13,1996527777778;-236,242708333333;213;0
vpja39;2;1120;1316;-62,9996527777778;-255,442708333333;196;0
vpja39;2;1412;1515;-420,799652777778;230,857291666667;103;255255000
vpja39;2;1595;1857;-55,1996527777778;-255,842708333333;262;0
vpja39;2;1877;2366;-44,3996527777778;-241,542708333333;489;0
vpja39;2;2392;2760;-37,9996527777778;-197,642708333333;368;0
vpja39;2;2785;3172;-47,3996527777778;-245,242708333333;387;0
vpja39;2;3286;3509;-458,799652777778;230,957291666667;223;255255000
vpja39;2;3566;3759;-160,899652777778;287,557291666667;193;0
vpja39;2;3784;3949;-112,999652777778;289,157291666667;165;255
vpja39;2;4012;4239;277,200347222222;29,1572916666667;227;0
vpja39;2;4270;4393;409,500347222222;43,9572916666666;123;0
vpja39;2;4447;4560;125,100347222222;-232,642708333333;113;0
vpja39;2;4602;4838;-80,3996527777778;-219,842708333333;236;0
vpja39;2;4859;5319;-52,2996527777779;-222,142708333333;460;0
vpja39;2;5361;5539;-189,999652777778;-257,942708333333;178;255000
vpja39;2;5594;5872;-560,199652777778;-107,342708333333;278;0
vpja39;2;5905;6755;-538,899652777778;-290,042708333333;850;0
vpja39;2;6840;7210;-529,599652777778;252,957291666667;370;0
vpja39;2;7268;7476;-290,099652777778;86,8572916666667;208;2,55e+08
vpja39;2;7684;7918;-149,799652777778;-287,742708333333;234;255000
vpja39;2;7934;8081;-180,399652777778;-282,542708333333;147;255000
vpja39;2;8115;8356;-52,8996527777778;-249,842708333333;241;0
vpja39;2;8367;8822;-37,6996527777778;-249,842708333333;455;0
vpja39;2;8847;9250;-37,3996527777778;-212,042708333333;403;0
vpja39;2;9273;9708;-47,0996527777778;-255,742708333333;435;0
vpja39;2;9718;10000;-37,5996527777778;-252,042708333333;282;0
vpja39;3;270;440;-395,658762886598;-148,067010309278;170;255000
vpja39;3;493;650;-154,458762886598;-218,167010309278;157;0
vpja39;3;696;807;36,2412371134021;-366,667010309278;111;0
vpja39;3;865;1263;537,941237113402;-303,667010309278;398;0
vpja39;3;1321;1613;74,1412371134022;-386,967010309278;292;0
vpja39;3;1823;2136;-340,658762886598;-13,7670103092784;313;0
vpja39;3;2184;2314;-178,858762886598;71,6329896907216;130;0
vpja39;3;2395;2661;430,041237113402;239,632989690722;266;0
vpja39;3;2694;2972;310,341237113402;231,332989690722;278;0
vpja39;3;3083;3225;-462,458762886598;305,132989690722;142;0
vpja39;3;3273;3432;-565,158762886598;427,932989690722;159;0
vpja39;3;3504;3632;-372,358762886598;-135,867010309278;128;0
vpja39;3;3662;3860;-432,858762886598;-156,767010309278;198;255000
vpja39;3;3911;4164;-153,958762886598;-345,867010309278;253;0
vpja39;3;4201;4384;-251,958762886598;-410,067010309278;183;0
vpja39;3;4440;4714;-134,558762886598;-239,567010309278;274;0
vpja39;3;4748;4920;-27,8587628865979;-229,367010309278;172;0
vpja39;3;4970;5264;41,6412371134022;-417,067010309278;294;0
vpja39;3;5295;5551;145,341237113402;-401,067010309278;256;0
vpja39;3;5638;5898;596,941237113402;-177,167010309278;260;0
vpja39;3;5960;6175;547,441237113402;127,532989690722;215;0
vpja39;3;6219;6592;418,441237113402;-128,467010309278;373;0
vpja39;3;6605;6965;424,441237113402;-144,967010309278;360;0
vpja39;3;6981;7366;419,341237113402;-131,167010309278;385;0
vpja39;3;7379;7891;420,741237113402;-149,567010309278;512;0
vpja39;3;8000;8120;-424,258762886598;-113,867010309278;120;255000
vpja39;3;8143;8451;-442,758762886598;-143,967010309278;308;255000
vpja39;3;8507;8898;-372,758762886598;80,2329896907216;391;255255000
vpja39;3;8935;9199;-258,458762886598;-78,0670103092783;264;0
vpja39;3;9242;9529;-437,758762886598;-120,067010309278;287;255000
vpja39;3;9537;9689;-438,958762886598;-130,567010309278;152;255000
vpja39;3;9736;9926;-464,058762886598;-337,167010309278;190;0
vpja39;3;9969;10000;-282,258762886598;-417,767010309278;31;0
vpja39;4;268;396;141,6;-226;128;2,55e+08
vpja39;4;415;674;146,7;-249,4;259;255000
vpja39;4;749;938;316,1;182,2;189;255
vpja39;4;1007;1275;-162,3;93,4;268;255255000
vpja39;4;1334;1532;49,2;-177,7;198;2,55e+08
vpja39;4;1564;1882;104,9;-291,9;318;255000
vpja39;4;1904;2102;135,9;-268,2;198;255000
vpja39;4;2182;2494;-145,2;98,6;312;255255000
vpja39;4;2543;2848;-350,9;35,1;305;0
vpja39;4;2901;3167;-592,6;-100,7;266;0
vpja39;4;3362;3740;463;-221,7;378;0
vpja39;4;3800;3983;120,6;-310,4;183;255000
vpja39;4;4003;4222;149,4;-310,2;219;255000
vpja39;4;4296;4543;271,2;119,7;247;255
vpja39;4;4565;4813;302,3;112,5;248;255
vpja39;4;4848;5157;392,1;34,1;309;255
vpja39;4;5243;5568;-167,6;68,3;325;255255000
vpja39;4;5598;5750;-65,5999999999999;45;152;255255000
vpja39;4;5801;6047;131,8;-283;246;255000
vpja39;4;6072;6404;163;-282,8;332;255000
vpja39;4;6477;6937;665,7;-425,3;460;NA
vpja39;4;7002;7097;288,5;-351,3;95;0
vpja39;4;7148;7438;144,1;-275,3;290;255000
vpja39;4;7462;8017;107,6;-236,5;555;2,55e+08
vpja39;4;8045;8280;83,3;-211,9;235;2,55e+08
vpja39;4;8350;8539;254,6;90;189;0
vpja39;4;8563;8899;303,2;107,9;336;255
vpja39;4;8921;9202;274;151,3;281;255
vpja39;4;9245;9566;153,2;163,6;321;0
vpja39;4;9630;9801;-266,8;140,4;171;0
vpja39;4;9859;10000;-493,8;232,9;141;0
vpja39;5;196;322;28,0715789473685;-174,618245614035;126;255000
vpja39;5;345;531;36,8715789473684;-196,218245614035;186;255000
vpja39;5;576;1141;223,371578947369;-218,218245614035;565;0
vpja39;5;1209;1465;-262,828421052631;-229,718245614035;256;0
vpja39;5;1498;1731;-293,528421052632;-377,718245614035;233;0
vpja39;5;1807;2065;-351,328421052631;208,981754385965;258;0
vpja39;5;2133;2338;262,771578947368;202,981754385965;205;255
vpja39;5;2401;2576;544,271578947368;-46,2182456140351;175;0
vpja39;5;2610;2837;619,771578947368;-218,018245614035;227;0
vpja39;5;2884;3237;414,571578947368;-354,518245614035;353;0
vpja39;5;3383;3623;-314,328421052631;-364,718245614035;240;0
vpja39;5;3665;4167;-238,528421052632;-413,718245614035;502;0
vpja39;5;4219;4581;-215,528421052632;-247,318245614035;362;0
vpja39;5;4636;4736;41,0715789473685;-257,818245614035;100;255000
vpja39;5;4812;5215;390,871578947369;-358,418245614035;403;0
vpja39;5;5268;5499;207,771578947368;-383,918245614035;231;0
vpja39;5;5556;5905;-178,028421052632;-389,118245614035;349;0
vpja39;5;5937;6257;-127,728421052632;-310,018245614035;320;0
vpja39;5;6321;6855;-364,228421052632;-231,118245614035;534;0
vpja39;5;6880;7098;-340,428421052632;-170,518245614035;218;0
vpja39;5;7161;7390;109,471578947368;-159,018245614035;229;0
vpja39;5;7462;7776;283,771578947368;216,181754385965;314;0
vpja39;5;7832;8077;471,171578947369;12,9817543859649;245;0
vpja39;5;8106;8509;551,771578947368;-96,2182456140351;403;0
vpja39;5;8583;8931;13,8715789473684;-190,018245614035;348;255000
vpja39;5;8956;9236;42,5715789473685;-186,718245614035;280;255000
vpja39;5;9301;9663;267,371578947369;196,481754385965;362;255
vpja39;5;9691;9961;262,671578947369;86,181754385965;270;0
vpja39;6;221;368;-118,2;-158,5;147;255000
vpja39;6;384;566;-142,9;-170,4;182;255000
vpja39;6;616;851;-10,8;-328,4;235;0
vpja39;6;874;1078;59,6999999999999;-334,9;204;0
vpja39;6;1136;1496;472,8;-422,1;360;0
vpja39;6;1504;1553;457,5;-421,7;49;0
vpja39;6;1665;1781;278,8;406,7;116;0
vpja39;6;1825;2005;20,9;340,2;180;0
vpja39;6;2058;2529;428,8;329,3;471;255
vpja39;6;2618;2783;-424,8;227,3;165;0
vpja39;6;2835;3093;-458,2;42,5;258;255255000
vpja39;6;3119;3291;-357,1;-31;172;0
vpja39;6;3326;3769;-310;-177,8;443;0
vpja39;6;3807;4241;-161,6;-156,7;434;255000
vpja39;6;4253;4279;-142,8;-147,9;26;255000
vpja39;6;4434;4689;-129,7;-182,1;255;255000
vpja39;6;4752;4957;-342,5;177,5;205;0
vpja39;6;4989;5234;-389,4;111,2;245;0
vpja39;6;5288;5533;-566,5;349,9;245;0
vpja39;6;5576;5907;-440;374,5;331;0
vpja39;6;5968;6157;-447,1;-73,4999999999999;189;255255000
vpja39;6;6196;6499;-305,3;-217,5;303;0
vpja39;6;6524;6841;-332,6;-168,4;317;0
vpja39;6;6899;7610;-12,9;-321,9;711;0
vpja39;6;7672;7767;-124,8;-55,1;95;2,55e+08
vpja39;6;7806;7897;-135,7;-137,5;91;2,55e+08
vpja39;6;7936;8370;3,89999999999998;-317,6;434;0
vpja39;6;8405;8644;69,0000000000001;-358,5;239;0
vpja39;6;8666;8922;34,6;-379,7;256;0
vpja39;6;8936;9124;21,6;-397,3;188;0
vpja39;6;9159;9562;-87,6999999999999;-393,3;403;0
vpja39;6;9678;9902;-69,4;237,8;224;0
vpja39;6;9947;10000;-14,8;314,1;53;0
vpja39;7;253;382;-11,9000000000001;-234,3;129;255000
vpja39;7;405;703;-52,7;-275,1;298;255000
vpja39;7;773;1001;14,0999999999999;317,4;228;255255000
vpja39;7;1026;1200;55,1999999999999;329,3;174;255255000
vpja39;7;1266;1580;-322,6;299,6;314;0
vpja39;7;1606;1785;-282,6;213,9;179;0
vpja39;7;1867;2239;417,8;236,7;372;0
vpja39;7;2283;2466;385,5;77,9;183;0
vpja39;7;2492;2786;302,3;51,3;294;0
vpja39;7;2838;3138;394,4;295,8;300;0
vpja39;7;3377;3846;-288,2;-310,4;469;0
vpja39;7;3896;4258;-534,7;-266,3;362;0
vpja39;7;4319;4384;-69,7;-277,4;65;255000
vpja39;7;4584;4860;-17,3000000000001;-306,6;276;255000
vpja39;7;4886;5228;-77,9000000000001;-304,8;342;255000
vpja39;7;5279;5662;3;-88,4;383;2,55e+08
vpja39;7;5706;6126;-48,8000000000001;-277,4;420;255000
vpja39;7;6136;6674;-52,5;-293,7;538;255000
vpja39;7;6694;7047;-85,2;-291,6;353;255000
vpja39;7;7069;7193;-34,2;-298,6;124;255000
vpja39;7;7298;7489;-17,6;374,2;191;0
vpja39;7;7516;7702;25,3;325,6;186;255255000
vpja39;7;7717;8120;51;319,9;403;255255000
vpja39;7;8148;8424;-1,90000000000009;310,3;276;255255000
vpja39;7;8450;9343;55,8;309,5;893;255255000
vpja39;7;9374;9525;2,19999999999993;280,2;151;255255000
vpja39;7;9594;9853;-511,3;298,6;259;255
vpja39;7;9883;10000;-417,7;237,3;117;0
vpja39;8;185;298;35,6;-196,3;113;2,55e+08
vpja39;8;325;476;33,5;-262,4;151;255000
vpja39;8;556;854;-331,5;134,7;298;255255000
vpja39;8;932;1351;-79,1999999999999;-365,3;419;0
vpja39;8;1506;1795;315,6;246,7;289;0
vpja39;8;1816;1996;320,4;204,8;180;255
vpja39;8;2046;2274;236,9;5,10000000000002;228;0
vpja39;8;2323;2539;179,1;-233,9;216;0
vpja39;8;2591;3083;27,8000000000001;-276,5;492;255000
vpja39;8;3104;3397;65,1;-292,7;293;255000
vpja39;8;3418;3706;28,5;-288,2;288;255000
vpja39;8;3729;4057;47,8000000000001;-247,9;328;255000
vpja39;8;4081;4555;34,4000000000001;-285,1;474;255000
vpja39;8;4566;5018;17;-279,6;452;255000
vpja39;8;5109;5424;304,8;198,8;315;255
vpja39;8;5460;5807;392,2;219,7;347;0
vpja39;8;5851;6269;543,6;324;418;0
vpja39;8;6285;6770;565,2;301,7;485;0
vpja39;8;6840;7059;295,2;-74,3;219;0
vpja39;8;7146;7262;-242,1;48,4;116;0
vpja39;8;7308;7638;-321,6;155;330;0
vpja39;8;7661;8548;-275,5;138,1;887;0
vpja39;8;8559;8773;-261;122,8;214;255255000
vpja39;8;8847;9316;-10,8;-305,6;469;255000
vpja39;8;9346;9663;75;-284,9;317;255000
vpja39;8;9688;10000;30,9000000000001;-270,4;312;255000
vpja39;9;31;200;-12,3000000000001;4;169;2,55e+08
vpja39;9;250;370;-8,20000000000005;-235,4;120;255000
vpja39;9;388;538;-5,30000000000007;-254,8;150;255000
vpja39;9;608;853;-428,5;-119,1;245;0
vpja39;9;887;1146;-276,7;-74,1;259;0
vpja39;9;1204;1447;-259,6;173,2;243;255255000
vpja39;9;1466;1691;-263,2;141;225;255255000
vpja39;9;1759;1925;251,1;19,7;166;0
vpja39;9;1952;2258;227,4;-52,4;306;0
vpja39;9;2307;2516;470,9;-25,0999999999999;209;0
vpja39;9;2538;2759;439,9;-51,9;221;0
vpja39;9;2822;3330;-45;-327,1;508;255000
vpja39;9;3361;3547;5,19999999999993;-262,7;186;255000
vpja39;9;3639;3849;336,9;242,7;210;0
vpja39;9;3904;4033;78,3;233,6;129;0
vpja39;9;4057;4498;11,4;197,7;441;0
vpja39;9;4519;4876;21,9;174,3;357;0
vpja39;9;4936;5214;-21,5;-231,9;278;255000
vpja39;9;5229;5598;-11;-251;369;255000
vpja39;9;5616;5779;-32,1;-258,7;163;255000
vpja39;9;5865;6246;-537,9;125,8;381;0
vpja39;9;6291;6576;-455;-118,1;285;0
vpja39;9;6618;6753;-332,6;-108,4;135;0
vpja39;9;6778;7064;-276,5;-82,9;286;0
vpja39;9;7102;7362;-366,1;-6,69999999999993;260;0
vpja39;9;7398;7836;-261,6;-83,4999999999999;438;0
vpja39;9;7854;8200;-279,2;-78,1999999999999;346;0
vpja39;9;8251;8485;-12,7;-295,8;234;255000
vpja39;9;8501;8721;-12,2;-274,5;220;255000
vpja39;9;8732;9283;-19,1;-274,3;551;255000
vpja39;9;9312;9815;-77;-334,4;503;0
vpja39;9;9845;10000;-2,40000000000009;-287,6;155;255000
vpja39;10;312;568;63,2053887277615;-287,558474488412;256;255000
vpja39;10;652;998;420,205388727761;343,441525511588;346;255
vpja39;10;1019;1197;403,205388727761;345,641525511588;178;255
vpja39;10;1240;1457;365,605388727762;72,1415255115883;217;0
vpja39;10;1491;1667;391,805388727762;-65,4584744884118;176;0
vpja39;10;1719;1874;564,105388727762;-396,458474488412;155;0
vpja39;10;1896;2438;576,605388727762;-433,958474488412;542;0
vpja39;10;2473;2617;619,805388727762;-355,158474488412;144;0
vpja39;10;2756;2992;-471,194611272238;320,741525511588;236;255255000
vpja39;10;3068;3363;-524,694611272238;-163,258474488412;295;0
vpja39;10;3567;3690;497,705388727761;-391,858474488412;123;0
vpja39;10;3731;4076;564,505388727762;-423,258474488412;345;0
vpja39;10;4095;4880;588,405388727762;-446,358474488412;785;0
vpja39;10;4918;5190;459,205388727761;-464,358474488412;272;0
vpja39;10;5261;5482;403,905388727762;-108,758474488412;221;0
vpja39;10;5530;5883;558,405388727762;123,841525511588;353;0
vpja39;10;5908;6176;490,705388727761;126,941525511588;268;0
vpja39;10;6197;6375;479,605388727762;87,1415255115883;178;0
vpja39;10;6577;7218;77,8053887277616;-312,058474488412;641;255000
vpja39;10;7253;7433;103,105388727762;-206,558474488412;180;255000
vpja39;10;7497;7749;-209,294611272238;-206,658474488412;252;0
vpja39;10;7807;8013;96,6053887277616;-294,058474488412;206;255000
vpja39;10;8105;8372;407,405388727762;349,841525511588;267;255
vpja39;10;8422;8645;191,905388727762;140,941525511588;223;2,55e+08
vpja39;10;8672;8932;105,405388727762;135,841525511588;260;2,55e+08
vpja39;10;8975;9213;54,5053887277617;-38,1584744884117;238;2,55e+08
vpja39;10;9235;9371;64,7053887277615;-66,4584744884118;136;2,55e+08
vpja39;10;9410;9895;93,9053887277615;-274,258474488412;485;255000
vpja39;10;9915;10000;119,905388727762;-301,758474488412;85;255000
vpja39;11;269;455;-265,2;-171,3;186;255000
vpja39;11;470;758;-283,9;-185,8;288;255000
vpja39;11;768;947;-271,2;-181,7;179;255000
vpja39;11;1028;1198;140,2;408,8;170;0
vpja39;11;1295;1439;-464,7;432,3;144;255255000
vpja39;11;1469;1926;-503,2;402,2;457;255255000
vpja39;11;1947;2068;-474;382,7;121;255255000
vpja39;11;2162;2351;392,3;285,5;189;0
vpja39;11;2393;2540;416,5;142,1;147;0
vpja39;11;2582;3039;548,8;-27,3;457;0
vpja39;11;3128;3356;-228,7;-292,8;228;255000
vpja39;11;3421;3723;-538,8;-195,9;302;0
vpja39;11;3776;4122;-589;-38,3;346;0
vpja39;11;4141;4453;-593;-68,9999999999999;312;0
vpja39;11;4473;4743;-597,5;-43,3;270;0
vpja39;11;4936;5361;-510,1;336,7;425;255255000
vpja39;11;5385;6169;-478,6;350,2;784;255255000
vpja39;11;6184;6527;-505,5;356,5;343;255255000
vpja39;11;6571;6833;-411,6;159,1;262;2,55e+08
vpja39;11;6912;7229;137,3;326,1;317;255
vpja39;11;7251;7484;103,1;297,8;233;255
vpja39;11;7509;7717;78,2;324;208;255
vpja39;11;7938;8499;-510,9;355,2;561;255255000
vpja39;11;8511;9212;-516,4;350,5;701;255255000
vpja39;11;9280;9417;-396,2;-79,4;137;2,55e+08
vpja39;11;9449;9725;-312,9;-193,7;276;255000
vpja39;11;9757;10000;-228,3;-281,1;243;255000
vpja39;12;277;419;-24,9;-191,5;142;255000
vpja39;12;433;629;-32,6;-214,7;196;255000
vpja39;12;684;763;193,8;-110,4;79;0
vpja39;12;801;1111;234;-357;310;0
vpja39;12;1153;1347;23,6;-359,6;194;255000
vpja39;12;1401;1698;-32,2;-242,6;297;255000
vpja39;12;1794;1900;309,1;295,1;106;255
vpja39;12;1928;2223;317,8;236;295;255
vpja39;12;2315;2511;-456,1;237;196;255255000
vpja39;12;2538;2750;-444,6;165,7;212;255255000
vpja39;12;2779;2942;-440,1;64,1999999999999;163;0
vpja39;12;3011;3225;63,5999999999999;85,6;214;2,55e+08
vpja39;12;3285;3490;485,3;57,9;205;0
vpja39;12;3698;3839;-44,3;-250,9;141;255000
vpja39;12;3864;4732;-34,9;-268,6;868;255000
vpja39;12;4819;4991;-545,6;-175,8;172;0
vpja39;12;5015;5377;-527,1;-173,3;362;0
vpja39;12;5583;5767;-11,1;-278,6;184;255000
vpja39;12;5789;6125;-34,3;-257,4;336;255000
vpja39;12;6161;6327;-18,6;-174,1;166;255000
vpja39;12;6378;6655;-33,1;-17,1;277;2,55e+08
vpja39;12;6696;6971;-16,2;-256,4;275;255000
vpja39;12;6991;7242;-43;-246,5;251;255000
vpja39;12;7266;7460;-23,9;-209,6;194;255000
vpja39;12;7497;7819;134,2;-336,9;322;0
vpja39;12;7865;8156;291,5;-441,6;291;0
vpja39;12;8189;8674;378,2;-418,9;485;0
vpja39;12;8730;8991;33,9;-368,1;261;0
vpja39;12;9040;9311;-59,8;-301,7;271;255000
vpja39;12;9335;9624;-53,5;-259,7;289;255000
vpja39;12;9646;9885;-106,9;-248,2;239;255000
vpja39;12;9901;10000;-125,2;-242,7;99;0
vpja39;13;194;287;48,1053887277616;-127,458474488412;93;2,55e+08
vpja39;13;314;485;66,3053887277616;-183,558474488412;171;255000
vpja39;13;501;673;63,3053887277616;-196,158474488412;172;255000
vpja39;13;737;1016;333,705388727761;238,041525511588;279;255
vpja39;13;1040;1228;320,805388727762;158,041525511588;188;255
vpja39;13;1316;1624;-498,594611272238;203,841525511588;308;255255000
vpja39;13;1662;2129;-432,694611272238;-39,9584744884118;467;0
vpja39;13;2153;2457;-398,094611272238;-85,6584744884117;304;0
vpja39;13;2483;2901;-367,594611272238;-34,4584744884118;418;0
vpja39;13;2953;3225;-465,594611272238;172,341525511588;272;255255000
vpja39;13;3261;3324;-587,194611272238;132,941525511588;63;0
vpja39;13;3395;3641;81,7053887277615;-204,258474488412;246;255000
vpja39;13;3674;3819;157,505388727762;-223,658474488412;145;0
vpja39;13;3865;4158;476,005388727762;-208,558474488412;293;0
vpja39;13;4220;4530;76,4053887277615;-228,458474488412;310;255000
vpja39;13;4586;4795;68,8053887277616;-37,8584744884117;209;2,55e+08
vpja39;13;4822;5032;18,8053887277616;-5,75847448841171;210;2,55e+08
vpja39;13;5079;5501;81,2053887277615;-205,358474488412;422;255000
vpja39;13;5595;5912;382,305388727762;252,541525511588;317;255
vpja39;13;5933;6132;383,705388727761;197,741525511588;199;255
vpja39;13;6191;6326;497,805388727762;-100,858474488412;135;0
vpja39;13;6377;6766;601,805388727762;-322,358474488412;389;0
vpja39;13;6888;7223;-463,794611272238;-334,958474488412;335;0
vpja39;13;7254;7777;-356,894611272238;-279,258474488412;523;0
vpja39;13;7987;8353;112,105388727762;-228,258474488412;366;255000
vpja39;13;8365;8720;118,005388727762;-238,558474488412;355;255000
vpja39;13;8733;9456;93,9053887277615;-225,358474488412;723;255000
vpja39;13;9520;9785;123,705388727761;118,041525511588;265;2,55e+08
vpja39;13;9830;10000;-109,494611272238;113,541525511588;170;2,55e+08
vpja39;14;245;376;-246,594611272238;-207,258474488412;131;255000
vpja39;14;396;587;-233,094611272238;-214,858474488412;191;255000
vpja39;14;596;1036;-231,394611272238;-214,458474488412;440;255000
vpja39;14;1089;1269;-504,094611272238;-269,458474488412;180;0
vpja39;14;1290;1588;-485,394611272238;-308,058474488412;298;0
vpja39;14;1618;1853;-547,094611272238;-362,358474488412;235;0
vpja39;14;1889;2251;-589,894611272238;-262,558474488412;362;0
vpja39;14;2303;2536;-631,594611272238;-104,058474488412;233;0
vpja39;14;2750;2870;435,905388727762;-87,7584744884117;120;0
vpja39;14;2905;3116;605,205388727761;-207,258474488412;211;0
vpja39;14;3141;3521;607,705388727761;-278,158474488412;380;0
vpja39;14;3573;3692;342,105388727762;-83,0584744884117;119;0
vpja39;14;3720;4073;273,605388727762;-148,958474488412;353;0
vpja39;14;4130;4271;241,105388727762;112,241525511588;141;0
vpja39;14;4450;4580;-284,794611272238;243,641525511588;130;0
vpja39;14;4607;4924;-268,594611272238;163,141525511588;317;255255000
vpja39;14;5026;5316;446,505388727762;350,441525511588;290;0
vpja39;14;5349;5663;589,005388727762;366,641525511588;314;0
vpja39;14;5898;6179;10,9053887277615;-297,458474488412;281;0
vpja39;14;6208;6391;69,4053887277615;-237,058474488412;183;0
vpja39;14;6425;7168;81,2053887277615;-322,658474488412;743;0
vpja39;14;7220;7362;-237,094611272238;-249,458474488412;142;255000
vpja39;14;7387;7933;-245,694611272238;-196,958474488412;546;255000
vpja39;14;7970;8303;-124,294611272238;-167,958474488412;333;0
vpja39;14;8343;8656;-283,694611272238;-203,158474488412;313;255000
vpja39;14;8674;8781;-257,394611272238;-177,058474488412;107;255000
vpja39;14;8855;9075;-616,894611272238;126,041525511588;220;0
vpja39;14;9106;9295;-607,494611272238;24,7415255115883;189;0
vpja39;14;9322;9606;-522,894611272238;-90,6584744884117;284;0
vpja39;14;9647;9955;-330,694611272238;-233,258474488412;308;255000
vpja39;15;197;450;6,40000000000009;-113,9;253;255000
vpja39;15;958;1142;-489,8;181,9;184;0
vpja39;15;1165;1382;-544,1;163,2;217;255255000
vpja39;15;1435;1621;-277,1;-76,1;186;0
vpja39;15;1658;1837;-112,5;-210,3;179;0
vpja39;15;1862;1968;-106;-277,9;106;0
vpja39;15;2021;2199;296;-273,2;178;0
vpja39;15;2223;2715;332,2;-254,4;492;0
vpja39;15;2805;3090;502,3;107,6;285;0
vpja39;15;3160;3268;7,90000000000009;5,90000000000009;108;2,55e+08
vpja39;15;3297;3520;21,1;-107,5;223;255000
vpja39;15;3566;3727;44;146,7;161;2,55e+08
vpja39;15;3747;3856;33,9000000000001;108,5;109;2,55e+08
vpja39;15;3905;4296;-6;-103,7;391;255000
vpja39;15;4319;4586;1,10000000000002;-73,9;267;255000
vpja39;15;4609;4881;-6,19999999999993;-124,1;272;255000
vpja39;15;4903;5061;31,9000000000001;-113,8;158;255000
vpja39;15;5136;5264;-37;234,8;128;255
vpja39;15;5288;5692;1,90000000000009;205;404;2,55e+08
vpja39;15;5740;6066;-86,9;307,8;326;255
vpja39;15;6091;6529;-79;254,7;438;255
vpja39;15;6603;6748;183,2;549,8;145;NA
vpja39;15;6772;6904;161,1;512,4;132;NA
vpja39;15;6953;7204;-73;364,8;251;255
vpja39;15;7231;7751;-78,1999999999999;292,6;520;255
vpja39;15;7793;7976;-71,1999999999999;157,6;183;2,55e+08
vpja39;15;8009;8211;22,6;58,2;202;2,55e+08
vpja39;15;8419;8611;-516,7;139,2;192;255255000
vpja39;15;8681;8922;27,9000000000001;-196,3;241;255000
vpja39;15;8948;9202;59,9000000000001;-243,8;254;255000
vpja39;15;9247;9763;-161,2;-300,5;516;0
vpja39;15;9778;10000;-157,3;-340,7;222;0
vpja39;16;7;233;-33,0946112722385;20,5415255115882;226;2,55e+08
vpja39;16;280;410;-66,7946112722384;-331,858474488412;130;255000
vpja39;16;432;789;-50,8946112722384;-365,358474488412;357;255000
vpja39;16;802;980;-19,1946112722384;-368,158474488412;178;255000
vpja39;16;1049;1319;-366,694611272238;-279,458474488412;270;0
vpja39;16;1364;1662;-45,5946112722385;-364,658474488412;298;255000
vpja39;16;1720;1974;358,405388727762;-208,958474488412;254;0
vpja39;16;2027;2242;316,105388727762;-40,1584744884117;215;0
vpja39;16;2333;2495;-432,194611272238;-80,8584744884117;162;0
vpja39;16;2531;2877;-433,994611272238;-237,158474488412;346;0
vpja39;16;2907;3297;-527,094611272238;-288,958474488412;390;0
vpja39;16;3358;3598;-575,294611272238;-62,4584744884118;240;0
vpja39;16;3690;3820;-209,594611272238;328,341525511588;130;0
vpja39;16;3891;4150;420,505388727762;337,941525511588;259;0
vpja39;16;4175;4312;374,105388727762;393,641525511588;137;255
vpja39;16;4393;4527;3,60538872776158;-366,358474488412;134;255000
vpja39;16;4553;4936;-48,7946112722384;-389,358474488412;383;255000
vpja39;16;4991;5377;-354,894611272238;-340,758474488412;386;0
vpja39;16;5421;5663;-443,994611272238;-383,558474488412;242;0
vpja39;16;5694;5908;-543,394611272238;-404,458474488412;214;0
vpja39;16;5977;6282;-394,794611272238;-80,3584744884117;305;0
vpja39;16;6313;6691;-287,594611272238;-53,8584744884117;378;0
vpja39;16;6762;7084;277,605388727762;-53,6584744884117;322;0
vpja39;16;7113;7287;331,705388727761;-23,2584744884117;174;0
vpja39;16;7328;7673;247,005388727762;-234,258474488412;345;0
vpja39;16;7712;8109;353,805388727762;-309,558474488412;397;0
vpja39;16;8247;8612;565,005388727762;-226,558474488412;365;0
vpja39;16;8665;8898;614,705388727761;-37,0584744884118;233;0
vpja39;16;8964;9140;403,305388727762;205,241525511588;176;0
vpja39;16;9234;9407;-413,194611272238;208,741525511588;173;0
vpja39;16;9433;9662;-395,794611272238;106,341525511588;229;0
vpja39;16;9713;9856;-459,494611272238;-80,5584744884117;143;0
vpja39;16;9888;10000;-562,494611272238;-132,058474488412;112;0
vpja39;17;212;307;-8,69999999999993;-159,6;95;2,55e+08
vpja39;17;336;738;-40,5;-253,1;402;0
vpja39;17;794;1029;256,3;-1,29999999999995;235;0
vpja39;17;1057;1417;154,3;88,3000000000001;360;0
vpja39;17;1461;1640;366,1;77,2;179;0
vpja39;17;1674;1915;406,6;-14,0999999999999;241;0
vpja39;17;1962;2189;445,4;-211,9;227;0
vpja39;17;2257;2456;-45,4;-237;199;0
vpja39;17;2475;2670;-73,5;-238,3;195;0
vpja39;17;2735;3080;-147,9;71,7;345;0
vpja39;17;3117;3274;-183,9;-175,4;157;0
vpja39;17;3313;3561;-50,6999999999999;-259,4;248;0
vpja39;17;3636;3795;343,1;35,4000000000001;159;0
vpja39;17;3830;4125;419,6;-17,0999999999999;295;0
vpja39;17;4161;4512;535,4;-15,9;351;0
vpja39;17;4570;4870;254;-365,6;300;0
vpja39;17;4898;5089;268,9;-314,9;191;0
vpja39;17;5134;5359;263,9;-118;225;0
vpja39;17;5523;5786;-459,5;-71,4999999999999;263;0
vpja39;17;5837;6119;-242;-76,4;282;255
vpja39;17;6186;6383;-288,8;296,3;197;0
vpja39;17;6439;6961;-357,7;444,7;522;0
vpja39;17;6981;7204;-333,8;420,9;223;0
vpja39;17;7225;7440;-346,9;428,6;215;0
vpja39;17;7504;7632;-155,7;114,5;128;0
vpja39;17;7678;8082;-79,8;-3,89999999999998;404;255255000
vpja39;17;8120;8477;-32,9;-251,4;357;0
vpja39;17;8494;9045;-50,8;-249,1;551;0
vpja39;17;9141;9386;-582,3;70,5;245;0
vpja39;17;9411;9551;-614,1;3,10000000000002;140;0
vpja39;17;9600;9864;-562,6;-159,3;264;0
vpja39;17;9903;10000;-549,5;-356,9;97;0
vpja39;18;58;188;21,2053887277616;-13,6584744884117;130;255255000
vpja39;18;239;384;-75,8946112722384;-196,858474488412;145;255000
vpja39;18;397;915;-96,5946112722385;-183,458474488412;518;255000
vpja39;18;991;1197;-490,894611272238;135,241525511588;206;255
vpja39;18;1228;1562;-526,694611272238;87,3415255115883;334;255
vpja39;18;1585;1766;-465,294611272238;97,5415255115882;181;255
vpja39;18;1810;1985;-369,094611272238;279,641525511588;175;2,55e+08
vpja39;18;2030;2364;-171,694611272238;95,8415255115883;334;2,55e+08
vpja39;18;2388;2807;-251,094611272238;98,1415255115883;419;2,55e+08
vpja39;18;2905;3110;420,505388727762;-12,1584744884117;205;0
vpja39;18;3144;3470;573,905388727762;-66,1584744884117;326;0
vpja39;18;3493;3945;588,805388727762;-116,458474488412;452;0
vpja39;18;3967;4149;569,805388727762;-82,3584744884117;182;0
vpja39;18;4193;4464;535,805388727762;-326,558474488412;271;0
vpja39;18;4491;4679;450,105388727762;-355,558474488412;188;0
vpja39;18;4733;5024;96,0053887277617;-380,658474488412;291;0
vpja39;18;5208;5431;9,10538872776158;40,9415255115882;223;255255000
vpja39;18;5473;5742;-52,3946112722384;175,241525511588;269;255255000
vpja39;18;5760;5918;-43,0946112722385;148,541525511588;158;255255000
vpja39;18;5992;6213;-585,394611272238;68,4415255115882;221;0
vpja39;18;6239;6430;-624,394611272238;113,941525511588;191;0
vpja39;18;6498;6680;-505,494611272238;-185,958474488412;182;0
vpja39;18;6739;6913;-267,494611272238;-231,158474488412;174;0
vpja39;18;6952;7156;-108,294611272238;-194,658474488412;204;255000
vpja39;18;7176;7346;-119,294611272238;-170,158474488412;170;0
vpja39;18;7414;7723;263,205388727761;21,7415255115883;309;0
vpja39;18;7751;8029;351,205388727761;41,3415255115883;278;0
vpja39;18;8107;8234;526,105388727762;400,341525511588;127;0
vpja39;18;8258;8468;554,805388727762;363,241525511588;210;0
vpja39;18;8527;8699;340,705388727761;253,041525511588;172;0
vpja39;18;8758;8965;-56,1946112722384;212,241525511588;207;0
vpja39;18;9027;9256;-332,694611272238;262,841525511588;229;2,55e+08
vpja39;18;9314;9620;-134,894611272238;-92,6584744884117;306;0
vpja39;18;9675;9939;-53,3946112722384;30,9415255115882;264;255255000
vpja39;19;11;176;-15,1;-4,30000000000007;165;0
vpja39;19;205;360;38,3;-51;155;255000
vpja39;19;371;534;55,7;-39,2;163;255000
vpja39;19;582;963;269,3;110,2;381;255
vpja39;19;1009;1171;56,3;-32,9;162;255000
vpja39;19;1180;1298;60,7;-47,4;118;255000
vpja39;19;1346;1661;319,1;-152;315;0
vpja39;19;1688;2055;382,1;-149,8;367;0
vpja39;19;2085;2445;298;-150,2;360;0
vpja39;19;2505;2660;53,4000000000001;154,1;155;2,55e+08
vpja39;19;2690;2994;-2,39999999999998;195,1;304;255255000
vpja39;19;3016;3349;43,5;192,2;333;255255000
vpja39;19;3417;3574;-534,1;201,3;157;0
vpja39;19;3600;3965;-585,4;151,1;365;0
vpja39;19;4016;4167;-597,5;384,6;151;0
vpja39;19;4180;4799;-578,2;364;619;0
vpja39;19;4809;4997;-559,6;344,7;188;0
vpja39;19;5020;5288;-617;344;268;0
vpja39;19;5370;5571;-488,6;-181,5;201;0
vpja39;19;5599;5751;-429,4;-289,8;152;0
vpja39;19;5794;6265;-181,4;-286,5;471;0
vpja39;19;6433;6680;409,1;26,5;247;0
vpja39;19;6752;6843;134,2;524,3;91;NA
vpja39;19;6867;7268;155;480,8;401;NA
vpja39;19;7293;7430;204,1;479,8;137;0
vpja39;19;7498;7794;423,6;128;296;0
vpja39;19;7857;8066;489,5;-158,5;209;0
vpja39;19;8117;8524;517,8;-367,5;407;0
vpja39;19;8581;8741;140,2;-343;160;0
vpja39;19;8782;8923;1,5;-360,6;141;0
vpja39;19;8966;9232;-173,1;-379,1;266;0
vpja39;19;9252;9610;-168,3;-403;358;0
vpja39;19;9631;9794;-159,8;-367,3;163;0
vpja39;19;9850;10000;91,2;-336,1;150;0
vpja39;20;231;385;-89,8;-166,1;154;255000
vpja39;20;393;755;-97,1;-154,8;362;255000
vpja39;20;804;1123;59,0999999999999;-314,9;319;0
vpja39;20;1218;1664;-443,6;-109,3;446;0
vpja39;20;1739;2104;-475,5;263,8;365;0
vpja39;20;2144;2358;-340,3;200,7;214;0
vpja39;20;2419;2693;-228,1;397,4;274;0
vpja39;20;2729;3121;-104,7;364,4;392;0
vpja39;20;3146;3355;-158;353,3;209;0
vpja39;20;3405;3539;-301;139,3;134;255255000
vpja39;20;3571;3897;-301,8;176,3;326;0
vpja39;20;3959;4389;-427,6;-152,1;430;0
vpja39;20;4482;4580;-283;288,4;98;0
vpja39;20;4603;5020;-282,4;217,3;417;0
vpja39;20;5036;5157;-268,9;183,3;121;255255000
vpja39;20;5205;5547;-101,6;-119,9;342;2,55e+08
vpja39;20;5561;5896;-97,9;-133,7;335;255000
vpja39;20;5963;6179;2,29999999999995;177,7;216;255
vpja39;20;6254;6524;550,5;136,6;270;0
vpja39;20;6573;6766;295,1;47;193;0
vpja39;20;6823;7240;-92,6;-156,8;417;255000
vpja39;20;7260;8382;-103,5;-148,8;1122;255000
vpja39;20;8416;8648;74,8;-276,9;232;0
vpja39;20;8681;9163;119,9;-387;482;0
vpja39;20;9203;9342;-3,79999999999995;-369,8;139;0
vpja39;20;9430;9690;-373,7;-170,1;260;0
vpja39;20;9719;9936;-435;-146,7;217;0
vpja39;20;9964;10000;-446,9;-78,1;36;0
vpja39;21;178;282;22,1;-168,9;104;2,55e+08
vpja39;21;309;517;-10,6999999999999;-247,7;208;255000
vpja39;21;532;665;-33,8;-258,8;133;255000
vpja39;21;733;974;-386,3;138,5;241;0
vpja39;21;1070;1221;376,1;112,6;151;0
vpja39;21;1251;1380;285,1;114,7;129;255255000
vpja39;21;1425;1643;493;-46,6;218;0
vpja39;21;1674;1952;571;-26;278;0
vpja39;21;2017;2124;24,2;-192,6;107;2,55e+08
vpja39;21;2152;2641;-30,6999999999999;-253,5;489;255000
vpja39;21;2706;2834;-95,9;45,8;128;2,55e+08
vpja39;21;2927;2971;34,3000000000001;586,5;44;NA
vpja39;21;3002;3230;35,6;462,7;228;0
vpja39;21;3278;3413;-53,5;267,2;135;0
vpja39;21;3472;3621;-481,9;152,9;149;0
vpja39;21;3655;3820;-550,9;-12,7;165;0
vpja39;21;3868;4006;-621,6;102,4;138;0
vpja39;21;4017;4452;-619;80,1999999999999;435;0
vpja39;21;4476;4970;-591,6;57,8;494;0
vpja39;21;5002;5150;-624,8;109,4;148;0
vpja39;21;5359;5565;507,8;-249,7;206;0
vpja39;21;5600;5900;568,8;-365,1;300;0
vpja39;21;5939;6303;473,3;-283,1;364;0
vpja39;21;6340;6671;564,6;-214,5;331;0
vpja39;21;6707;6969;592,6;-119,6;262;0
vpja39;21;6995;7196;523,1;-104,6;201;0
vpja39;21;7226;7549;479,9;-10;323;0
vpja39;21;7604;7897;575,5;-337,4;293;0
vpja39;21;7987;8236;-203,9;-150,8;249;0
vpja39;21;8268;8609;-261,9;-345,3;341;0
vpja39;21;8654;8945;-13,0999999999999;-257,4;291;255000
vpja39;21;9027;9381;-386,2;-271,4;354;0
vpja39;21;9415;9935;-323,3;-253,1;520;0
vpja39;21;9970;10000;-388,7;-245,5;30;0
vpja39;22;181;312;76,8;-159,2;131;2,55e+08
vpja39;22;338;545;131,8;-181,2;207;255000
vpja39;22;561;744;142,3;-188,6;183;255000
vpja39;22;793;1113;-100,4;-339,1;320;0
vpja39;22;1205;1538;-398,8;84,9;333;255255000
vpja39;22;1591;1714;-231,5;-33,9;123;0
vpja39;22;1747;1873;-127,1;-132,9;126;0
vpja39;22;1910;2096;-85,8;-319,4;186;0
vpja39;22;2111;2776;-91,9;-341,4;665;0
vpja39;22;2856;3041;460,6;-331,3;185;0
vpja39;22;3068;3397;388,7;-314,8;329;0
vpja39;22;3435;3626;313,7;-197,7;191;0
vpja39;22;3675;3891;147,1;-177,2;216;255000
vpja39;22;3975;4066;336,2;378,8;91;255
vpja39;22;4092;4395;323,5;295,9;303;255
vpja39;22;4608;4752;-403,4;-29,1999999999999;144;0
vpja39;22;4787;5147;-472,3;-199,5;360;0
vpja39;22;5193;5432;-202,9;-229;239;0
vpja39;22;5467;5721;-92,1999999999999;-366,1;254;0
vpja39;22;5776;6150;-222,1;-261,2;374;0
vpja39;22;6208;6319;-109,9;-66,3;111;0
vpja39;22;6339;6652;-119,2;-87,2;313;0
vpja39;22;6706;6972;95,3;0,600000000000023;266;2,55e+08
vpja39;22;7050;7233;453,6;164;183;0
vpja39;22;7264;7592;414,2;78,3000000000001;328;0
vpja39;22;7677;7826;-221,2;406,1;149;0
vpja39;22;7893;8151;-599,3;457,8;258;0
vpja39;22;8181;8423;-601,8;368,2;242;0
vpja39;22;8527;8651;-206,3;-263,5;124;0
vpja39;22;8689;8942;-153,6;-377;253;0
vpja39;22;8989;9258;83,3;-359,4;269;0
vpja39;22;9286;9585;157,1;-378,7;299;0
vpja39;22;9625;9837;351,5;-345,4;212;0
vpja39;22;9862;10000;401,1;-342,9;138;0
vpja39;23;164;288;-49,1;-112,7;124;255000
vpja39;23;311;694;-78,6;-80,1;383;255000
vpja39;23;701;1418;-85,9;-76,0000000000001;717;255000
vpja39;23;1477;1760;-440,4;155,9;283;255255000
vpja39;23;1815;2049;-575,5;-92,9;234;0
vpja39;23;2067;2184;-567,4;-136,4;117;0
vpja39;23;2231;2539;-395,8;-328,3;308;0
vpja39;23;2591;3011;-436,7;-68,6;420;0
vpja39;23;3060;3224;-453,4;51,5;164;0
vpja39;23;3237;3434;-434,8;41,4;197;0
vpja39;23;3517;3743;219,1;188,1;226;0
vpja39;23;3766;4015;180,2;152;249;255
vpja39;23;4057;4348;347;81,9;291;0
vpja39;23;4364;4773;333,2;62,8;409;0
vpja39;23;4840;5011;2,30000000000007;-296;171;0
vpja39;23;5035;5220;-45,3;-326,9;185;0
vpja39;23;5274;5549;-368,1;-322,8;275;0
vpja39;23;5627;5858;85,5000000000001;127;231;0
vpja39;23;5893;6223;208,2;170,6;330;0
vpja39;23;6241;6511;189,7;140,8;270;255
vpja39;23;6559;6738;417,1;170,4;179;0
vpja39;23;6760;6954;408,9;129,9;194;0
vpja39;23;6998;7220;548,7;262,6;222;0
vpja39;23;7259;7637;604,3;50,8;378;0
vpja39;23;7757;7922;-530,6;-32,7;165;0
vpja39;23;7954;8330;-628,8;-72,9;376;0
vpja39;23;8343;8575;-645,5;-84,4;232;NA
vpja39;23;8623;8757;-462,4;-321,5;134;0
vpja39;23;8783;9181;-387,9;-348,2;398;0
vpja39;23;9236;9696;-50,9;-352,2;460;0
vpja39;23;9717;10000;-57;-320,5;283;0
vpja39;24;24;203;-30,1999999999999;-16,3;179;0
vpja39;24;251;479;15,9000000000001;-319,7;228;255000
vpja39;24;490;866;-6,5;-324,5;376;0
vpja39;24;925;1127;-372,2;-268,3;202;0
vpja39;24;1166;1276;-213,5;-212,4;110;0
vpja39;24;1325;1592;-431,4;-295,4;267;0
vpja39;24;1678;2062;129,5;-355,8;384;0
vpja39;24;2107;2357;312,7;-225,6;250;0
vpja39;24;2410;2814;484,5;-146,5;404;0
vpja39;24;2888;3127;319,9;300,2;239;255255000
vpja39;24;3154;3776;350,3;341,5;622;255255000
vpja39;24;3844;3943;-81,9;126,3;99;0
vpja39;24;4001;4236;-191,7;-204,8;235;0
vpja39;24;4284;4535;80,6000000000001;-197,6;251;2,55e+08
vpja39;24;4604;4835;-443,5;-262,7;231;0
vpja39;24;4858;5134;-455,8;-316,5;276;0
vpja39;24;5159;5606;-436,6;-375,4;447;0
vpja39;24;5648;6026;-445,4;-249,9;378;0
vpja39;24;6044;6396;-424,4;-239,4;352;0
vpja39;24;6423;6694;-377,5;-318,4;271;0
vpja39;24;6735;6888;-506,7;-314;153;0
vpja39;24;6945;7016;-78,8;-360,8;71;0
vpja39;24;7063;7446;75,1000000000001;-356,9;383;255000
vpja39;24;7479;7693;166,7;-354;214;0
vpja39;24;7748;8302;214,5;-217,6;554;0
vpja39;24;8329;8545;154,3;-306,4;216;0
vpja39;24;8575;8973;173,7;-396,1;398;0
vpja39;24;9032;9319;66,3;-233;287;2,55e+08
vpja39;24;9350;9657;149,6;-203,7;307;0
vpja39;24;9683;10000;172,1;-290,6;317;0
vpja39;25;243;297;20,4;-71,1;54;0
vpja39;25;334;443;-94,6;-208,6;109;255000
vpja39;25;464;651;-77,3;-224,7;187;255000
vpja39;25;664;789;-64,9;-210,8;125;255000
vpja39;25;858;966;203,1;306,3;108;0
vpja39;25;989;1275;220,9;256,9;286;0
vpja39;25;1911;2146;-308,4;12,9000000000001;235;2,55e+08
vpja39;25;2180;2283;-201,9;-11,4;103;2,55e+08
vpja39;25;2407;2450;-75,1;266,7;43;2,55e+08
vpja39;25;2476;2528;-74,6999999999999;264,7;52;2,55e+08
vpja39;25;2539;2851;-66,4;244,9;312;2,55e+08
vpja39;25;3134;3413;-190,5;-58,4;279;2,55e+08
vpja39;25;3442;3639;-193,1;-0,799999999999955;197;2,55e+08
vpja39;25;3675;3968;-183,8;-167,2;293;2,55e+08
vpja39;25;3999;4266;-93,1999999999999;-182,4;267;255000
vpja39;25;4301;4470;-151,4;-297,5;169;255000
vpja39;25;4506;4748;-268,2;-338,1;242;0
vpja39;25;4795;5337;-472,1;-287,7;542;0
vpja39;25;5360;5613;-493,5;-262,7;253;0
vpja39;25;5666;6079;-533;-65,6;413;0
vpja39;25;6337;6633;328,7;-234,3;296;0
vpja39;25;6691;6986;399,5;-38,6999999999999;295;0
vpja39;25;7012;7304;359,1;29,1;292;0
vpja39;25;7345;7609;245;-130,8;264;0
vpja39;25;7652;7924;167,5;-20,8;272;0
vpja39;25;7974;8249;-93,6999999999999;-191,8;275;255000
vpja39;25;8306;8562;-196,5;-85,4999999999999;256;2,55e+08
vpja39;25;8588;8822;-250,6;-42,9;234;2,55e+08
vpja39;25;8847;9715;-289,7;-22,0999999999999;868;2,55e+08
vpja39;25;9756;10000;-90,4;-70,8;244;2,55e+08
vpja39;26;166;298;102,2;-78,5000000000001;132;2,55e+08
vpja39;26;321;807;96,0999999999999;-86,9;486;255000
vpja39;26;887;1111;313,9;422,3;224;0
vpja39;26;1131;1264;348,3;427,2;133;255255000
vpja39;26;1303;1780;348,3;232,2;477;0
vpja39;26;1816;1969;395,3;306,4;153;255255000
vpja39;26;2076;2307;-296,2;265,3;231;255
vpja39;26;2356;2816;-462,2;80;460;0
vpja39;26;3013;3092;-217,1;314,7;79;255
vpja39;26;3113;3593;-235,2;304;480;255
vpja39;26;3690;3794;-186,3;-158,9;104;0
vpja39;26;3823;4313;-232,7;-298,1;490;0
vpja39;26;4353;4833;-358;-314;480;0
vpja39;26;4888;5023;-479,1;-210,8;135;0
vpja39;26;5077;5523;-537,8;79,9;446;0
vpja39;26;5539;5735;-555,2;60,5;196;0
vpja39;26;5774;6113;-490,7;-133,3;339;0
vpja39;26;6197;6467;102;-22,2;270;2,55e+08
vpja39;26;6531;6706;368,3;288,4;175;0
vpja39;26;6728;7052;361,6;237,1;324;0
vpja39;26;7096;7393;329,7;434,9;297;255255000
vpja39;26;7417;7645;381,7;448,1;228;255255000
vpja39;26;7684;7937;523,5;474,7;253;0
vpja39;26;7960;8303;556,3;481,8;343;NA
vpja39;26;8462;8726;129,4;-100;264;255000
vpja39;26;8741;8952;112,2;-109,4;211;255000
vpja39;26;9024;9248;490,9;-389,5;224;0
vpja39;26;9310;9442;103;-226,4;132;0
vpja39;26;9472;9972;109,7;-130,6;500;255000
