vp;trial;timest;timeend;x;y;duration;roi
vpja70;1;290;490;-103,7;-150,5;200;255000
vpja70;1;502;1064;-122,1;-167,7;562;255000
vpja70;1;1103;1235;-73,3000000000001;-70,0999999999999;132;2,55e+08
vpja70;1;1278;1407;16,3;120,7;129;255255000
vpja70;1;1466;1654;-316,1;169,8;188;255
vpja70;1;1676;1875;-278,2;182;199;255
vpja70;1;1894;2012;-314,9;200,5;118;0
vpja70;1;2053;2245;-473,7;261,2;192;0
vpja70;1;2291;2442;-168,1;370,2;151;0
vpja70;1;2487;2671;-13,5;169,6;184;255255000
vpja70;1;2694;2812;-4,90000000000009;140,1;118;255255000
vpja70;1;2985;3073;-48;108,3;88;2,55e+08
vpja70;1;3117;3269;-307,9;175;152;0
vpja70;1;3312;3558;-441,2;17,6;246;0
vpja70;1;3591;3854;-430,2;-77,5999999999999;263;0
vpja70;1;3875;4163;-458,6;-90,8;288;0
vpja70;1;4193;4342;-381,6;-15,5999999999999;149;0
vpja70;1;4389;4499;-467,7;236;110;0
vpja70;1;4538;4686;-303,3;199,2;148;0
vpja70;1;4732;4938;-172,8;362,8;206;0
vpja70;1;4961;5304;-241;378,7;343;0
vpja70;1;5345;5497;-314,9;169,4;152;255
vpja70;1;5518;5721;-265,8;169,6;203;0
vpja70;1;5764;5884;-102,4;66,2;120;2,55e+08
vpja70;1;5929;6135;-110,8;-154;206;255000
vpja70;1;6146;6511;-130,2;-146,8;365;255000
vpja70;1;6558;6700;82,5999999999999;-215,4;142;0
vpja70;1;6726;6918;108,8;-302,5;192;0
vpja70;1;6952;7058;189,7;-366,4;106;0
vpja70;1;7115;7389;426,5;-16,9;274;0
vpja70;1;7434;7724;618;62,9000000000001;290;0
vpja70;1;7738;8040;627;99;302;0
vpja70;1;8110;8297;-31;168,8;187;255255000
vpja70;1;8344;8574;-199,8;355,2;230;0
vpja70;1;8599;8864;-251,7;397,8;265;0
vpja70;1;8902;9137;-118,4;341,5;235;0
vpja70;1;9157;9360;-162,8;342,9;203;0
vpja70;1;9377;9746;-150,1;315,8;369;0
vpja70;1;9773;10000;-67,6;323,6;227;0
vpja70;2;294;393;-265,8;109,8;99;255255000
vpja70;2;490;723;-457,7;-150,4;233;255000
vpja70;2;738;1005;-443,4;-136,6;267;255000
vpja70;2;1042;1203;-241,4;-74,3;161;0
vpja70;2;1245;1445;-74,4;-236,8;200;0
vpja70;2;1471;1660;-145;-272,9;189;0
vpja70;2;1704;1904;59,4000000000001;-386,7;200;0
vpja70;2;1925;2134;67,7;-424,7;209;0
vpja70;2;2156;2234;33,9000000000001;-389,6;78;0
vpja70;2;2294;2487;499,7;-255,9;193;0
vpja70;2;2515;2722;566,1;-136,2;207;0
vpja70;2;2792;3078;4;-2;286;255
vpja70;2;3106;3269;21;71,8000000000001;163;255
vpja70;2;3313;3668;-249;104,3;355;255255000
vpja70;2;3705;3890;-260,1;-29,5;185;0
vpja70;2;3934;4201;-460,4;-161,1;267;255000
vpja70;2;4413;4666;-0,0999999999999091;-2,89999999999998;253;255
vpja70;2;4714;5045;-263,6;111,8;331;255255000
vpja70;2;5072;5494;-182,1;142,9;422;255255000
vpja70;2;5539;5626;-396,7;130,5;87;255255000
vpja70;2;5671;5818;-467,3;-108,4;147;255000
vpja70;2;5841;6169;-443,7;-151,6;328;255000
vpja70;2;6227;6545;15,3000000000001;14,5;318;255
vpja70;2;6566;6966;27,8000000000001;-29,5;400;255
vpja70;2;6979;7536;42,2;-10,8;557;255
vpja70;2;7555;7693;4,30000000000007;3,5;138;255
vpja70;2;7741;7968;-260,1;106,1;227;255255000
vpja70;2;7997;8301;-178,9;119,2;304;255255000
vpja70;2;8931;9089;-467,1;-128,9;158;255000
vpja70;2;9109;9266;-440,4;-129,3;157;255000
vpja70;2;9315;9478;-118,3;-191,2;163;0
vpja70;2;9505;9709;-178,7;-263,7;204;0
vpja70;2;9748;9942;-12,5999999999999;-255,2;194;0
vpja70;3;244;407;-93,4;-161,7;163;255000
vpja70;3;455;646;111,1;51,3;191;0
vpja70;3;1245;1432;102,3;80,8;187;255
vpja70;3;1451;1607;63,5;83,1;156;0
vpja70;3;1659;1844;-89,1999999999999;-174,3;185;255000
vpja70;3;1863;2138;-98,6999999999999;-213,7;275;255000
vpja70;3;2189;2479;107;61,4;290;255
vpja70;3;2526;2677;-79,1999999999999;-162,7;151;255000
vpja70;3;2699;3118;-89,4;-206,2;419;255000
vpja70;3;3131;3411;-96,8;-185,3;280;255000
vpja70;3;3442;3613;-179,7;-55,8000000000001;171;2,55e+08
vpja70;3;3648;3837;-317,7;101,7;189;255255000
vpja70;3;3859;4033;-372,3;115,3;174;0
vpja70;3;6190;6273;-300,3;122,5;83;0
vpja70;3;6351;6420;-301,4;123,3;69;0
vpja70;3;6475;6669;64,3000000000001;103,3;194;255
vpja70;3;6691;6888;92,6;81,4;197;255
vpja70;3;7163;7290;371,3;-45,6;127;0
vpja70;3;7311;7535;339,5;-72,5;224;0
vpja70;3;7552;7676;352,1;-88,8000000000001;124;0
vpja70;3;7738;8009;-97,9;-187,7;271;255000
vpja70;3;8060;8264;104;46,5;204;0
vpja70;3;8281;8647;89,1;75,3;366;255
vpja70;3;8657;8916;102,8;86,3;259;255
vpja70;3;9802;9924;593,2;-81,6;122;0
vpja70;3;9959;10000;626,4;-224,6;41;0
vpja70;4;334;362;-353,2;144,1;28;255
vpja70;4;860;1097;273,7;128,3;237;255255000
vpja70;4;1116;1279;309;136,1;163;255255000
vpja70;4;1339;1562;28,8;-284,9;223;255000
vpja70;4;1579;1843;1,89999999999998;-289,2;264;255000
vpja70;4;1862;2127;20,7;-308;265;255000
vpja70;4;2149;2453;11,8;-263,9;304;255000
vpja70;4;2486;2651;1,39999999999998;-114,7;165;2,55e+08
vpja70;4;2703;2928;168,6;-371,3;225;0
vpja70;4;2947;3096;197,1;-371;149;0
vpja70;4;3142;3399;-59,5;-397,3;257;0
vpja70;4;3453;3737;-303,9;-151,3;284;0
vpja70;4;3783;4103;-470,9;-58;320;0
vpja70;4;4148;4350;-357,5;118;202;0
vpja70;4;4395;4584;-516,8;224,9;189;0
vpja70;4;4638;4851;-112,7;293,9;213;0
vpja70;4;4904;5023;198,9;233,1;119;0
vpja70;4;5088;5319;289;-132,8;231;0
vpja70;4;5371;5607;544,2;11,1;236;0
vpja70;4;5645;5819;542,4;203,8;174;0
vpja70;4;5849;5957;524,1;317,4;108;0
vpja70;4;6007;6194;305,1;155,3;187;255255000
vpja70;4;6214;6329;264,1;138;115;255255000
vpja70;4;6386;6563;26,2;-257,4;177;255000
vpja70;4;6584;6847;0,399999999999977;-289,8;263;255000
vpja70;4;6860;7121;5,70000000000005;-311;261;255000
vpja70;4;7301;7467;21,7;-317,8;166;255000
vpja70;4;7508;7756;1,5;-107,3;248;2,55e+08
vpja70;4;7811;7995;-381,7;102,8;184;0
vpja70;4;8016;8367;-357;120,6;351;0
vpja70;4;8482;8560;-359,5;120,2;78;0
vpja70;4;8581;9157;-358,2;122,5;576;0
vpja70;4;9165;9472;-365,2;136,2;307;0
vpja70;4;9486;9837;-347,3;136,3;351;255
vpja70;4;9848;10000;-365,7;137,4;152;0
vpja70;5;191;401;-118,1;-90;210;255000
vpja70;5;448;587;143,7;57,4;139;255
vpja70;5;659;1004;-497,9;163,5;345;0
vpja70;5;1016;1222;-491,4;141,4;206;255255000
vpja70;5;1283;1517;174,6;81,9;234;255
vpja70;5;1543;1781;241,6;90,4;238;0
vpja70;5;1809;1984;129,6;114;175;255
vpja70;5;2035;2203;-104,3;-149,1;168;255000
vpja70;5;2220;2640;-124,7;-131,3;420;255000
vpja70;5;2651;3012;-118,2;-133,4;361;255000
vpja70;5;3019;3265;-131,6;-127,8;246;255000
vpja70;5;3282;3555;-124,2;-119,4;273;255000
vpja70;5;3570;4056;-129,4;-134;486;255000
vpja70;5;4063;4216;-122,5;-121,4;153;255000
vpja70;5;4277;4571;-461,8;145,4;294;255255000
vpja70;5;4623;4824;-139,7;278,5;201;2,55e+08
vpja70;5;5010;5332;-97,9;92,3;322;2,55e+08
vpja70;5;5393;5658;-482,2;153,2;265;255255000
vpja70;5;5711;5925;-480,6;-182,4;214;0
vpja70;5;5974;6098;-437,4;-426,3;124;0
vpja70;5;6148;6317;-55,5;-398,8;169;0
vpja70;5;6384;6519;391,3;8,59999999999991;135;0
vpja70;5;6542;6803;321,7;-7,10000000000002;261;0
vpja70;5;6836;7030;355,1;118,2;194;0
vpja70;5;7075;7308;554,2;148;233;0
vpja70;5;7374;7585;-45,8;79,5999999999999;211;2,55e+08
vpja70;5;7805;8146;-488,1;155,3;341;255255000
vpja70;5;8170;8525;-452,7;153,5;355;255255000
vpja70;5;8897;9178;118;117,3;281;255
vpja70;5;9204;9452;225,7;98,1999999999999;248;255
vpja70;5;9501;9775;-39,5;207,1;274;0
vpja70;6;216;326;24,9;-213,1;110;2,55e+08
vpja70;6;348;553;16,8;-265,6;205;255000
vpja70;6;566;878;20,1999999999999;-287,7;312;255000
vpja70;6;891;1147;27,1999999999999;-265,5;256;255000
vpja70;6;1204;1339;-309,1;35,4;135;0
vpja70;6;1367;1516;-337,2;95,0999999999999;149;255255000
vpja70;6;1586;1748;288;121;162;255
vpja70;6;1836;2035;-593,7;51,5;199;0
vpja70;6;2057;2352;-635;68;295;0
vpja70;6;2395;2610;-371,6;99,8;215;255255000
vpja70;6;2632;2804;-332,8;115,4;172;255255000
vpja70;6;3923;3963;502,1;-33,5;40;0
vpja70;6;3974;4023;494,7;-13,4000000000001;49;0
vpja70;6;4060;4354;311;105,5;294;0
vpja70;6;4368;4705;280,6;122,5;337;255
vpja70;6;4718;5211;294,1;129,9;493;255
vpja70;6;5254;5481;488,1;185,6;227;0
vpja70;6;5518;5690;320,2;136,3;172;0
vpja70;6;5753;5935;19,0999999999999;-246,6;182;255000
vpja70;6;5959;6370;23,4;-289,3;411;255000
vpja70;6;6385;6773;31,1999999999999;-259,8;388;255000
vpja70;6;6786;7040;26,9;-286,3;254;255000
vpja70;6;7054;7396;43,1999999999999;-283,7;342;255000
vpja70;6;7408;7679;25,9;-279,7;271;255000
vpja70;6;7694;7814;45,1999999999999;-277,2;120;255000
vpja70;6;7869;8050;-282,6;56,6999999999999;181;255255000
vpja70;6;8075;8297;-342,2;79,5;222;255255000
vpja70;6;8998;9026;-317,9;89;28;255255000
vpja70;6;9039;9330;-344,6;79,9;291;255255000
vpja70;6;9340;9456;-348;64,5;116;255255000
vpja70;6;9518;9786;42,1999999999999;-278,8;268;255000
vpja70;6;9799;9999;20,9;-278,8;200;255000
vpja70;7;199;327;-293,705882352941;-156,820069204152;128;255000
vpja70;7;387;579;184,994117647059;254,379930795848;192;0
vpja70;7;606;737;144,394117647059;303,379930795848;131;255
vpja70;7;809;1283;-533,105882352941;374,279930795848;474;255255000
vpja70;7;1304;1512;-494,805882352941;365,479930795848;208;255255000
vpja70;7;1529;1817;-523,505882352941;374,879930795848;288;255255000
vpja70;7;1837;1921;-496,005882352941;392,379930795848;84;255255000
vpja70;7;1995;2234;-581,205882352941;-168,820069204152;239;0
vpja70;7;2259;2437;-553,205882352941;-228,720069204152;178;0
vpja70;7;2477;2655;-346,605882352941;-225,920069204152;178;255000
vpja70;7;2680;3141;-294,605882352941;-183,120069204152;461;255000
vpja70;7;3159;3319;-269,405882352941;-205,320069204152;160;255000
vpja70;7;3398;3641;422,094117647059;79,2799307958477;243;0
vpja70;7;3731;3868;-457,905882352941;-191,220069204152;137;255000
vpja70;7;3896;4206;-564,905882352941;-192,320069204152;310;0
vpja70;7;4250;4629;-280,505882352941;-220,520069204152;379;255000
vpja70;7;4715;5024;537,994117647059;-71,1200692041523;309;0
vpja70;7;5064;5267;413,194117647059;100,079930795848;203;0
vpja70;7;5286;5407;427,994117647059;123,979930795848;121;0
vpja70;7;5452;5733;135,794117647059;266,779930795848;281;255
vpja70;7;5755;6462;107,394117647059;297,979930795848;707;255
vpja70;7;6488;6795;125,594117647059;235,679930795848;307;255
vpja70;7;6866;7171;-313,205882352941;-149,320069204152;305;255000
vpja70;7;7426;7525;-497,805882352941;484,679930795848;99;NA
vpja70;7;7580;7859;-535,105882352941;338,879930795848;279;255255000
vpja70;7;7882;8140;-499,305882352941;363,779930795848;258;255255000
vpja70;7;8154;8290;-523,305882352941;362,379930795848;136;255255000
vpja70;7;8362;8670;137,394117647059;296,679930795848;308;255
vpja70;7;8697;9367;127,794117647059;235,579930795848;670;255
vpja70;7;9385;9506;90,094117647059;248,279930795848;121;255
vpja70;7;9569;9831;-503,805882352941;371,179930795848;262;255255000
vpja70;7;9908;10000;-510,605882352941;-259,420069204152;92;0
vpja70;8;214;300;77,0999999999999;-236;86;2,55e+08
vpja70;8;329;642;66,8;-333,8;313;255000
vpja70;8;879;1043;-139,7;9,09999999999991;164;255
vpja70;8;1070;1452;-166,1;67,5;382;255
vpja70;8;1479;1620;-72,1;6,69999999999993;141;255
vpja70;8;1672;1838;322,3;97,5999999999999;166;255255000
vpja70;8;1872;2057;429,4;58,0999999999999;185;0
vpja70;8;2074;2495;434,5;33,4;421;255255000
vpja70;8;2548;2669;182;56,1999999999999;121;0
vpja70;8;2727;2926;-115,3;35,5;199;255
vpja70;8;3521;3611;90,8;-317,8;90;255000
vpja70;8;3634;3899;65,9;-338,7;265;255000
vpja70;8;3932;4149;70,8;-197,5;217;2,55e+08
vpja70;8;4196;4434;-135,9;-8;238;255
vpja70;8;4899;4937;-204,5;76,9;38;255
vpja70;8;4997;5114;62,8;-264,6;117;2,55e+08
vpja70;8;5142;5547;68,5;-338,9;405;255000
vpja70;8;5572;5792;100,6;-257,2;220;2,55e+08
vpja70;8;5818;6101;104;-179,1;283;2,55e+08
vpja70;8;6119;6376;119,5;-163,4;257;2,55e+08
vpja70;8;6404;6635;83,3999999999999;-267,7;231;2,55e+08
vpja70;8;6661;6956;69,1999999999999;-331,4;295;255000
vpja70;8;7030;7249;-521,4;30,0999999999999;219;0
vpja70;8;7300;7375;-197,3;77;75;255
vpja70;8;7884;8046;-13,7;141,6;162;0
vpja70;8;8102;8344;-463,9;195,1;242;0
vpja70;8;8371;8509;-605,8;247,7;138;0
vpja70;8;8595;8782;421,7;215,7;187;0
vpja70;8;8823;8977;551,1;142,1;154;0
vpja70;9;86;200;5,69999999999993;-2,09999999999991;114;0
vpja70;9;252;368;-11,4000000000001;-298,9;116;2,55e+08
vpja70;9;393;669;-11,1;-358,7;276;255000
vpja70;9;679;916;-1,90000000000009;-345,8;237;255000
vpja70;9;981;1166;255,9;147,7;185;0
vpja70;9;1222;1447;-50,4000000000001;157,3;225;2,55e+08
vpja70;9;1470;1681;-79,5;156,7;211;2,55e+08
vpja70;9;1726;1851;-337,8;126;125;255255000
vpja70;9;1918;2120;-451,6;-262,1;202;0
vpja70;9;2157;2330;-362,9;-365,5;173;0
vpja70;9;2379;2545;24,6999999999999;-350,3;166;0
vpja70;9;2564;2738;-3,5;-343,4;174;255000
vpja70;9;2781;2967;132,9;-238;186;0
vpja70;9;3007;3191;-13,7;-343,3;184;255000
vpja70;9;3211;3491;-0,200000000000045;-341,6;280;255000
vpja70;9;3530;3851;-12,7;-133,1;321;2,55e+08
vpja70;9;3890;4108;-88,1;25,1;218;2,55e+08
vpja70;9;4141;4381;-64,5;143,9;240;2,55e+08
vpja70;9;4396;4559;-80,8000000000001;160,6;163;2,55e+08
vpja70;9;4612;4829;331,4;236,7;217;255
vpja70;9;4855;5039;375,9;316,8;184;255
vpja70;9;5098;5268;496,4;-77,9;170;0
vpja70;9;5296;5515;503,5;-157,9;219;0
vpja70;9;5584;5793;372,7;-145,8;209;0
vpja70;9;5815;6003;400,2;-106,6;188;0
vpja70;9;6086;6295;-348,7;125,8;209;255255000
vpja70;9;6369;6406;-484,9;-108,8;37;0
vpja70;9;6449;6634;-425,3;-250,6;185;0
vpja70;9;6675;6914;-479,5;-317;239;0
vpja70;9;6940;7237;-541,8;-376,6;297;0
vpja70;9;7280;7579;-348,4;-379,4;299;0
vpja70;9;7606;7842;-440,1;-442;236;0
vpja70;9;7861;8276;-472;-452,6;415;0
vpja70;9;8288;8521;-491,4;-444,7;233;0
vpja70;9;8588;8803;110;-370;215;0
vpja70;9;8837;9041;212,8;-388,6;204;0
vpja70;9;9076;9213;55,3;-284,2;137;0
vpja70;9;9238;9435;-8,30000000000007;-330,5;197;255000
vpja70;9;9482;9643;-53,3000000000001;-56,6999999999999;161;2,55e+08
vpja70;9;9683;10000;-50,2;155,3;317;2,55e+08
vpja70;10;202;316;23,7;-259,5;114;255000
vpja70;10;338;649;-26,9;-316,1;311;255000
vpja70;10;670;920;-25,0999999999999;-272,8;250;255000
vpja70;10;990;1196;-511,7;177,9;206;255
vpja70;10;1227;1353;-559,2;286;126;255
vpja70;10;1435;1652;320,2;336,2;217;0
vpja70;10;1696;1830;371,2;144,5;134;0
vpja70;10;1914;2181;-355,4;-196,8;267;0
vpja70;10;2214;2398;-216,3;-179,1;184;0
vpja70;10;2443;2723;-203,6;-371,5;280;0
vpja70;10;2776;3016;-398,9;-175,9;240;0
vpja70;10;3270;3567;405,5;201,4;297;0
vpja70;10;3638;3805;-174,9;338,2;167;0
vpja70;10;3856;4068;-440;278,1;212;0
vpja70;10;4109;4432;-506,6;197,2;323;255
vpja70;10;4948;5075;553;-260,2;127;0
vpja70;10;5129;5278;607,2;-481,8;149;NA
vpja70;10;5348;5513;37,3000000000001;-327,9;165;255000
vpja70;10;5541;5687;-38,4;-269,2;146;255000
vpja70;10;5758;5982;-526,6;175,7;224;255
vpja70;10;6020;6459;-571;254,5;439;0
vpja70;10;6486;6612;-538,6;352,2;126;255
vpja70;10;6679;7038;195,8;376,6;359;255255000
vpja70;10;7062;7168;243,7;338,9;106;255255000
vpja70;10;7571;7750;-553,3;250,2;179;255
vpja70;10;7822;8052;-28,5;-284,4;230;255000
vpja70;10;8076;8615;-9,09999999999991;-334,6;539;255000
vpja70;10;8643;8933;-27,3;-251,9;290;255000
vpja70;10;8976;9225;85,1000000000001;-55,5;249;2,55e+08
vpja70;10;9253;9393;137,9;18,7;140;2,55e+08
vpja70;11;189;343;-215,539100346021;-204,017301038062;154;255000
vpja70;11;363;881;-255,939100346021;-244,817301038062;518;255000
vpja70;11;2481;2620;-351,739100346021;-198,117301038062;139;0
vpja70;11;2674;2859;119,060899653979;-260,217301038062;185;0
vpja70;11;2902;3040;279,860899653979;-320,517301038062;138;0
vpja70;11;3063;3201;316,560899653979;-368,117301038062;138;0
vpja70;11;3252;3537;-72,0391003460209;-280,117301038062;285;0
vpja70;11;3757;4112;-483,539100346021;298,882698961938;355;0
vpja70;11;4124;4247;-481,539100346021;289,482698961938;123;0
vpja70;11;4672;4770;-216,639100346021;605,682698961938;98;NA
vpja70;11;4804;4851;-229,139100346021;485,782698961938;47;NA
vpja70;11;6509;6596;-100,939100346021;335,282698961938;87;255
vpja70;11;7098;7138;-94,6391003460209;330,882698961938;40;255
vpja70;11;7302;7326;-97,0391003460209;331,782698961938;24;255
vpja70;11;8262;8528;-501,339100346021;302,582698961938;266;0
vpja70;11;8756;8920;452,060899653979;398,282698961938;164;0
vpja70;11;8972;9093;291,660899653979;91,8826989619378;121;0
vpja70;11;9133;9340;411,460899653979;59,2826989619377;207;0
vpja70;11;9347;9485;399,760899653979;49,2826989619377;138;0
vpja70;11;9513;9628;289,560899653979;41,0826989619377;115;0
vpja70;11;9701;9851;-194,739100346021;-301,217301038062;150;255000
vpja70;11;9878;10000;-244,039100346021;-255,617301038062;122;255000
vpja70;12;27;160;11,2157293129244;-15,8599119475192;133;0
vpja70;12;201;345;-161,884270687076;-165,759911947519;144;255000
vpja70;12;361;635;-180,284270687076;-199,359911947519;274;255000
vpja70;12;698;1161;353,515729312924;-33,8599119475192;463;255
vpja70;12;1183;1463;399,515729312924;-39,8599119475192;280;255
vpja70;12;1482;1843;354,315729312925;-31,1599119475193;361;255
vpja70;12;2446;2630;-449,684270687076;383,240088052481;184;255255000
vpja70;12;2881;3074;-497,384270687076;61,9400880524807;193;0
vpja70;12;3112;3269;-381,284270687076;-60,4599119475192;157;0
vpja70;12;3547;3725;454,615729312924;391,040088052481;178;0
vpja70;12;3985;4278;368,415729312924;288,040088052481;293;0
vpja70;12;4313;4720;476,615729312924;258,840088052481;407;0
vpja70;12;4740;5015;490,415729312924;308,240088052481;275;0
vpja70;12;5041;5428;370,215729312924;338,040088052481;387;0
vpja70;12;5452;5647;394,415729312924;377,840088052481;195;0
vpja70;12;5669;5933;334,715729312924;353,140088052481;264;0
vpja70;12;5965;6258;334,615729312924;253,140088052481;293;0
vpja70;12;6279;6635;350,115729312924;293,640088052481;356;0
vpja70;12;6649;6827;344,215729312924;319,240088052481;178;0
vpja70;12;6871;7130;448,315729312925;165,940088052481;259;255
vpja70;12;7153;7306;504,715729312924;193,140088052481;153;0
vpja70;12;7356;7470;384,015729312924;-37,4599119475192;114;255
vpja70;12;7536;7673;-80,9842706870755;-73,4599119475192;137;2,55e+08
vpja70;12;7716;8026;-179,984270687076;-189,259911947519;310;255000
vpja70;12;8045;8235;-176,084270687076;-212,159911947519;190;255000
vpja70;12;8283;8438;5,31572931292442;-378,259911947519;155;0
vpja70;12;8495;8661;437,315729312925;-451,959911947519;166;0
vpja70;12;8713;8948;36,3157293129244;-427,759911947519;235;0
vpja70;12;8968;9157;36,2157293129244;-469,659911947519;189;0
vpja70;12;9220;9340;-371,184270687076;-232,059911947519;120;0
vpja70;12;9526;9646;-364,584270687076;-172,359911947519;120;0
vpja70;12;9684;9891;-422,684270687076;42,0400880524808;207;0
vpja70;12;9923;10000;-457,084270687076;167,140088052481;77;0
vpja70;13;242;346;-79,7842706870756;-18,9599119475192;104;2,55e+08
vpja70;13;395;718;-79,1842706870756;-312,259911947519;323;255000
vpja70;13;790;1029;-508,884270687076;277,840088052481;239;0
vpja70;13;1051;1172;-472,084270687076;299,040088052481;121;255
vpja70;13;1258;1463;392,415729312924;296,440088052481;205;255255000
vpja70;13;1484;1716;330,415729312924;298,440088052481;232;255255000
vpja70;13;1742;1870;418,515729312924;355,940088052481;128;255255000
vpja70;13;1939;2094;-40,8842706870755;81,1400880524808;155;2,55e+08
vpja70;13;2156;2410;-66,2842706870756;-309,859911947519;254;255000
vpja70;13;2424;2604;-88,1842706870756;-321,559911947519;180;255000
vpja70;13;2630;2876;-75,7842706870756;-262,059911947519;246;255000
vpja70;13;2961;3103;-544,484270687076;410,040088052481;142;0
vpja70;13;3131;3297;-488,084270687076;313,940088052481;166;0
vpja70;13;3630;3675;497,015729312924;-198,659911947519;45;0
vpja70;13;3831;4096;575,215729312924;-385,759911947519;265;0
vpja70;13;4152;4416;469,615729312924;35,0400880524808;264;0
vpja70;13;4611;4721;422,915729312924;30,6400880524808;110;0
vpja70;13;4752;5064;318,715729312924;-55,8599119475192;312;0
vpja70;13;5091;5249;343,715729312924;-133,759911947519;158;0
vpja70;13;5300;5501;591,815729312925;55,7400880524807;201;0
vpja70;13;5527;5800;477,415729312924;93,7400880524807;273;0
vpja70;13;5822;6016;469,815729312925;52,7400880524807;194;0
vpja70;13;6037;6224;417,915729312924;48,9400880524807;187;0
vpja70;13;6265;6481;611,615729312924;43,4400880524807;216;0
vpja70;13;6503;6762;610,715729312924;-4,05991194751925;259;0
vpja70;13;6817;6963;307,215729312924;11,2400880524807;146;0
vpja70;13;7036;7276;-415,284270687076;-223,559911947519;240;0
vpja70;13;7302;7497;-326,084270687076;-254,559911947519;195;0
vpja70;13;7544;7710;-577,984270687076;-241,359911947519;166;0
vpja70;13;7729;7872;-629,084270687076;-242,959911947519;143;0
vpja70;13;7915;8237;-312,484270687076;-247,959911947519;322;0
vpja70;13;8286;8475;-19,3842706870755;-116,959911947519;189;2,55e+08
vpja70;13;8494;8954;-16,9842706870755;-76,1599119475193;460;2,55e+08
vpja70;13;8969;9178;-45,1842706870756;-76,7599119475193;209;2,55e+08
vpja70;13;9200;9373;-7,2842706870756;-72,8599119475192;173;2,55e+08
vpja70;13;9425;9609;-74,4842706870755;-293,959911947519;184;255000
vpja70;13;9632;9966;-58,3842706870755;-345,059911947519;334;255000
vpja70;14;208;392;129,3;-133,1;184;255000
vpja70;14;448;601;285,3;239,2;153;255
vpja70;14;2416;2567;-267,6;397,6;151;0
vpja70;14;2651;2718;-181,1;376,8;67;0
vpja70;14;3231;3413;155,3;-127;182;255000
vpja70;14;3431;3748;136,3;-155,5;317;255000
vpja70;14;3787;3919;147,1;21,8000000000001;132;2,55e+08
vpja70;14;3991;4166;-427,7;-81,1999999999999;175;0
vpja70;14;4362;4458;177,9;20,8000000000001;96;2,55e+08
vpja70;14;4498;4848;143,9;128,6;350;2,55e+08
vpja70;14;4898;5052;117,5;-140;154;255000
vpja70;14;5072;5324;146,7;-160,1;252;255000
vpja70;14;5392;5593;-316,4;-263,2;201;0
vpja70;14;5626;5835;-130,2;-285,9;209;0
vpja70;14;5881;6027;90,1;-242,1;146;0
vpja70;14;6084;6464;411,3;116,8;380;0
vpja70;14;6518;6703;103;195,5;185;0
vpja70;14;7260;7449;323,8;361,2;189;255
vpja70;14;7489;7626;207,9;356,4;137;255
vpja70;14;7672;7980;113,1;155,6;308;2,55e+08
vpja70;14;8000;8235;125,6;193,9;235;0
vpja70;14;8272;8434;153,4;128,9;162;2,55e+08
vpja70;14;8464;8750;114,4;0,899999999999977;286;2,55e+08
vpja70;14;8780;8947;138,5;98;167;2,55e+08
vpja70;14;8988;9219;111,2;-74,9;231;2,55e+08
vpja70;14;9244;9747;149,3;-131,2;503;255000
vpja70;14;9774;9964;238,8;-150,1;190;0
vpja70;15;75;185;11,1536585365853;-5,84207317073174;110;2,55e+08
vpja70;15;226;488;18,1536585365853;-233,242073170732;262;255000
vpja70;15;554;755;-482,446341463415;190,457926829268;201;255
vpja70;15;774;936;-457,646341463415;171,957926829268;162;255
vpja70;15;962;1107;-430,446341463415;234,357926829268;145;255
vpja70;15;1128;1207;-432,546341463415;235,357926829268;79;255
vpja70;15;1224;1253;-450,146341463415;268,057926829268;29;255
vpja70;15;1325;1549;338,253658536585;261,457926829268;224;255255000
vpja70;15;1571;1856;326,653658536585;209,357926829268;285;255255000
vpja70;15;1876;2121;354,953658536585;248,757926829268;245;255255000
vpja70;15;2140;2426;317,653658536585;269,257926829268;286;255255000
vpja70;15;2488;2588;-32,0463414634147;232,857926829268;100;0
vpja70;15;2642;2894;-453,646341463415;246,057926829268;252;255
vpja70;15;2925;3087;-557,446341463415;264,057926829268;162;0
vpja70;15;3147;3207;-465,546341463415;178,457926829268;60;255
vpja70;15;3388;3597;94,6536585365852;-388,542073170732;209;0
vpja70;15;3630;3830;13,3536585365853;-268,642073170732;200;255000
vpja70;15;3901;4075;-540,946341463415;-184,842073170732;174;0
vpja70;15;4143;4287;31,9536585365853;-188,642073170732;144;255000
vpja70;15;4308;4535;-0,646341463414728;-208,442073170732;227;255000
vpja70;15;4549;4947;5,95365853658529;-229,542073170732;398;255000
vpja70;15;4962;5219;17,0536585365853;-254,642073170732;257;255000
vpja70;15;5238;5512;-1,74634146341464;-225,142073170732;274;255000
vpja70;15;5553;5761;-53,9463414634147;-35,5420731707318;208;2,55e+08
vpja70;15;5793;5925;-60,2463414634146;74,8579268292682;132;2,55e+08
vpja70;15;5989;6144;-524,646341463415;-161,142073170732;155;0
vpja70;15;6161;6521;-553,546341463415;-181,842073170732;360;0
vpja70;15;6608;6735;-10,7463414634146;-243,242073170732;127;255000
vpja70;15;6931;7312;68,0536585365853;-296,442073170732;381;255000
vpja70;15;7342;7573;6,85365853658527;-244,442073170732;231;255000
vpja70;15;7603;7867;23,0536585365853;-342,242073170732;264;255000
vpja70;15;7890;8155;74,9536585365854;-302,242073170732;265;255000
vpja70;15;8182;8475;98,8536585365853;-251,542073170732;293;255000
vpja70;15;8499;8965;6,65365853658534;-223,142073170732;466;255000
vpja70;15;8984;9299;28,7536585365854;-250,742073170732;315;255000
vpja70;15;9348;9705;-40,3463414634147;2,15792682926826;357;2,55e+08
vpja70;15;9741;9999;20,7536585365854;-59,8420731707317;258;2,55e+08
vpja70;16;210;325;-55,8515570934255;-182,5;115;2,55e+08
vpja70;16;348;815;-102,651557093425;-234,5;467;255000
vpja70;16;870;1108;-474,251557093426;10,1000000000001;238;255
vpja70;16;1564;1934;-478,851557093426;113,3;370;255
vpja70;16;1958;2181;-565,851557093426;82,7000000000002;223;0
vpja70;16;2208;2416;-514,851557093426;166,4;208;0
vpja70;16;2480;2658;0,248442906574496;120,2;178;255255000
vpja70;16;2680;2910;-27,9515570934255;87,2000000000002;230;255255000
vpja70;16;3072;3147;-24,5515570934256;83,6000000000001;75;255255000
vpja70;16;3229;3344;341,748442906574;0,600000000000136;115;0
vpja70;16;3511;3634;659,648442906574;-120,9;123;NA
vpja70;16;3657;3891;622,248442906574;-158,9;234;0
vpja70;16;3942;4141;449,348442906575;-357,1;199;0
vpja70;16;4213;4397;-50,5515570934256;-209,2;184;2,55e+08
vpja70;16;4420;6364;-92,9515570934255;-227,2;1944;255000
vpja70;16;6411;6642;-21,4515570934255;-46,3999999999999;231;2,55e+08
vpja70;16;6664;7639;-10,7515570934255;-8,89999999999986;975;2,55e+08
vpja70;16;7666;8412;16,4484429065744;84,5000000000001;746;255255000
vpja70;16;8697;9476;-24,7515570934255;54,0000000000001;779;255255000
vpja70;16;9502;10000;41,4484429065744;71,8000000000002;498;255255000
vpja70;17;250;473;5,88694158075589;-260,360824742268;223;255000
vpja70;17;490;701;-13,813058419244;-288,860824742268;211;255000
vpja70;17;716;904;2,18694158075596;-294,760824742268;188;255000
vpja70;17;954;1121;-240,313058419244;-125,060824742268;167;0
vpja70;17;1144;1434;-257,713058419244;-81,3608247422681;290;0
vpja70;17;1474;1737;-214,813058419244;95,5391752577319;263;255
vpja70;17;1760;2352;-238,413058419244;118,839175257732;592;255
vpja70;17;2380;2577;-307,913058419244;130,739175257732;197;0
vpja70;17;2836;3280;-255,413058419244;110,339175257732;444;255
vpja70;17;3301;3666;-314,713058419244;113,539175257732;365;255
vpja70;17;3682;3891;-340,213058419244;116,939175257732;209;255
vpja70;17;3921;4182;-238,513058419244;116,639175257732;261;255
vpja70;17;4204;4313;-307,613058419244;110,639175257732;109;255
vpja70;17;4556;4698;-221,013058419244;28,839175257732;142;0
vpja70;17;4724;5004;-231,613058419244;100,539175257732;280;255
vpja70;17;5042;5246;-268,613058419244;8,73917525773197;204;0
vpja70;17;5279;5412;-220,213058419244;121,139175257732;133;255
vpja70;17;5482;5674;366,186941580756;157,039175257732;192;255255000
vpja70;17;5701;5954;442,586941580756;150,539175257732;253;255255000
vpja70;17;5974;6155;459,586941580756;185,039175257732;181;255255000
vpja70;17;6177;6381;493,286941580756;223,839175257732;204;0
vpja70;17;7078;7142;-270,013058419244;-42,4608247422681;64;0
vpja70;17;7167;7329;-253,513058419244;-86,5608247422681;162;0
vpja70;17;7376;7641;-10,1130584192441;-261,960824742268;265;255000
vpja70;17;7664;7823;-0,613058419244112;-304,860824742268;159;255000
vpja70;17;7853;8065;-9,71305841924402;-393,160824742268;212;0
vpja70;17;8105;8482;4,28694158075598;-280,460824742268;377;255000
vpja70;17;8504;8803;-1,91305841924407;-235,760824742268;299;255000
vpja70;17;8857;9036;280,986941580756;19,0391752577319;179;0
vpja70;17;9068;9244;125,086941580756;46,9391752577319;176;2,55e+08
vpja70;17;9271;9395;10,0869415807559;61,839175257732;124;2,55e+08
vpja70;17;9444;9671;-253,213058419244;130,039175257732;227;255
vpja70;17;9696;9720;-220,413058419244;145,939175257732;24;255
vpja70;17;9957;9999;352,886941580756;156,439175257732;42;255255000
vpja70;18;219;529;-372,7;-47,1999999999999;310;255000
vpja70;18;938;1298;-385;-57;360;255000
vpja70;18;1308;1522;-390,9;-59;214;255000
vpja70;18;1543;1980;-374,9;-31,8;437;255000
vpja70;18;2002;2377;-396,3;-73,8;375;255000
vpja70;18;2390;2612;-418,4;-64;222;255000
vpja70;18;2635;2935;-374,7;-36,6;300;255000
vpja70;18;3667;3895;-577,8;25,9;228;0
vpja70;18;3939;4131;-592,5;-167,6;192;0
vpja70;18;4191;4329;-132,7;-69,4;138;0
vpja70;18;4382;4534;215,5;183;152;255255000
vpja70;18;4598;4845;618,6;311,4;247;0
vpja70;18;4895;5034;439,6;147,7;139;0
vpja70;18;5080;5347;216,9;179,9;267;255255000
vpja70;18;5370;5487;165,3;199,1;117;255255000
vpja70;18;5727;5753;204,8;-35,4;26;0
vpja70;18;6076;6388;-386,2;-42,4;312;255000
vpja70;18;6408;6526;-379,1;-74;118;255000
vpja70;18;6566;6744;-225,9;-118,9;178;0
vpja70;18;6789;6971;22,3;-84,8;182;0
vpja70;18;7017;7278;244;-16,6;261;0
vpja70;18;7361;7620;-602,8;-204,9;259;0
vpja70;18;7643;7801;-590,5;-269,2;158;0
vpja70;18;7840;8153;-614,5;-404,8;313;0
vpja70;18;8163;8353;-615;-385,6;190;0
vpja70;18;8418;8549;-34,7;-327,6;131;0
vpja70;18;8578;8818;92,4;-364,4;240;0
vpja70;18;8875;9072;-8,20000000000005;-126,4;197;0
vpja70;18;9115;9313;-131,5;-69,3;198;0
vpja70;19;220;332;8,7157293129244;-255,459911947519;112;2,55e+08
vpja70;19;356;957;-10,0842706870756;-316,059911947519;601;255000
vpja70;19;1017;1192;1,7157293129244;117,040088052481;175;2,55e+08
vpja70;19;1240;1483;63,1157293129245;370,140088052481;243;2,55e+08
vpja70;19;1540;1720;-195,084270687076;130,340088052481;180;0
vpja70;19;1749;1977;-230,984270687076;10,7400880524807;228;255255000
vpja70;19;2018;2192;-74,4842706870755;-1,65991194751928;174;0
vpja70;19;2221;2366;-57,4842706870755;-88,7599119475193;145;255
vpja70;19;2422;2649;404,015729312924;-19,0599119475193;227;0
vpja70;19;2674;2933;297,915729312924;-34,5599119475193;259;0
vpja70;19;2990;3209;-33,4842706870755;-299,659911947519;219;255000
vpja70;19;3230;3666;-14,3842706870755;-294,359911947519;436;255000
vpja70;19;3719;3907;-22,0842706870756;27,4400880524807;188;255
vpja70;19;3964;4170;45,0157293129245;244,540088052481;206;2,55e+08
vpja70;19;4201;4461;30,3157293129244;374,240088052481;260;2,55e+08
vpja70;19;4487;4765;24,1157293129245;435,440088052481;278;2,55e+08
vpja70;19;4779;5015;21,9157293129244;459,140088052481;236;2,55e+08
vpja70;19;5055;5167;32,4157293129244;262,240088052481;112;2,55e+08
vpja70;19;5219;5466;-87,3842706870755;-33,6599119475193;247;255
vpja70;19;5505;5639;-248,784270687076;-16,4599119475192;134;255255000
vpja70;19;5853;6069;-249,084270687076;-29,8599119475192;216;255255000
vpja70;19;6085;6328;-243,584270687076;-48,8599119475192;243;0
vpja70;19;6709;6907;-231,684270687076;0,340088052480723;198;255255000
vpja70;19;6928;7202;-249,784270687076;-35,2599119475193;274;255255000
vpja70;19;7226;7247;-238,084270687076;-37,7599119475193;21;255255000
vpja70;19;7416;7671;-549,284270687076;-38,6599119475193;255;0
vpja70;19;7688;7851;-530,784270687076;-29,0599119475193;163;0
vpja70;19;7892;8038;-584,384270687076;-178,359911947519;146;0
vpja70;19;8107;8322;-45,3842706870755;-215,059911947519;215;2,55e+08
vpja70;19;8364;8769;-25,5842706870756;-94,3599119475193;405;255
vpja70;19;8793;9109;-44,6842706870756;-70,9599119475192;316;255
vpja70;19;9585;9729;25,6157293129245;-295,359911947519;144;255000
vpja70;19;9748;9916;-7,88427068707551;-298,259911947519;168;255000
vpja70;19;9953;10000;-132,384270687076;-281,559911947519;47;0
vpja70;20;209;335;57,705498281787;-199,425429553265;126;255000
vpja70;20;359;472;90,705498281787;-220,825429553265;113;255000
vpja70;20;527;787;308,705498281787;140,274570446735;260;255
vpja70;20;1757;1928;303,705498281787;168,074570446735;171;255
vpja70;20;2108;2294;91,1054982817868;-238,325429553265;186;255000
vpja70;20;2314;2525;79,8054982817869;-260,125429553265;211;255000
vpja70;20;3079;3183;203,005498281787;-228,925429553265;104;0
vpja70;20;3211;3402;86,905498281787;-268,125429553265;191;255000
vpja70;20;3420;3647;106,405498281787;-273,625429553265;227;255000
vpja70;20;3661;4072;95,205498281787;-270,625429553265;411;255000
vpja70;20;4095;4282;131,605498281787;-267,025429553265;187;0
vpja70;20;4297;4414;99,6054982817868;-267,125429553265;117;255000
vpja70;20;4620;4767;106,805498281787;-270,225429553265;147;255000
vpja70;20;4824;5068;333,705498281787;136,974570446735;244;0
vpja70;20;5089;5291;292,805498281787;136,074570446735;202;255
vpja70;20;5334;5483;136,705498281787;109,874570446735;149;2,55e+08
vpja70;20;5540;5679;-369,994501718213;169,674570446735;139;255255000
vpja70;20;8740;8883;239,505498281787;137,074570446735;143;255
vpja70;20;8910;9128;300,905498281787;124,574570446735;218;255
vpja70;20;9146;9253;339,005498281787;128,674570446735;107;0
vpja70;20;9284;9640;146,705498281787;102,474570446735;356;2,55e+08
vpja70;20;9649;9832;140,905498281787;115,474570446735;183;2,55e+08
vpja70;20;9866;10000;308,705498281787;151,074570446735;134;255
vpja70;21;248;404;-20,8000000000001;-336,8;156;255000
vpja70;21;429;636;-58,8000000000001;-406,6;207;255000
vpja70;21;655;780;-33,6;-419,7;125;255000
vpja70;21;861;1055;-482,1;327,1;194;255
vpja70;21;1080;1261;-526,1;372,6;181;0
vpja70;21;1322;1508;-28,9000000000001;116,8;186;2,55e+08
vpja70;21;1569;1696;42,6999999999999;-330,6;127;255000
vpja70;21;1720;1947;-37,7;-394,4;227;255000
vpja70;21;1999;2221;-373;-410,9;222;0
vpja70;21;2248;2382;-375,5;-340;134;0
vpja70;21;2437;2647;-592,1;-333,8;210;0
vpja70;21;2693;3109;-261,9;-307;416;0
vpja70;21;3134;3252;-339,4;-313,4;118;0
vpja70;21;3321;3578;280,6;-287,6;257;0
vpja70;21;3605;3734;392,2;-322,8;129;0
vpja70;21;3832;4039;-529,3;354,2;207;0
vpja70;21;4067;4224;-525,9;430,7;157;255
vpja70;21;4311;4475;392,3;363,2;164;255255000
vpja70;21;4509;4714;539,2;379;205;255255000
vpja70;21;4767;4816;223,2;240,3;49;255255000
vpja70;21;4910;5230;-517,8;-325,3;320;0
vpja70;21;5276;5496;-363,7;-135,5;220;0
vpja70;21;5520;5685;-426,4;-125;165;0
vpja70;21;5730;5880;-301,2;-1,79999999999995;150;0
vpja70;21;5928;6156;-554,3;-106,5;228;0
vpja70;21;6193;6330;-384,6;-127,2;137;0
vpja70;21;6378;6571;-367,2;-335,3;193;0
vpja70;21;6613;6849;-579,5;-323,6;236;0
vpja70;21;6877;7141;-479,1;-335,2;264;0
vpja70;21;7171;7429;-370,6;-331;258;0
vpja70;21;7470;7813;-574,1;-322,2;343;0
vpja70;21;7834;8058;-521,6;-318,2;224;0
vpja70;21;8087;8366;-406,3;-331,9;279;0
vpja70;21;8389;8621;-475,6;-333,3;232;0
vpja70;21;8646;8941;-387,3;-334;295;0
vpja70;21;8958;9104;-398,2;-357,1;146;0
vpja70;21;9152;9367;-57,8000000000001;-381,7;215;255000
vpja70;21;9389;9484;-31,9000000000001;-352,9;95;255000
vpja70;21;9642;9804;-229,4;-330,4;162;0
vpja70;21;9861;10000;250;-242,8;139;0
vpja70;22;216;419;-50,9242105263158;-231,762105263158;203;255000
vpja70;22;436;672;-62,1242105263159;-260,862105263158;236;255000
vpja70;22;690;915;-28,7242105263159;-260,562105263158;225;255000
vpja70;22;1177;1442;-52,2242105263159;311,437894736842;265;255
vpja70;22;1499;1693;309,575789473684;214,437894736842;194;0
vpja70;22;1712;1879;351,575789473684;202,837894736842;167;255255000
vpja70;22;1897;2332;392,575789473684;216,337894736842;435;255255000
vpja70;22;2370;2536;265,475789473684;176,537894736842;166;255255000
vpja70;22;2580;2812;33,1757894736842;175,437894736842;232;2,55e+08
vpja70;22;2831;3052;-3,02421052631587;200,837894736842;221;2,55e+08
vpja70;22;3080;3483;89,1757894736842;195,337894736842;403;2,55e+08
vpja70;22;3507;3680;8,47578947368413;208,137894736842;173;2,55e+08
vpja70;22;3691;3796;-11,7242105263159;210,437894736842;105;2,55e+08
vpja70;22;3879;4083;-445,524210526316;-42,662105263158;204;0
vpja70;22;4123;4246;-521,724210526316;-105,262105263158;123;0
vpja70;22;4300;4591;-25,1242105263159;-237,662105263158;291;255000
vpja70;22;4657;4927;373,575789473684;13,337894736842;270;0
vpja70;22;4957;5183;291,775789473684;135,037894736842;226;0
vpja70;22;5273;5480;-511,824210526316;88,837894736842;207;0
vpja70;22;5523;5705;-496,924210526316;-84,662105263158;182;0
vpja70;22;5754;5919;-396,024210526316;-268,862105263158;165;0
vpja70;22;5966;6182;-78,2242105263159;-249,862105263158;216;255000
vpja70;22;6205;6503;-52,8242105263158;-210,562105263158;298;255000
vpja70;22;6736;7272;-72,7242105263159;275,237894736842;536;255
vpja70;22;7285;7557;-75,2242105263159;295,537894736842;272;255
vpja70;22;7600;7804;29,6757894736842;203,537894736842;204;2,55e+08
vpja70;22;7827;8103;82,075789473684;192,837894736842;276;2,55e+08
vpja70;22;8128;8538;-1,02421052631587;207,137894736842;410;2,55e+08
vpja70;22;8573;8754;103,075789473684;195,437894736842;181;0
vpja70;22;8763;9016;88,6757894736842;196,937894736842;253;2,55e+08
vpja70;22;9043;9258;7,87578947368411;218,237894736842;215;2,55e+08
vpja70;22;9266;9496;-7,52421052631587;217,037894736842;230;2,55e+08
vpja70;22;9543;9803;-61,3242105263158;-60,5621052631579;260;2,55e+08
vpja70;23;203;402;57,4;-45,7;199;255000
vpja70;23;441;645;44,1;165,7;204;0
vpja70;23;665;893;14,9;195,9;228;255
vpja70;23;919;1030;108;197,8;111;255
vpja70;23;1070;1244;283,1;152,3;174;255255000
vpja70;23;1266;1699;280,3;112,4;433;255255000
vpja70;23;1751;1887;25,4;-56,2;136;255000
vpja70;23;1911;2458;55;-39,2;547;255000
vpja70;23;2507;2663;322,7;109,8;156;255255000
vpja70;23;2681;2952;293,1;91,1999999999999;271;255255000
vpja70;23;2967;3141;276;106,4;174;255255000
vpja70;23;3364;3643;295,4;87,5;279;255255000
vpja70;23;3657;3816;310,2;92,8;159;255255000
vpja70;23;3859;4015;326,6;-132,8;156;0
vpja70;23;4037;4288;312,1;-171,8;251;0
vpja70;23;4327;4534;287,2;22,4;207;0
vpja70;23;4554;4721;273,8;54,9;167;255255000
vpja70;23;4766;5086;41,4;-42,7;320;255000
vpja70;23;5155;5324;-347,6;-158,9;169;0
vpja70;23;5370;5553;-63,5;-185,4;183;0
vpja70;23;5575;5925;-21,8;-194;350;0
vpja70;23;5996;6423;-592,9;146,2;427;0
vpja70;23;6459;6636;-582,9;315;177;0
vpja70;23;6654;6787;-593,6;349,5;133;0
vpja70;23;6864;7060;64,9;168,4;196;255
vpja70;23;7104;7370;66,0000000000001;-41;266;255000
vpja70;23;7382;7678;49,2;-27,5;296;255000
vpja70;23;7711;8055;68,5000000000001;75,6;344;2,55e+08
vpja70;23;8072;8291;38,2;77,3;219;2,55e+08
vpja70;23;8335;8564;303,5;112,2;229;255255000
vpja70;23;8615;8861;35,8000000000001;-37,8000000000001;246;255000
vpja70;23;8877;9078;59,6999999999999;-54,1;201;255000
vpja70;23;9115;9386;31,6;172,9;271;255
vpja70;23;9434;9584;136;378,1;150;0
vpja70;23;9611;9824;55,2;452,2;213;0
vpja70;23;9885;10000;32,4;16,3;115;2,55e+08
vpja70;24;92;190;-7,09999999999991;1,70000000000005;98;2,55e+08
vpja70;24;230;359;141,8;-142;129;255000
vpja70;24;383;517;153,8;-192;134;255000
vpja70;24;570;799;220,9;185,3;229;255
vpja70;24;827;1362;281,8;276,5;535;255
vpja70;24;1381;1769;321,2;269,5;388;255
vpja70;24;1779;1880;331,6;265,4;101;255
vpja70;24;1945;2096;-53,6999999999999;-100,2;151;0
vpja70;24;2173;2386;-506,4;168,3;213;255255000
vpja70;24;2642;2825;-479,7;-79,3;183;0
vpja70;24;2851;3113;-375;-88,4;262;0
vpja70;24;3138;3356;-413,6;-56,8;218;0
vpja70;24;3406;3541;-209,4;-267;135;0
vpja70;24;3574;3769;-83,8;-372,7;195;0
vpja70;24;3793;3942;-141,8;-361,4;149;0
vpja70;24;4123;4324;-56,4;-331,8;201;0
vpja70;24;4346;4507;-25,4;-305,6;161;0
vpja70;24;4538;4646;-154,6;-215,5;108;0
vpja70;24;4686;4841;-218,3;-350,3;155;0
vpja70;24;4864;5180;-261,9;-349,2;316;0
vpja70;24;5205;5360;-222,3;-397,4;155;0
vpja70;24;5406;5866;-125,6;-200,6;460;0
vpja70;24;5890;6233;-77,4;-202,3;343;0
vpja70;24;6257;6401;-137,8;-195,6;144;0
vpja70;24;6464;6640;414,6;-352;176;0
vpja70;24;6664;6937;348,9;-381,9;273;0
vpja70;24;6964;7253;459,5;-312,5;289;0
vpja70;24;7297;7545;555,2;-431,9;248;0
vpja70;24;7597;7810;170,2;-210,7;213;255000
vpja70;24;7832;7939;145,9;-182,3;107;255000
vpja70;24;8141;8168;140,9;-197;27;255000
vpja70;24;8216;8406;-131,4;-106,5;190;0
vpja70;24;8473;8604;-536,3;117,4;131;255255000
vpja70;24;8652;8830;-558,3;418,4;178;0
vpja70;24;8855;8995;-555,1;361,7;140;0
vpja70;24;9040;9207;-466;121,9;167;255255000
vpja70;24;9264;9513;-138,8;-135,4;249;0
vpja70;24;9545;9706;-110,9;-216,2;161;0
vpja70;24;9743;9950;-153,4;-377,6;207;0
vpja70;24;9971;10000;-119,9;-364,7;29;0
vpja70;25;192;324;27,3364261168384;-134,950171821306;132;255000
vpja70;25;348;669;-29,4635738831615;-132,150171821306;321;255000
vpja70;25;771;963;-88,2635738831616;255,949828178694;192;255255000
vpja70;25;1032;1212;-540,663573883162;216,949828178694;180;255
vpja70;25;1234;1422;-569,163573883162;183,249828178694;188;255
vpja70;25;1431;1634;-567,563573883162;178,049828178694;203;255
vpja70;25;1909;2122;-33,9635738831615;248,549828178694;213;255255000
vpja70;25;2448;2601;63,0364261168385;125,949828178694;153;2,55e+08
vpja70;25;2623;2845;43,9364261168384;90,5498281786942;222;2,55e+08
vpja70;25;2906;3059;121,436426116838;-167,850171821306;153;255000
vpja70;25;3091;3256;124,036426116838;-278,350171821306;165;255000
vpja70;25;3304;3452;379,736426116838;-258,850171821306;148;0
vpja70;25;3527;3871;-79,1635738831616;233,949828178694;344;255255000
vpja70;25;4435;4580;-525,763573883162;227,649828178694;145;255
vpja70;25;4601;5061;-554,163573883162;167,749828178694;460;255
vpja70;25;5378;5500;46,3364261168384;96,1498281786941;122;2,55e+08
vpja70;25;5529;5936;29,2364261168384;179,049828178694;407;255255000
vpja70;25;5966;6406;-61,8635738831615;252,749828178694;440;255255000
vpja70;25;6424;6680;-96,3635738831615;269,849828178694;256;255255000
vpja70;25;6700;6942;-70,0635738831616;265,549828178694;242;255255000
vpja70;25;6954;7213;-87,0635738831616;247,349828178694;259;255255000
vpja70;25;7224;7414;-75,1635738831616;257,049828178694;190;255255000
vpja70;25;7485;7666;-523,563573883162;206,049828178694;181;255
vpja70;25;7685;9650;-579,063573883162;175,049828178694;1965;0
vpja70;26;203;342;69;-183,1;139;255000
vpja70;26;403;655;331,4;213,7;252;255
vpja70;26;680;876;310,5;265;196;255
vpja70;26;894;1180;340,5;271,2;286;255
vpja70;26;1201;1283;374,2;240;82;255
vpja70;26;2006;2246;-487,2;209,2;240;255255000
vpja70;26;3035;3219;50,0999999999999;-231,8;184;255000
vpja70;26;3243;3461;76,2;-204,2;218;255000
vpja70;26;3479;3753;65,7;-226,3;274;255000
vpja70;26;3798;4073;125,1;-25,9;275;2,55e+08
vpja70;26;4096;4312;65,3;-13,6;216;2,55e+08
vpja70;26;4341;4521;-31;11,1;180;2,55e+08
vpja70;26;4775;5011;-427;-49;236;0
vpja70;26;5032;5288;-452,8;-76,3;256;0
vpja70;26;5314;5769;-393,8;-21,9;455;0
vpja70;26;5800;5999;-514,6;-2,10000000000002;199;0
vpja70;26;6027;6260;-437,9;-60,7;233;0
vpja70;26;6278;6496;-454,1;-87,6;218;0
vpja70;26;6519;6719;-416,4;-33,9;200;0
vpja70;26;6779;6950;21,8;-200,2;171;255000
vpja70;26;6973;7133;68,7;-185,8;160;255000
vpja70;26;7191;7427;543,6;-23,3;236;0
vpja70;26;7472;7856;627,1;-220,1;384;0
vpja70;26;7936;8111;59;-196,3;175;255000
vpja70;26;8175;8281;-371,9;-21,1;106;0
vpja70;26;8383;8653;619,2;-166,1;270;0
vpja70;26;8670;9487;616,8;-186;817;0
vpja70;26;9504;9839;620;-149,2;335;0
vpja70;26;9854;10000;599,6;-123,8;146;0
