vp;trial;timest;timeend;x;y;duration;roi
vpja90;1;376;486;-159,1;-105;110;2,55e+08
vpja90;1;513;801;-255,9;-212,4;288;255000
vpja90;1;868;1065;-497,9;290,2;197;0
vpja90;1;1091;1397;-503;338,4;306;255
vpja90;1;1592;1726;-502,7;320,4;134;0
vpja90;1;1786;2098;-172,3;330,9;312;0
vpja90;1;2124;2405;-133,1;334;281;255255000
vpja90;1;2432;2779;-207,6;290;347;2,55e+08
vpja90;1;2805;3001;-156;308,4;196;0
vpja90;1;3044;3283;-85,6999999999999;174,4;239;0
vpja90;1;3362;3540;-133,9;-135,2;178;2,55e+08
vpja90;1;3577;3842;-253,3;-217,7;265;255000
vpja90;1;3858;4102;-277,7;-215,8;244;0
vpja90;1;4155;4374;-545,3;-376,6;219;0
vpja90;1;4417;4560;-409,3;-416,1;143;0
vpja90;1;4640;4819;167,2;-310,8;179;0
vpja90;1;4859;5106;327,9;-333,7;247;0
vpja90;1;5161;5402;33;-273,1;241;0
vpja90;1;5424;5690;0,200000000000045;-246,9;266;0
vpja90;1;5722;6013;-71,6;-186,7;291;0
vpja90;1;6043;6708;19,1;-247,3;665;0
vpja90;1;6733;6999;2,89999999999998;-214,3;266;0
vpja90;1;7019;7374;-8,60000000000002;-179,1;355;0
vpja90;1;7436;7579;18,6;236,2;143;0
vpja90;1;7617;7851;-108,1;338,7;234;255255000
vpja90;1;7876;8067;-149,2;349,8;191;255255000
vpja90;1;8140;8413;-611,8;296,5;273;0
vpja90;1;8448;9022;-515,6;297,8;574;0
vpja90;1;9070;9259;-556,1;124,1;189;0
vpja90;1;9299;9517;-574;-69,4;218;0
vpja90;1;9545;9876;-599,4;-201,7;331;0
vpja90;1;9938;10000;-262,3;-202,8;62;255000
vpja90;2;437;689;138,1;-196,8;252;255000
vpja90;2;710;1036;167,6;-233,3;326;255000
vpja90;2;1109;1314;165,5;210,8;205;255
vpja90;2;1341;1846;229,5;196,2;505;255
vpja90;2;1933;2634;-428,5;123,9;701;255255000
vpja90;2;2684;2970;-256,6;7;286;0
vpja90;2;3016;3335;-121,2;-101,8;319;0
vpja90;2;3400;3659;-416,2;94,2;259;255255000
vpja90;2;3868;4044;-363;-2,79999999999995;176;0
vpja90;2;4108;4246;-89,0999999999999;-9,20000000000005;138;0
vpja90;2;4306;5096;138,6;143,2;790;255
vpja90;2;5135;5401;35,1;54,6;266;0
vpja90;2;5443;5749;161,4;144,7;306;255
vpja90;2;5776;6206;233,4;166,6;430;255
vpja90;2;6271;6513;149,5;-209,8;242;255000
vpja90;2;6575;6739;-72,5;-375,2;164;0
vpja90;2;6763;7174;-116,2;-383,4;411;0
vpja90;2;7228;7501;-417;-202,3;273;0
vpja90;2;7534;7844;-364,3;-125,8;310;0
vpja90;2;7942;8112;344,2;-229,9;170;0
vpja90;2;8150;8328;456,7;-249,3;178;0
vpja90;2;8354;8675;383,3;-357,8;321;0
vpja90;2;8693;8953;360;-392;260;0
vpja90;2;8995;9069;207;-272,9;74;0
vpja90;2;9305;9443;141,3;28,4;138;2,55e+08
vpja90;2;9670;9863;2,20000000000005;230,7;193;255
vpja90;2;9935;9999;-463,5;322,7;64;0
vpja90;3;496;744;-58,4000000000001;-174,1;248;255000
vpja90;3;806;1302;5,29999999999995;175;496;255
vpja90;3;1327;1629;52,5999999999999;170;302;0
vpja90;3;1690;1820;-42,4000000000001;-145,2;130;255000
vpja90;3;1844;2217;-57,6;-181,4;373;255000
vpja90;3;2281;2597;-312,1;117;316;255255000
vpja90;3;2819;2932;-371;153,2;113;0
vpja90;3;2963;3472;-452,2;215,9;509;0
vpja90;3;3522;3899;-391,3;20,4;377;0
vpja90;3;3967;4103;-88,9000000000001;156,4;136;0
vpja90;3;4142;4462;-7,5;167,2;320;0
vpja90;3;4530;4789;-389,3;-28,6;259;0
vpja90;3;4811;5220;-411,2;-11,8;409;0
vpja90;3;5238;5870;-420,5;0,800000000000068;632;0
vpja90;3;5946;6092;-55,9000000000001;201,6;146;0
vpja90;3;6120;6414;-1,80000000000007;198,3;294;255
vpja90;3;6433;6830;13,3;187,7;397;0
vpja90;3;6851;7050;-29,3000000000001;183,2;199;0
vpja90;3;7102;7311;-287,3;153,2;209;255255000
vpja90;3;7356;7505;-391,8;38,6;149;0
vpja90;3;7527;7638;-428,1;-3,29999999999995;111;0
vpja90;3;7702;7894;-69,1;-136,1;192;255000
vpja90;3;7942;8422;85,5999999999999;-364,2;480;0
vpja90;3;8465;8609;222,3;-301,9;144;0
vpja90;3;8664;8955;427,7;54,7;291;0
vpja90;3;9061;9277;-434,7;269,1;216;0
vpja90;3;9336;9857;-183,1;339,6;521;0
vpja90;3;9885;10000;-116,8;306,2;115;0
vpja90;4;304;411;-88,99793814433;-239,446391752577;107;2,55e+08
vpja90;4;438;578;-97,8979381443299;-341,546391752577;140;255000
vpja90;4;595;902;-100,69793814433;-373,246391752577;307;255000
vpja90;4;957;1311;-449,59793814433;-367,146391752577;354;0
vpja90;4;1341;1501;-499,29793814433;-309,646391752577;160;0
vpja90;4;1656;1893;-508,59793814433;-228,246391752577;237;0
vpja90;4;1956;2144;-509,49793814433;186,353608247423;188;255255000
vpja90;4;2173;2323;-482,79793814433;269,353608247423;150;255255000
vpja90;4;2346;2898;-510,89793814433;267,053608247423;552;0
vpja90;4;2989;3134;216,20206185567;208,453608247423;145;255
vpja90;4;3202;3466;423,30206185567;-180,246391752577;264;0
vpja90;4;3492;3606;440,30206185567;-280,946391752577;114;0
vpja90;4;3662;3986;128,40206185567;-355,846391752577;324;0
vpja90;4;4035;4229;-78,0979381443299;-371,846391752577;194;255000
vpja90;4;4311;4641;256,30206185567;223,453608247423;330;255
vpja90;4;4705;5103;-116,89793814433;113,953608247423;398;2,55e+08
vpja90;4;5175;5584;-467,29793814433;194,453608247423;409;255255000
vpja90;4;5651;5923;-251,69793814433;-186,346391752577;272;0
vpja90;4;5970;6213;-92,99793814433;-373,346391752577;243;255000
vpja90;4;6234;6547;-73,5979381443299;-373,046391752577;313;255000
vpja90;4;6604;6902;-96,8979381443299;-128,646391752577;298;2,55e+08
vpja90;4;6978;7753;228,90206185567;126,453608247423;775;0
vpja90;4;7813;7922;429,30206185567;-20,4463917525773;109;0
vpja90;4;7953;8238;461,70206185567;-165,246391752577;285;0
vpja90;4;8291;8549;136,00206185567;-367,646391752577;258;0
vpja90;4;8629;8855;-425,79793814433;-349,146391752577;226;0
vpja90;4;8882;9106;-487,99793814433;-316,246391752577;224;0
vpja90;4;9128;9645;-528,29793814433;-304,646391752577;517;0
vpja90;4;9677;10000;-526,99793814433;-461,546391752577;323;0
vpja90;5;524;775;66,7;-121,2;251;255000
vpja90;5;792;1052;87,7;-132,5;260;255000
vpja90;5;1105;1377;-211,2;-239,3;272;0
vpja90;5;1434;1649;-502,6;-27,4;215;0
vpja90;5;2093;2552;-262,3;279,6;459;255255000
vpja90;5;2631;2832;318,6;360,9;201;255
vpja90;5;2859;3212;377,7;381,5;353;255
vpja90;5;3228;3584;400,2;369,7;356;255
vpja90;5;3621;4306;369;188,6;685;0
vpja90;5;4329;4484;367,9;124,8;155;0
vpja90;5;4542;4747;100,2;-137,4;205;255000
vpja90;5;4780;5031;20;-295,2;251;0
vpja90;5;5079;5337;-257;-356,1;258;0
vpja90;5;5386;5820;-401,7;-343,3;434;0
vpja90;5;5872;6167;-546;-115,3;295;0
vpja90;5;6220;6530;-497,3;68,1;310;0
vpja90;5;6562;6757;-462,7;162,4;195;0
vpja90;5;6828;7013;-250,2;-224,9;185;0
vpja90;5;7039;7375;-186,9;-298,2;336;0
vpja90;5;7411;7662;-74,7;-279,7;251;0
vpja90;5;7729;7864;244,5;-253,5;135;0
vpja90;5;8087;8291;335,7;236,8;204;0
vpja90;5;8317;8512;368,2;290,8;195;255
vpja90;5;8589;8839;-176,5;84;250;0
vpja90;5;8937;9180;-456,3;146,7;243;0
vpja90;5;9235;9505;-252,5;235,9;270;255255000
vpja90;5;9565;9738;54;-113,7;173;255000
vpja90;5;9764;10000;81,8999999999999;-144,1;236;255000
vpja90;6;391;653;116;-274,2;262;255000
vpja90;6;671;972;84,3;-295,6;301;255000
vpja90;6;990;1643;65,3;-303,4;653;255000
vpja90;6;1710;1815;-230,9;-186,4;105;0
vpja90;6;1886;2111;-467;186,8;225;255255000
vpja90;6;2138;2558;-475,5;240,4;420;255255000
vpja90;6;2651;3415;290,8;370,2;764;255
vpja90;6;3457;4125;437,3;252,2;668;0
vpja90;6;4187;4459;178,4;343,8;272;2,55e+08
vpja90;6;4523;4928;-183,9;259,9;405;0
vpja90;6;4980;5540;-448,2;322,2;560;255255000
vpja90;6;5582;6140;-363,1;234,6;558;0
vpja90;6;6444;6778;-170,1;-196,4;334;0
vpja90;6;6832;7355;86,5;-305,9;523;255000
vpja90;6;7402;7712;163,7;-94,8;310;2,55e+08
vpja90;6;7783;8172;241,5;320,5;389;255
vpja90;6;8261;8543;-381,2;260,5;282;255255000
vpja90;6;8569;9255;-444,6;240;686;255255000
vpja90;6;9332;9734;-52,2;11,2;402;2,55e+08
vpja90;6;9774;9952;8,79999999999995;138,2;178;2,55e+08
vpja90;7;514;625;74,4;-258,7;111;2,55e+08
vpja90;7;646;931;87,1999999999999;-307,7;285;255000
vpja90;7;987;1176;-140,1;-34,4;189;0
vpja90;7;1830;2081;387,7;68,6;251;255
vpja90;7;2106;3179;442,4;66,8;1073;255
vpja90;7;3200;3612;386,4;66,8;412;255
vpja90;7;3634;3796;424,2;82;162;255
vpja90;7;3839;4144;253;123,2;305;0
vpja90;7;4191;4689;452,8;113,5;498;255
vpja90;7;4705;5022;426,5;126,6;317;255
vpja90;7;5069;5544;258,5;131,2;475;0
vpja90;7;5984;6338;-507,8;124,4;354;0
vpja90;7;6364;6762;-480,9;178,3;398;0
vpja90;7;6787;7080;-542,3;109,1;293;0
vpja90;7;7101;7288;-568,3;65,6;187;0
vpja90;7;7601;7760;66,5000000000001;-122,5;159;2,55e+08
vpja90;7;7795;8044;90,8000000000001;-301,3;249;255000
vpja90;7;8056;8442;92,3000000000001;-316,5;386;255000
vpja90;7;8509;8951;414,4;81,5;442;255
vpja90;7;9278;9529;418,9;71,3;251;255
vpja90;7;9550;9978;436,5;70,1999999999999;428;255
vpja90;8;491;680;-172,6;-154,8;189;255000
vpja90;8;695;935;-184,5;-175,9;240;255000
vpja90;8;1003;1315;-479,8;322,6;312;255255000
vpja90;8;1339;1879;-439,3;379,2;540;255255000
vpja90;8;1919;2187;-506,5;215,8;268;0
vpja90;8;2231;2382;-532,8;401,6;151;0
vpja90;8;2421;2675;-497,2;111,3;254;0
vpja90;8;2699;2941;-465,1;108,6;242;0
vpja90;8;3037;3277;340,9;154,9;240;0
vpja90;8;3315;3786;388,2;283,6;471;0
vpja90;8;3803;4037;370,2;303;234;0
vpja90;8;4055;4251;345,8;315,7;196;0
vpja90;8;4300;4705;365,2;60,3;405;255
vpja90;8;4727;5041;406,7;29,5;314;255
vpja90;8;5065;5430;334,1;-22,6;365;255
vpja90;8;5503;5724;-149,9;-175,8;221;255000
vpja90;8;5739;6355;-184,8;-184;616;255000
vpja90;8;6405;6882;-27,4;-323,6;477;0
vpja90;8;7161;7527;47,6999999999999;337,2;366;0
vpja90;8;7554;7842;-30,3000000000001;339,5;288;0
vpja90;8;8227;8567;351,6;310;340;0
vpja90;8;8587;9159;346,6;347,6;572;0
vpja90;8;9178;9479;327,1;374,2;301;0
vpja90;8;9494;9847;327,9;392,5;353;0
vpja90;8;9873;10000;343,8;300,5;127;0
vpja90;9;14;360;-1,88688524590168;-2,61967213114747;346;2,55e+08
vpja90;9;412;624;-6,08688524590161;-237,619672131148;212;255000
vpja90;9;647;1073;0,413114754098387;-296,219672131147;426;255000
vpja90;9;1139;1380;344,913114754098;35,6803278688525;241;0
vpja90;9;1427;1768;532,513114754098;93,3803278688525;341;0
vpja90;9;1812;1987;364,613114754098;21,9803278688524;175;0
vpja90;9;2047;2578;305,613114754098;331,280327868853;531;255
vpja90;9;2677;2920;-488,886885245902;336,280327868853;243;255255000
vpja90;9;2945;3151;-534,886885245902;367,580327868852;206;255255000
vpja90;9;3246;3484;-499,086885245902;-250,419672131148;238;0
vpja90;9;3511;4367;-414,786885245902;-248,719672131147;856;0
vpja90;9;4518;4638;-387,586885245902;-253,719672131147;120;0
vpja90;9;4707;5024;-277,486885245902;169,580327868852;317;2,55e+08
vpja90;9;5066;5265;-178,286885245902;62,4803278688524;199;2,55e+08
vpja90;9;5355;5547;301,013114754098;-315,319672131148;192;0
vpja90;9;5603;5977;549,513114754098;52,9803278688524;374;0
vpja90;9;6036;6281;275,313114754098;-23,2196721311475;245;0
vpja90;9;6306;6504;289,813114754098;-92,5196721311476;198;0
vpja90;9;6571;6744;419,013114754098;-398,219672131147;173;0
vpja90;9;6777;7637;507,413114754098;-358,419672131148;860;0
vpja90;9;7706;7855;100,313114754098;-341,719672131147;149;255000
vpja90;9;7881;8074;43,6131147540983;-305,819672131148;193;255000
vpja90;9;8134;8309;-50,2868852459017;-70,5196721311476;175;2,55e+08
vpja90;9;8376;8829;-471,086885245902;323,880327868853;453;255255000
vpja90;9;8922;9141;269,613114754098;340,980327868852;219;0
vpja90;9;9165;9650;292,613114754098;327,080327868852;485;255
vpja90;9;9699;9938;58,6131147540983;211,180327868852;239;0
vpja90;10;264;432;-61,1254480286738;-106,132616487455;168;255000
vpja90;10;446;525;-89,8254480286737;-117,732616487455;79;0
vpja90;10;712;884;-86,4254480286737;-96,8326164874552;172;255000
vpja90;10;937;1179;247,474551971326;75,4673835125449;242;0
vpja90;10;1202;1466;185,674551971326;111,267383512545;264;255255000
vpja90;10;1485;1778;145,674551971326;110,667383512545;293;255255000
vpja90;10;1796;2062;115,674551971326;101,167383512545;266;255255000
vpja90;10;2096;2527;229,974551971326;110,467383512545;431;255255000
vpja90;10;2614;3401;-503,425448028674;148,667383512545;787;0
vpja90;10;3460;3628;-474,225448028674;-125,932616487455;168;0
vpja90;10;3688;3947;-445,625448028674;-388,932616487455;259;0
vpja90;10;4000;4384;-130,925448028674;-384,532616487455;384;0
vpja90;10;4471;4841;-421,025448028674;365,367383512545;370;0
vpja90;10;4910;5216;-51,4254480286737;326,567383512545;306;0
vpja90;10;5268;5504;117,174551971326;139,067383512545;236;0
vpja90;10;5547;5817;298,674551971326;98,1673835125448;270;0
vpja90;10;5845;6182;383,474551971326;90,2673835125448;337;0
vpja90;10;6224;6884;213,874551971326;119,767383512545;660;255255000
vpja90;10;6935;7104;36,4745519713263;298,967383512545;169;0
vpja90;10;7171;7577;-377,425448028674;271,167383512545;406;0
vpja90;10;7644;7774;-63,4254480286737;-88,1326164874552;130;255000
vpja90;10;7795;8174;-81,2254480286738;-128,732616487455;379;255000
vpja90;10;8225;8488;-17,2254480286738;-383,332616487455;263;0
vpja90;10;8514;8739;-78,6254480286738;-392,432616487455;225;0
vpja90;10;8784;8930;93,1745519713263;-355,432616487455;146;0
vpja90;10;8974;9112;284,174551971326;-279,732616487455;138;0
vpja90;10;9167;9449;561,474551971326;-75,8326164874552;282;0
vpja90;10;9488;9816;560,374551971326;92,7673835125448;328;0
vpja90;10;9860;10000;347,974551971326;92,8673835125448;140;0
vpja90;11;6;274;3,47686567164192;-0,601492537313447;268;0
vpja90;11;301;397;48,5768656716418;-15,4014925373134;96;255000
vpja90;11;418;464;46,4768656716419;-11,5014925373134;46;255000
vpja90;11;837;1233;72,4768656716419;214,598507462687;396;0
vpja90;11;2142;2478;-572,923134328358;152,598507462687;336;0
vpja90;11;2554;2728;-163,323134328358;-148,101492537313;174;0
vpja90;11;2757;2879;-49,6231343283581;-154,501492537313;122;0
vpja90;11;2943;3110;279,976865671642;147,898507462687;167;255255000
vpja90;11;3135;3618;296,176865671642;93,7985074626866;483;255255000
vpja90;11;3656;4052;294,276865671642;-107,201492537313;396;0
vpja90;11;4106;4327;81,0768656716418;-62,6014925373134;221;255000
vpja90;11;4346;4943;48,9768656716419;-62,9014925373134;597;255000
vpja90;11;4993;5219;207,076865671642;-247,001492537313;226;0
vpja90;11;5266;5852;393,876865671642;-192,001492537313;586;0
vpja90;11;5908;6072;118,176865671642;-39,2014925373134;164;0
vpja90;11;6097;6752;66,4768656716419;-45,5014925373134;655;255000
vpja90;11;6819;6936;-439,723134328358;87,7985074626866;117;0
vpja90;11;6974;7225;-588,623134328358;149,398507462687;251;0
vpja90;11;7260;7449;-606,723134328358;274,398507462687;189;0
vpja90;11;7489;7699;-512,023134328358;253,298507462687;210;0
vpja90;11;7734;8015;-401,723134328358;302,798507462687;281;0
vpja90;11;8411;8658;206,776865671642;165,098507462687;247;0
vpja90;11;8697;8976;315,176865671642;185,098507462687;279;0
vpja90;11;9034;9286;348,976865671642;-98,5014925373134;252;0
vpja90;11;9350;9599;28,7768656716419;-164,701492537313;249;0
vpja90;11;9645;9796;186,476865671642;-162,401492537313;151;0
vpja90;11;9826;10000;311,776865671642;-156,301492537313;174;0
vpja90;12;72;128;-4,35000000000002;-3,03676470588232;56;2,55e+08
vpja90;12;277;316;-2,75;-2,73676470588236;39;2,55e+08
vpja90;12;742;938;-472,35;131,363235294118;196;0
vpja90;12;963;1288;-498,75;68,1632352941176;325;0
vpja90;12;1312;1727;-515,35;137,463235294118;415;0
vpja90;12;1753;1964;-511,35;193,863235294118;211;0
vpja90;12;2957;3376;51,85;76,6632352941176;419;255255000
vpja90;12;4939;5308;88,7500000000001;191,063235294118;369;0
vpja90;12;5365;5495;-62,85;-182,936764705882;130;2,55e+08
vpja90;12;5520;6039;-103,45;-228,036764705882;519;255000
vpja90;12;6049;6264;-123,95;-232,136764705882;215;0
vpja90;12;7249;7478;605,75;-122,436764705882;229;0
vpja90;12;7501;7707;639,65;-160,136764705882;206;0
vpja90;12;7772;7957;133,95;-135,736764705882;185;0
vpja90;12;8025;8139;-373,45;-42,6367647058823;114;255
vpja90;12;8187;8748;-628,65;97,2632352941176;561;0
vpja90;12;8773;8865;-645,45;136,963235294118;92;NA
vpja90;12;9248;9291;7,95000000000005;75,5632352941177;43;255255000
vpja90;12;9312;9431;-52,05;111,863235294118;119;255255000
vpja90;12;9501;9806;-451,05;148,163235294118;305;0
vpja90;12;9869;10000;-83,9499999999999;112,063235294118;131;255255000
vpja90;13;509;691;11,7;-354,6;182;255000
vpja90;13;710;918;-6,5;-392,4;208;255000
vpja90;13;1006;1285;-485,3;321,3;279;255255000
vpja90;13;1315;1636;-570,5;344,8;321;255255000
vpja90;13;1690;1936;-315,7;205,9;246;0
vpja90;13;1960;2138;-268,9;209;178;255255000
vpja90;13;2225;2429;380,8;283,2;204;255
vpja90;13;2456;2930;424,5;352,5;474;0
vpja90;13;3019;3241;-235,7;262,8;222;0
vpja90;13;3555;3724;-299,5;252,8;169;255255000
vpja90;13;3776;4010;-549;326,1;234;255255000
vpja90;13;4069;4226;-213;349,4;157;0
vpja90;13;4311;4665;362;285,2;354;255
vpja90;13;4749;5096;322,4;-202,8;347;0
vpja90;13;5128;5311;238,5;-153,4;183;0
vpja90;13;5390;5769;-243,4;-315,9;379;0
vpja90;13;5818;6050;-483,2;-154,8;232;0
vpja90;13;6084;6395;-435,9;-143,7;311;0
vpja90;13;6446;6648;-304,4;-118,3;202;0
vpja90;13;6707;7634;21,6;-394;927;255000
vpja90;13;7678;8134;-135;-368;456;0
vpja90;13;8159;8353;-185,7;-368,3;194;0
vpja90;13;8400;8631;19;-396,7;231;255000
vpja90;13;8677;8988;88,3000000000001;-171,3;311;2,55e+08
vpja90;13;9055;9237;533,1;-24,9;182;0
vpja90;13;9288;9417;408,1;272,3;129;0
vpja90;13;9510;10000;-386,6;309,3;490;255255000
vpja90;14;353;649;-355,8;59;296;255
vpja90;14;668;817;-394,5;68,1;149;0
vpja90;14;878;1082;-51,6;-262,5;204;0
vpja90;14;1101;1330;-31,8000000000001;-296,8;229;255000
vpja90;14;1398;1679;-378,6;81;281;255
vpja90;14;1760;2009;245,5;103,8;249;255255000
vpja90;14;2035;2171;294,9;125,6;136;255255000
vpja90;14;2471;2647;363,9;8,89999999999998;176;0
vpja90;14;2689;2895;300,8;119,1;206;0
vpja90;14;2963;3567;608,3;56,6999999999999;604;0
vpja90;14;3614;3892;410,4;103,7;278;0
vpja90;14;3937;4445;277;156,7;508;0
vpja90;14;4513;4646;-98,7;109,9;133;0
vpja90;14;4772;4963;-477,8;104,6;191;0
vpja90;14;4986;5422;-569,2;111,6;436;0
vpja90;14;5466;5717;-418,2;106,8;251;0
vpja90;14;5802;6717;280;133,8;915;255255000
vpja90;14;6758;7376;141,9;134;618;0
vpja90;14;7406;8081;264,8;129,1;675;255255000
vpja90;14;8147;8519;519,4;68,1;372;0
vpja90;14;8561;8673;475,8;-106,2;112;0
vpja90;14;8744;8933;6,19999999999993;-247,4;189;255000
vpja90;14;8956;9313;-21,1;-297,2;357;255000
vpja90;14;9387;9620;-560,6;-139,1;233;0
vpja90;14;9661;9806;-534,1;-1,5;145;0
vpja90;14;9835;10000;-620,7;24,6;165;0
vpja90;15;468;610;-36;-14,3;142;255
vpja90;15;633;1273;-43,7;-88;640;255
vpja90;15;1306;1604;-38,8000000000001;5,70000000000005;298;255
vpja90;15;1660;1861;12,1999999999999;-294;201;255000
vpja90;15;1878;2227;-4,10000000000002;-318;349;255000
vpja90;15;2290;2541;-230,6;-66,3;251;0
vpja90;15;2566;3509;-241,8;-21,1999999999999;943;255255000
vpja90;15;3559;3860;-491,2;23,6;301;0
vpja90;15;3885;4168;-540,7;-38,4;283;0
vpja90;15;4194;4387;-570,6;-125,1;193;0
vpja90;15;4414;4671;-619,2;-82;257;0
vpja90;15;4747;4938;-242,5;-138,7;191;0
vpja90;15;4979;5194;-146,5;-252,3;215;0
vpja90;15;5263;5491;162,9;-110,1;228;0
vpja90;15;5541;5828;347,4;-60,5;287;0
vpja90;15;5882;6029;138,6;-0,399999999999977;147;0
vpja90;15;6287;6489;39,1;36,1;202;2,55e+08
vpja90;15;6536;6858;283,2;45,3000000000001;322;0
vpja90;15;6890;7118;378,7;67,9;228;0
vpja90;15;7145;7566;485,5;123,4;421;0
vpja90;15;7599;7953;567,1;18,9;354;0
vpja90;15;8038;8165;-73,6;254,5;127;0
vpja90;15;8211;8570;91,6999999999999;408,9;359;0
vpja90;15;8636;8816;21,1;85,7;180;0
vpja90;15;8845;9098;-41,3000000000001;-15,1;253;255
vpja90;15;9152;9494;253,3;-82,6999999999999;342;0
vpja90;15;9540;10000;422,5;-66,5;460;0
vpja90;16;424;627;-464,4;182,6;203;255255000
vpja90;16;641;873;-489;179,8;232;255255000
vpja90;16;1095;1364;-515;253;269;255255000
vpja90;16;1389;1556;-471,5;305,9;167;255255000
vpja90;16;1644;1833;291,4;254;189;255
vpja90;16;1861;2336;342,1;234,5;475;255
vpja90;16;2355;2892;348;201,1;537;255
vpja90;16;2916;3261;371,8;249,3;345;255
vpja90;16;3283;3943;347,5;202,1;660;255
vpja90;16;4009;4118;57;-187,1;109;0
vpja90;16;4147;4800;-13,4000000000001;-251,6;653;255000
vpja90;16;4844;5039;119,3;-327,3;195;0
vpja90;16;5064;5270;199,2;-370,2;206;0
vpja90;16;5358;5500;-443,5;-104,7;142;0
vpja90;16;5543;5756;-449,7;-13,6;213;0
vpja90;16;5972;6041;397,2;-32,7;69;0
vpja90;16;6062;6135;342,2;79,6999999999999;73;0
vpja90;16;6186;6451;229,1;250,7;265;0
vpja90;16;6547;6913;-334,9;24,8;366;0
vpja90;16;6968;7393;-35,4000000000001;-250,5;425;255000
vpja90;16;7436;7792;-18,1;-70,4000000000001;356;2,55e+08
vpja90;16;7825;8481;-21,6;34,9;656;2,55e+08
vpja90;16;8510;8878;-18,8000000000001;103,9;368;2,55e+08
vpja90;16;8935;9175;315,2;223,4;240;255
vpja90;16;9265;9542;-439;253,8;277;255255000
vpja90;16;9627;10000;391,7;82;373;0
vpja90;17;329;742;-332,8;192,2;413;255255255
vpja90;17;1084;1130;-301,7;177,6;46;255
vpja90;17;1198;1522;293,4;187,5;324;255255000
vpja90;17;1542;1976;326,7;170,7;434;255255000
vpja90;17;2037;2207;51,8000000000001;-220,4;170;255000
vpja90;17;2231;2525;7,39999999999998;-243,7;294;255000
vpja90;17;2576;3014;281;-255,3;438;255255255
vpja90;17;3039;3240;222,7;-291,3;201;255255255
vpja90;17;3268;3621;145,7;-343,7;353;255255255
vpja90;17;3642;4197;153,1;-380,7;555;255255255
vpja90;17;4221;4691;174,6;-435,2;470;255255255
vpja90;17;4709;5277;200,5;-474,2;568;255255255
vpja90;17;5339;5471;67,3000000000001;-322,7;132;255000
vpja90;17;5496;5798;36,4;-275,7;302;255000
vpja90;17;5999;6167;-529,7;-111,9;168;255255255
vpja90;17;6216;6450;-410,9;-280,9;234;255255255
vpja90;17;6552;6694;459,9;-122,3;142;255255255
vpja90;17;6735;6961;533;-9,70000000000005;226;255255255
vpja90;17;7226;7437;-312,7;257,6;211;255255255
vpja90;17;7495;7715;-86,3;174,7;220;255255255
vpja90;17;7777;8107;296,9;171,7;330;255255000
vpja90;17;8167;8396;-3,69999999999993;136,1;229;2,55e+08
vpja90;17;8423;8723;-74,5;137,3;300;2,55e+08
vpja90;17;8778;9028;20;-182,3;250;255000
vpja90;17;9046;9774;20,2;-236,4;728;255000
vpja90;17;9817;10000;36,2;-60;183;2,55e+08
vpja90;18;423;455;49,2;-13,6;32;2,55e+08
vpja90;18;492;647;46,1;-235,5;155;255000
vpja90;18;665;856;47,3000000000001;-277,4;191;255000
vpja90;18;915;1337;273,1;151,8;422;0
vpja90;18;1362;1621;327,2;153,8;259;255
vpja90;18;1707;1853;-286,3;131,9;146;0
vpja90;18;1879;2192;-335,7;136,6;313;255255000
vpja90;18;2431;2706;-344,4;123,9;275;255255000
vpja90;18;2748;3168;-513,1;198,5;420;0
vpja90;18;3239;3442;-208,5;243,9;203;0
vpja90;18;3484;3702;-339,1;189,7;218;0
vpja90;18;3724;3980;-352,4;146,9;256;255255000
vpja90;18;4072;4270;-151,5;-257,6;198;0
vpja90;18;4296;4609;-65;-348,9;313;0
vpja90;18;4634;4891;-85,1999999999999;-438,9;257;0
vpja90;18;4953;5373;228,6;-378,2;420;0
vpja90;18;5429;5734;208,3;-160,4;305;0
vpja90;18;5787;5998;474,8;-62,6999999999999;211;0
vpja90;18;6046;6269;625,9;94,5;223;0
vpja90;18;6309;6725;610,5;278,9;416;0
vpja90;18;6811;6992;1,70000000000005;35,5;181;2,55e+08
vpja90;18;7070;7269;-413,5;-99,1999999999999;199;0
vpja90;18;7312;7462;-507,5;-31,8;150;0
vpja90;18;7503;7727;-419,2;103,2;224;0
vpja90;18;7850;8063;620,3;199,1;213;0
vpja90;18;8096;8523;642;282,7;427;NA
vpja90;18;8581;8815;365,8;192,2;234;0
vpja90;18;8866;9062;115,9;60,5;196;2,55e+08
vpja90;18;9110;9242;48,8000000000001;-245,9;132;255000
vpja90;18;9265;9720;63,1;-300,4;455;255000
vpja90;18;9941;10000;54,9;-274,3;59;255000
vpja90;19;269;552;-221,6;-107,9;283;255000
vpja90;19;575;701;-272,8;-104,1;126;255000
vpja90;19;936;967;-41,3;219,3;31;0
vpja90;19;998;1197;-174,5;271;199;0
vpja90;19;1277;1454;246,5;137,6;177;255255000
vpja90;19;1482;1906;280,6;79,8;424;255255000
vpja90;19;1951;2182;137,7;-37,9;231;0
vpja90;19;2232;2534;257,7;20,6999999999999;302;255255000
vpja90;19;2611;3038;-268,9;-132,7;427;255000
vpja90;19;3087;3305;-521,3;-145,4;218;0
vpja90;19;3332;3678;-557,9;-247,6;346;0
vpja90;19;3737;4041;-292,2;-158,4;304;255000
vpja90;19;4132;4568;304,9;52,6;436;255255000
vpja90;19;4620;4833;530;15,6999999999999;213;0
vpja90;19;4880;5095;342,3;77,1;215;0
vpja90;19;5162;5326;191,5;-299;164;0
vpja90;19;5389;5705;417;-458,4;316;0
vpja90;19;5763;6029;38,7;-178,2;266;0
vpja90;19;6063;6254;-103;-129,3;191;0
vpja90;19;6311;6574;-476,8;-201,9;263;0
vpja90;19;6612;6859;-585,7;-191;247;0
vpja90;19;6915;7294;-313,3;-126;379;255000
vpja90;19;7332;7453;-322,4;-5,30000000000007;121;2,55e+08
vpja90;19;7527;7802;-638,6;237,7;275;0
vpja90;19;7882;7967;-137,2;331,6;85;255
vpja90;19;8178;8201;-197,6;962,6;23;NA
vpja90;19;8278;8392;9,5;187,2;114;0
vpja90;19;8518;8638;557,9;128,8;120;0
vpja90;19;8659;8750;584,6;322,3;91;0
vpja90;19;8833;8987;609,4;-4,60000000000002;154;0
vpja90;19;9013;9231;570,9;-56,8000000000001;218;0
vpja90;19;9286;9410;322,4;0,100000000000023;124;0
vpja90;19;9436;10000;271,9;48,1999999999999;564;255255000
vpja90;20;297;451;-220,8;87,1;154;255
vpja90;20;730;1047;-257,2;106,1;317;255
vpja90;20;1126;1233;247;138,4;107;255255000
vpja90;20;1544;1633;422,6;29,1;89;0
vpja90;20;1661;1884;373,6;162,9;223;255255000
vpja90;20;1906;2574;399;134,9;668;255255000
vpja90;20;2592;2859;401,9;178,7;267;255255000
vpja90;20;2931;3043;49,9;-11,1999999999999;112;2,55e+08
vpja90;20;3104;3273;-256,5;-66,4;169;0
vpja90;20;3292;3622;-249,6;-95,3;330;0
vpja90;20;3684;4076;-12,1;-288;392;255000
vpja90;20;4103;4245;-74,6;-353,9;142;0
vpja90;20;4325;4657;420,7;-78,6999999999999;332;0
vpja90;20;4686;4812;340,9;-92,1999999999999;126;0
vpja90;20;4907;5353;-427,5;-98,1;446;0
vpja90;20;5428;5832;-6,39999999999998;-265,8;404;255000
vpja90;20;5857;6059;19,5;-311,1;202;255000
vpja90;20;6149;6557;37,4;272,5;408;0
vpja90;20;6644;6771;591,6;218,7;127;0
vpja90;20;6823;7148;628,1;47;325;0
vpja90;20;7217;7391;466;-231,7;174;0
vpja90;20;7468;7869;-1,89999999999998;-380,4;401;0
vpja90;20;7954;8265;-525;83,9;311;0
vpja90;20;8299;8529;-603,6;152,3;230;0
vpja90;20;8593;8913;-253,1;99,3000000000001;320;255
vpja90;20;8950;9455;-205,4;97,5;505;255
vpja90;20;9478;9644;-222,7;132,3;166;255
vpja90;20;9909;10000;392,5;27,2;91;0
vpja90;21;385;421;-224,5;83;36;255255000
vpja90;21;542;1348;-467,2;-142,7;806;255000
vpja90;21;1417;1552;-53,3000000000001;-55,3000000000001;135;0
vpja90;21;1579;1720;6,89999999999998;-37,2;141;255
vpja90;21;1988;2059;24,1999999999999;-36,8000000000001;71;255
vpja90;21;2142;2441;510,7;-236,6;299;0
vpja90;21;2477;2794;646,2;-189,2;317;NA
vpja90;21;2827;3237;564,7;-349,8;410;0
vpja90;21;3315;3407;122,7;-50;92;0
vpja90;21;3449;3628;17,1999999999999;-19,1;179;255
vpja90;21;3673;3900;-76,7;-257,9;227;0
vpja90;21;3932;4207;-181,9;-284,5;275;0
vpja90;21;4277;4982;-274,8;102,2;705;255255000
vpja90;21;5225;5588;-289,3;77,4;363;255255000
vpja90;21;5665;6321;44,3;-427,1;656;0
vpja90;21;6337;6745;62,2;-415,4;408;0
vpja90;21;6760;7098;72,8;-430,5;338;0
vpja90;21;7115;7644;58,5;-420;529;0
vpja90;21;7736;8601;-449,6;-155,5;865;255000
vpja90;21;8637;8811;-504,7;-57,9;174;2,55e+08
vpja90;21;8837;9100;-486,8;-142,6;263;255000
vpja90;21;9159;9310;-245,8;-48,8000000000001;151;0
vpja90;21;9367;9607;-19;31,8;240;0
vpja90;21;9651;9917;-85,9000000000001;215,8;266;0
vpja90;21;9965;10000;-363,7;301,2;35;0
vpja90;22;359;462;-447,3;181,6;103;255
vpja90;22;908;1102;-480,8;201,7;194;255
vpja90;22;1128;1431;-537,2;202,4;303;0
vpja90;22;1473;1860;-456,9;244,2;387;255
vpja90;22;1884;2059;-502,7;245,2;175;0
vpja90;22;2279;2646;-536,8;192;367;255
vpja90;22;2663;2915;-515,9;185,1;252;255
vpja90;22;3021;3476;346,5;170,6;455;255255000
vpja90;22;3555;3989;-406,2;241,6;434;255
vpja90;22;4085;4497;366,1;188,8;412;255255000
vpja90;22;4562;4699;-6,20000000000005;-203,9;137;255000
vpja90;22;4733;5175;-56,5;-240,6;442;255000
vpja90;22;5439;5655;-378,2;-211,1;216;0
vpja90;22;5687;6060;-434,9;-112,6;373;0
vpja90;22;6085;6439;-432;-65,8;354;0
vpja90;22;6455;6957;-410,8;-51,6;502;0
vpja90;22;7071;7475;568,4;-27,8;404;0
vpja90;22;7689;8201;-400,6;-91,6999999999999;512;0
vpja90;22;8238;8602;-294;-230,6;364;0
vpja90;22;8708;9137;566,8;-119,6;429;0
vpja90;22;9161;9416;533,9;-183,8;255;0
vpja90;22;9503;9760;-55;-229,7;257;255000
vpja90;22;9829;10000;-494,3;-109,4;171;0
vpja90;23;367;493;-238,5;86,5;126;0
vpja90;23;595;966;-115,2;-176,1;371;255000
vpja90;23;1022;1694;107,1;108,4;672;255255000
vpja90;23;1946;2081;296,1;31;135;0
vpja90;23;2105;2435;356;-12,6;330;0
vpja90;23;2490;2815;106,4;94,2;325;255255000
vpja90;23;2883;3167;-287,4;120,7;284;255
vpja90;23;3195;3603;-356,3;114,6;408;0
vpja90;23;3616;3841;-390,9;113,5;225;0
vpja90;23;3874;3941;-293,8;123,3;67;255
vpja90;23;3981;4268;-295,9;123,8;287;0
vpja90;23;4289;4520;-348,3;115,8;231;0
vpja90;23;4541;5110;-388,5;109,7;569;0
vpja90;23;5136;5282;-336,2;136,9;146;0
vpja90;23;5524;5550;-31,3;311,3;26;0
vpja90;23;5571;5627;-180,4;387,3;56;0
vpja90;23;5707;5818;-135,3;-99,1;111;2,55e+08
vpja90;23;5845;6082;-93,5999999999999;-175,5;237;255000
vpja90;23;6092;6558;-107;-185,2;466;255000
vpja90;23;6608;6667;-156,1;-11,5;59;2,55e+08
vpja90;23;6710;6747;-155,4;-6,89999999999998;37;2,55e+08
vpja90;23;6797;6838;-154,8;-4,29999999999995;41;2,55e+08
vpja90;23;6890;7186;1,60000000000002;22,5;296;2,55e+08
vpja90;23;7237;7560;161,2;87,8000000000001;323;0
vpja90;23;7900;8108;-118,3;-154,4;208;255000
vpja90;23;8130;8406;-97,5999999999999;-183;276;255000
vpja90;23;8490;8830;583,3;-184,6;340;0
vpja90;23;8895;9171;620,4;337,4;276;0
vpja90;23;9250;9494;71,4000000000001;160,1;244;0
vpja90;23;9660;9686;981,5;1314,8;26;NA
vpja90;24;593;796;206,7;192,5;203;0
vpja90;24;820;1054;256,3;232,2;234;255
vpja90;24;1070;1385;282,4;243,8;315;255
vpja90;24;1443;1607;-129,5;322,9;164;255255000
vpja90;24;1631;2402;-180;328,9;771;0
vpja90;24;2436;2568;-336,7;332,2;132;0
vpja90;24;2599;2811;-224,9;340;212;0
vpja90;24;2909;3104;202,9;267,5;195;0
vpja90;24;3128;3582;247,8;224,1;454;255
vpja90;24;3649;3776;-16,7;-155;127;0
vpja90;24;3803;4146;-69,1;-173,9;343;255000
vpja90;24;4164;4525;-81,2;-149;361;255000
vpja90;24;4558;4741;-180,3;-159,2;183;2,55e+08
vpja90;24;4782;5023;-230;-39,6999999999999;241;2,55e+08
vpja90;24;5087;5389;-214,3;297,7;302;0
vpja90;24;5461;5620;173,2;258,1;159;0
vpja90;24;5647;6233;230,9;221,3;586;255
vpja90;24;6298;6448;-111,3;306,3;150;255255000
vpja90;24;6477;7308;-176,1;325,8;831;0
vpja90;24;7329;7505;-208,1;325,9;176;0
vpja90;24;7533;7838;-144;302,6;305;255255000
vpja90;24;7897;8188;-103,6;-154,8;291;255000
vpja90;24;8213;8623;-76,7;-144,9;410;255000
vpja90;24;8667;9003;-133,5;-56,1999999999999;336;2,55e+08
vpja90;24;9040;9316;-53,5;-210;276;255000
vpja90;24;9351;9462;-58;-91,3;111;2,55e+08
vpja90;24;9525;9794;282,1;-4,5;269;0
vpja90;24;9832;9943;395;58;111;0
vpja90;25;308;705;-77,1999999999999;242,1;397;255
vpja90;25;724;877;-108,7;271,3;153;255
vpja90;25;1150;1257;-18,4;198,9;107;2,55e+08
vpja90;25;1277;1351;-87,6999999999999;240,9;74;255
vpja90;25;1424;1624;-540,5;193,2;200;255255000
vpja90;25;1648;2199;-566,7;158;551;255255000
vpja90;25;2224;2417;-550,2;222,5;193;255255000
vpja90;25;2645;2762;-355,1;139,5;117;0
vpja90;25;2816;3177;-568,2;184,1;361;255255000
vpja90;25;3273;3757;-10,9;-102,1;484;255000
vpja90;25;3812;4187;19,5;146,5;375;2,55e+08
vpja90;25;4218;4590;66,6999999999999;209,3;372;2,55e+08
vpja90;25;4615;4762;13,1;196,2;147;2,55e+08
vpja90;25;4836;5108;367,8;247,9;272;0
vpja90;25;5165;5504;55;133,4;339;2,55e+08
vpja90;25;5531;5782;26,4;33,4;251;2,55e+08
vpja90;25;5825;6151;58,1999999999999;-137,8;326;255000
vpja90;25;6181;6498;92,0000000000001;-236,8;317;255000
vpja90;25;6555;6881;-13;85,8000000000001;326;2,55e+08
vpja90;25;7153;7812;18,8000000000001;108,8;659;2,55e+08
vpja90;25;7857;8239;-63,5;186,5;382;2,55e+08
vpja90;25;8264;8465;-26,1;167,2;201;2,55e+08
vpja90;25;8493;8735;-80,9;197,1;242;255
vpja90;25;8798;9054;-490,2;137,1;256;0
vpja90;25;9071;9418;-518;126,6;347;255255000
vpja90;25;9503;9868;10,1;-168,1;365;255000
vpja90;25;9891;10000;28,4;-104,6;109;255000
vpja90;26;264;814;168,5;147,8;550;255
vpja90;26;898;1117;-379;347,9;219;255255000
vpja90;26;1143;1226;-414,8;384;83;255255000
vpja90;26;1502;1788;-432;380,8;286;255255000
vpja90;26;1814;2130;-508;318,4;316;0
vpja90;26;2207;2377;-320,7;-173,7;170;255000
vpja90;26;2403;2827;-324,5;-234,2;424;255000
vpja90;26;2906;3074;103,4;-153,6;168;0
vpja90;26;3134;3300;409,1;-134,3;166;0
vpja90;26;3326;3546;444,5;-201;220;0
vpja90;26;3602;3933;240,5;-91,1;331;0
vpja90;26;3954;4019;237;-55;65;0
vpja90;26;4120;4366;-538,5;-202;246;0
vpja90;26;4390;4712;-585,4;-201,1;322;0
vpja90;26;4757;4940;-614,6;-55,1999999999999;183;0
vpja90;26;5012;5185;-439,3;-300,6;173;255000
vpja90;26;5251;5403;-131,6;-223,4;152;0
vpja90;26;5462;5876;-19,3;-13,4;414;0
vpja90;26;5934;6205;166,2;71;271;0
vpja90;26;6245;6471;155,2;215,8;226;255
vpja90;26;6851;6895;59,1;206,5;44;0
vpja90;26;7009;7123;7,60000000000002;289,1;114;0
vpja90;26;7179;7444;-264,9;309,8;265;0
vpja90;26;7483;7766;-398,8;346,9;283;255255000
vpja90;26;7793;8513;-451,7;364,5;720;255255000
vpja90;26;8605;8892;107;188,6;287;0
vpja90;26;8917;10000;167,1;173,5;1083;255
