vp;trial;timest;timeend;x;y;duration;roi
vpja83;1;637;895;-131,1;342,4;258;255255000
vpja83;1;910;1111;-115,7;364,2;201;255255000
vpja83;1;1165;1314;-467;338,4;149;0
vpja83;1;1384;1605;-181,4;-223,2;221;255000
vpja83;1;1626;1893;-224,5;-213,3;267;0
vpja83;1;2430;2611;-192,9;-226,7;181;255000
vpja83;1;2671;3112;230,2;-259;441;0
vpja83;1;3158;3326;282,9;4,60000000000002;168;0
vpja83;1;3357;3494;330,5;100,6;137;0
vpja83;1;3579;3805;-411;354;226;0
vpja83;1;3834;4009;-481,9;327,1;175;0
vpja83;1;4046;4184;-613,8;294,6;138;0
vpja83;1;4266;4579;-509,6;-220,8;313;0
vpja83;1;4598;4725;-514,1;-261,3;127;0
vpja83;1;4978;5108;-213,4;-286,5;130;255000
vpja83;1;5218;5337;408,8;177,4;119;0
vpja83;1;5390;5610;573,5;408,9;220;0
vpja83;1;5630;6017;575,8;451,2;387;0
vpja83;1;6027;6228;584,6;458,9;201;0
vpja83;1;6282;6477;386,1;109,8;195;0
vpja83;1;6503;6673;312,3;40,1;170;0
vpja83;1;6726;6944;170,5;-249,6;218;0
vpja83;1;6996;7131;-147,2;-250,2;135;255000
vpja83;1;7158;7631;-208,5;-212,6;473;255000
vpja83;1;7660;7860;-190,1;-124,1;200;2,55e+08
vpja83;1;7894;8071;-204,5;-224,2;177;255000
vpja83;1;8279;8430;-192,9;199,7;151;2,55e+08
vpja83;1;8446;8735;-183,1;232,5;289;0
vpja83;1;8777;9070;-134,7;355,1;293;255255000
vpja83;1;9086;9448;-109;364,6;362;255255000
vpja83;1;9503;9841;-468,2;325;338;0
vpja83;1;9875;10000;-563,6;330,3;125;0
vpja83;2;415;522;-54,3;87,6999999999999;107;0
vpja83;2;582;627;-57,8;92;45;0
vpja83;2;865;1033;267,5;221,5;168;255
vpja83;2;1065;1279;362,5;252,1;214;0
vpja83;2;1368;1607;-443,2;298,3;239;255255000
vpja83;2;1685;1834;-107;-316,2;149;2,55e+08
vpja83;2;1855;2598;-74,5;-348;743;255000
vpja83;2;2655;2910;-424;-305,3;255;0
vpja83;2;2933;3143;-489;-305,4;210;0
vpja83;2;3169;3526;-569,6;-344,5;357;0
vpja83;2;3551;3974;-505,8;-418,2;423;0
vpja83;2;3991;4088;-526,5;-441,4;97;0
vpja83;2;4172;4462;142,9;-378,5;290;0
vpja83;2;4492;4642;185;-306,7;150;0
vpja83;2;4698;5118;518,9;-176,8;420;0
vpja83;2;5222;5584;296,5;338,4;362;0
vpja83;2;5663;6005;-479,6;308,5;342;255255000
vpja83;2;6020;6538;-492,5;289,5;518;0
vpja83;2;6591;6766;-111,3;165,6;175;2,55e+08
vpja83;2;6882;7041;-52,5999999999999;-325,7;159;255000
vpja83;2;7062;7333;-68,4;-369,7;271;255000
vpja83;2;7404;7691;-106,8;150,6;287;2,55e+08
vpja83;2;7720;7895;-130,9;92,5;175;2,55e+08
vpja83;2;7927;8166;-106;-6,90000000000009;239;2,55e+08
vpja83;2;8409;8546;2,5;-399,9;137;0
vpja83;2;8574;8820;-58,5999999999999;-368,5;246;255000
vpja83;2;8831;9036;-69,9;-376,6;205;255000
vpja83;2;9046;9196;-58,1999999999999;-377,4;150;255000
vpja83;2;9294;9521;349,4;180,9;227;255
vpja83;2;9557;10000;275,5;312,6;443;255
vpja83;3;603;883;-1,70000000000005;123,6;280;2,55e+08
vpja83;3;1043;1213;-216,9;161,9;170;0
vpja83;3;1252;1544;-276,2;314,6;292;0
vpja83;3;1570;1880;-245,5;267,7;310;0
vpja83;3;1968;2130;417,3;227,1;162;0
vpja83;3;2174;2369;500,9;72;195;0
vpja83;3;2441;2581;164;-252,7;140;0
vpja83;3;2624;3207;-7,80000000000007;-286,7;583;255000
vpja83;3;3240;3576;5,19999999999993;-153,7;336;2,55e+08
vpja83;3;3588;3733;16,6999999999999;-149,2;145;2,55e+08
vpja83;3;3769;4006;-6,20000000000005;-287,7;237;255000
vpja83;3;4022;4236;1,60000000000002;-314,3;214;255000
vpja83;3;4464;4538;-231,3;-208,1;74;0
vpja83;3;4754;4886;-551,9;52,6;132;0
vpja83;3;4923;5135;-594,4;177,1;212;0
vpja83;3;5182;5475;-571;-48,9;293;0
vpja83;3;5527;5737;-581,2;232,2;210;0
vpja83;3;5780;5994;-524,8;340,7;214;0
vpja83;3;6042;6204;-584,5;60,3000000000001;162;0
vpja83;3;6254;6506;-572,5;-285,1;252;0
vpja83;3;6577;6810;-87,4;-306,7;233;0
vpja83;3;6869;7077;349,5;-374;208;0
vpja83;3;7137;7317;31,5;-250,4;180;2,55e+08
vpja83;3;7343;7505;0,699999999999932;-293,5;162;255000
vpja83;3;7579;7768;79,8000000000001;335,3;189;2,55e+08
vpja83;3;7808;7988;67;444,3;180;2,55e+08
vpja83;3;8006;8261;36,3;464,4;255;2,55e+08
vpja83;3;8268;8747;19,8;459,3;479;2,55e+08
vpja83;3;8958;9114;-7,39999999999998;-220,9;156;0
vpja83;3;9139;9303;11,6;-263,6;164;255000
vpja83;3;9339;9584;-43,7;-61,6999999999999;245;255255000
vpja83;3;9635;9852;13,6999999999999;-299,7;217;255000
vpja83;3;9895;10000;-43,1;-13,4;105;255255000
vpja83;4;256;390;153,3;-141,7;134;255000
vpja83;4;410;676;180,9;-171,5;266;255000
vpja83;4;692;947;171,9;-192,3;255;255000
vpja83;4;992;1149;173,6;47,6;157;2,55e+08
vpja83;4;1196;1396;185,7;-184,9;200;255000
vpja83;4;1468;1708;218,7;318,6;240;255
vpja83;4;1743;2059;244;223,6;316;255
vpja83;4;2092;2525;237,8;358,1;433;255
vpja83;4;2544;2686;220,9;342,4;142;255
vpja83;4;2720;2825;260,9;238,2;105;255
vpja83;4;2899;3239;-416,4;185,7;340;255255000
vpja83;4;3260;3371;-477,7;186;111;255255000
vpja83;4;3571;3739;-406,8;-248,7;168;0
vpja83;4;3787;3924;-158,6;-346,8;137;0
vpja83;4;3971;4174;158;-216,9;203;255000
vpja83;4;4191;4445;179;-192,9;254;255000
vpja83;4;4482;4759;151,1;-28,4;277;2,55e+08
vpja83;4;4799;5056;182,9;-217,9;257;255000
vpja83;4;5074;5504;180,3;-192,6;430;255000
vpja83;4;5523;5817;196,3;-224,9;294;255000
vpja83;4;5857;5980;83,9;-267,1;123;255000
vpja83;4;6027;6357;-109,6;-378,7;330;0
vpja83;4;6377;6573;-143,6;-396,9;196;0
vpja83;4;6600;6948;-222,3;-482,4;348;NA
vpja83;4;6992;7202;-48,3000000000001;-412;210;0
vpja83;4;7264;7456;404;-361,6;192;0
vpja83;4;7485;7665;465,4;-430,7;180;0
vpja83;4;7691;8109;373,5;-431,6;418;0
vpja83;4;8127;8337;383,6;-400,7;210;0
vpja83;4;8377;8590;553,7;-416,2;213;0
vpja83;4;8607;9032;562,7;-439,3;425;0
vpja83;4;9064;9278;526,2;-351,2;214;0
vpja83;4;9331;9632;481,6;-6,89999999999998;301;0
vpja83;4;9653;9914;455;-42,9;261;0
vpja83;4;9957;10000;406,1;-198,9;43;0
vpja83;5;335;521;-1,10000000000002;127,4;186;0
vpja83;5;545;686;-60,6999999999999;179,3;141;0
vpja83;5;741;1110;-295,7;149,2;369;255255000
vpja83;5;1129;1256;-309,4;119,5;127;255255000
vpja83;5;1306;1435;-84,1;-112,3;129;2,55e+08
vpja83;5;1460;1907;-59,1;-161,1;447;255000
vpja83;5;1957;2182;158,3;-321,8;225;0
vpja83;5;2243;2467;480,4;-385,2;224;0
vpja83;5;2517;2862;238,7;-371,9;345;0
vpja83;5;2911;3031;383,1;-184,8;120;0
vpja83;5;3090;3304;348;136,2;214;0
vpja83;5;3346;3560;394,5;258,1;214;0
vpja83;5;3627;3865;-151,5;365,3;238;0
vpja83;5;3930;4163;-460,1;335,7;233;0
vpja83;5;4187;4395;-511,4;307,9;208;0
vpja83;5;4442;4652;-518,8;51,1999999999999;210;0
vpja83;5;4678;4742;-476,9;-42,7;64;0
vpja83;5;4970;5139;-465;-100,5;169;0
vpja83;5;5171;5414;-415,8;-10,4000000000001;243;0
vpja83;5;5435;5887;-438,3;12;452;0
vpja83;5;5922;6580;-477,2;-110,8;658;0
vpja83;5;6596;6993;-485,7;-124,8;397;0
vpja83;5;7045;7363;-440,3;221,8;318;0
vpja83;5;7388;7555;-489,9;274;167;0
vpja83;5;7597;7734;-316,2;178,1;137;255255000
vpja83;5;7772;8288;-199,4;358,2;516;0
vpja83;5;8311;8536;-131,2;368,9;225;0
vpja83;5;8550;8712;-139,5;346;162;0
vpja83;5;8753;8975;-28,8;200,4;222;0
vpja83;5;8997;9392;25,9;179,4;395;255
vpja83;5;9448;9570;-60;-101,3;122;2,55e+08
vpja83;5;9595;9887;-61,1999999999999;-167,1;292;255000
vpja83;5;9940;10000;168,4;-351,6;60;0
vpja83;6;778;949;27,8;9,60000000000002;171;255
vpja83;6;972;1198;32,6;-41,5;226;255
vpja83;6;1232;1526;38;91,3000000000001;294;255
vpja83;6;1557;1828;36,1;19,5;271;255
vpja83;6;2048;2213;-453;-98,8;165;255000
vpja83;6;2227;2466;-459,9;-119,1;239;255000
vpja83;6;2515;2702;-182,6;-281,1;187;0
vpja83;6;2793;3085;532,2;-368;292;0
vpja83;6;3119;3375;509,6;-219,2;256;0
vpja83;6;3410;3584;631,7;-182,7;174;0
vpja83;6;3664;3855;95,1;-385;191;0
vpja83;6;3881;4129;96,1999999999999;-444,2;248;0
vpja83;6;4185;4387;-64,7;-301,3;202;0
vpja83;6;4406;4605;-91;-266,9;199;0
vpja83;6;4635;4987;11,3;-250,2;352;0
vpja83;6;5067;5435;531,8;-242,8;368;0
vpja83;6;5467;5642;470,9;-161,7;175;0
vpja83;6;5696;5949;596,9;211,4;253;0
vpja83;6;5999;6213;387,5;318,1;214;0
vpja83;6;6245;6455;282,8;234,9;210;0
vpja83;6;6503;6712;113,4;400,7;209;0
vpja83;6;6777;6896;-222,5;459,2;119;0
vpja83;6;6948;7255;-526,3;442,2;307;0
vpja83;6;7272;7503;-561,5;439,3;231;0
vpja83;6;7847;8130;544,6;-277,4;283;0
vpja83;6;8159;8411;472,8;-187,5;252;0
vpja83;6;8427;8585;462,4;-163,9;158;0
vpja83;6;8669;8926;-213,7;-281,8;257;0
vpja83;6;8949;9132;-165;-287,1;183;0
vpja83;6;9195;9416;-442,6;-433,3;221;0
vpja83;6;9470;9694;-467;-100,9;224;255000
vpja83;6;9737;9999;-309,7;123,8;262;255255000
vpja83;7;736;891;289,3;161,1;155;0
vpja83;7;912;1364;281,7;121,4;452;255
vpja83;7;2006;2119;-31,8000000000001;-201,8;113;2,55e+08
vpja83;7;2142;2316;-8,5;-256,3;174;255000
vpja83;7;2329;2634;9,89999999999998;-269,8;305;255000
vpja83;7;2650;3091;16,1;-296,5;441;255000
vpja83;7;3108;3275;17,3;-257,8;167;255000
vpja83;7;3341;3593;277,7;116,7;252;255
vpja83;7;3646;3880;552,3;58;234;0
vpja83;7;3911;4066;542,1;-26;155;0
vpja83;7;4112;4486;574,4;-219,4;374;0
vpja83;7;4523;4652;443,2;-181,3;129;0
vpja83;7;4938;5200;573,6;-156;262;0
vpja83;7;5233;5441;627,1;-75,9;208;0
vpja83;7;5567;5762;-547,6;-130,8;195;0
vpja83;7;5808;6021;-579,1;49,1;213;0
vpja83;7;6043;6293;-611,2;68,9;250;0
vpja83;7;6366;6675;-269,5;427;309;0
vpja83;7;6736;7385;125,5;452,7;649;2,55e+08
vpja83;7;7441;7663;272,8;177,5;222;0
vpja83;7;7688;7966;274,2;121,6;278;255
vpja83;7;9298;9415;-39,4;-6,60000000000002;117;2,55e+08
vpja83;7;9459;9673;4;-261,7;214;255000
vpja83;7;9691;9900;14,8;-287;209;255000
vpja83;7;9911;10000;-0,800000000000068;-296,4;89;255000
vpja83;8;296;495;183,6;174,1;199;255255000
vpja83;8;519;712;227,1;202,7;193;255255000
vpja83;8;994;1015;-248,8;308,8;21;255
vpja83;8;1180;1332;-314,6;307,3;152;255
vpja83;8;1380;1493;-379;22,5;113;2,55e+08
vpja83;8;1513;1843;-381,5;-15,7;330;255000
vpja83;8;1859;2076;-381,5;-40,1;217;255000
vpja83;8;2094;2415;-350,5;-57,1;321;255000
vpja83;8;2436;2679;-389,4;-15,3000000000001;243;2,55e+08
vpja83;8;2714;3003;-389;155,6;289;2,55e+08
vpja83;8;3153;3336;157,3;203,9;183;255255000
vpja83;8;3362;3718;220,7;187,8;356;255255000
vpja83;8;3755;4005;320,7;232,5;250;0
vpja83;8;4021;4330;284,7;225,9;309;255255000
vpja83;8;4355;4609;219,4;223,7;254;255255000
vpja83;8;4618;4853;201,3;218,5;235;255255000
vpja83;8;4919;5198;-302,5;325,7;279;255
vpja83;8;5208;5890;-315;322,6;682;255
vpja83;8;5917;6114;-256,4;336,7;197;255
vpja83;8;6175;6423;190,7;231,8;248;255255000
vpja83;8;6443;6573;212,6;202,6;130;255255000
vpja83;8;6617;6880;298,5;30,4;263;0
vpja83;8;6907;6929;278,5;-41,5;22;0
vpja83;8;6981;7354;574,5;-112,7;373;0
vpja83;8;7598;7868;-86,4;-302;270;0
vpja83;8;7915;8136;-287,4;-209,4;221;0
vpja83;8;8188;8394;-3,10000000000002;-318,7;206;0
vpja83;8;8421;8813;79,4999999999999;-337,7;392;0
vpja83;8;8857;9050;236,3;-320,4;193;0
vpja83;8;9140;9374;-566,3;-166,1;234;0
vpja83;8;9398;9568;-590,6;-224,2;170;0
vpja83;8;9595;9751;-607,8;-318,7;156;0
vpja83;8;9769;9999;-609,4;-355,6;230;0
vpja83;9;491;641;-393,8;233,8;150;0
vpja83;9;790;1027;92,4;-222,3;237;255000
vpja83;9;1048;1269;110,2;-247;221;255000
vpja83;9;1281;1469;105,9;-228,6;188;255000
vpja83;9;1494;1765;107,4;-278,9;271;255000
vpja83;9;1840;2015;405,5;273,5;175;255
vpja83;9;2043;2303;417,7;330,4;260;255
vpja83;9;2323;2586;433,6;365,7;263;255
vpja83;9;2647;2871;58,6;332,3;224;0
vpja83;9;2924;3185;390,5;337,3;261;255
vpja83;9;3207;3379;425,4;381,2;172;255
vpja83;9;3481;3745;-531,1;400,1;264;255255000
vpja83;9;3772;4149;-499,2;333,2;377;0
vpja83;9;4176;4338;-547,3;373,4;162;0
vpja83;9;4390;4511;-552,9;25,5;121;0
vpja83;9;4562;4792;-553,9;-266,5;230;0
vpja83;9;4817;5106;-621,5;-270,1;289;0
vpja83;9;5148;5359;-452,1;-290,7;211;0
vpja83;9;5403;5654;-611,6;-244,6;251;0
vpja83;9;5707;6120;-284,2;-246,8;413;0
vpja83;9;6182;6742;-610,6;-219,4;560;0
vpja83;9;6762;6887;-627,5;-251,2;125;0
vpja83;9;7140;7409;-272,9;-207,5;269;0
vpja83;9;7485;7690;355,2;-65,9;205;0
vpja83;9;7718;7854;425,2;-90,6;136;0
vpja83;9;7909;8179;589,3;-439;270;0
vpja83;9;8221;8476;437,3;-483,3;255;NA
vpja83;9;8531;8815;412,8;-53,5;284;0
vpja83;9;8837;9144;413;-91,7;307;0
vpja83;9;9159;9545;413,7;-112,1;386;0
vpja83;9;9580;9975;394,1;36,6;395;0
vpja83;10;295;382;51,4;19,6;87;2,55e+08
vpja83;10;415;856;-2,5;136,5;441;255255000
vpja83;10;873;1119;-39,2;144,3;246;0
vpja83;10;1132;1559;-47,5;129,6;427;255255000
vpja83;10;1588;1893;7,19999999999993;193,1;305;255255000
vpja83;10;1975;2159;-551,7;296,9;184;0
vpja83;10;2192;2612;-578,5;191,4;420;0
vpja83;10;2632;2838;-582,2;146;206;0
vpja83;10;2865;3273;-616,3;49,9;408;0
vpja83;10;3304;3646;-618,9;-15,2;342;0
vpja83;10;3669;3841;-581,8;-52,2;172;0
vpja83;10;3896;4265;-603,6;285,7;369;0
vpja83;10;4296;4583;-582,8;189,2;287;0
vpja83;10;4599;4932;-583,1;161,2;333;0
vpja83;10;5009;5214;67,5999999999999;-21,7;205;255000
vpja83;10;5226;5409;84,0999999999999;-23,5;183;0
vpja83;10;5468;5810;299;189,5;342;255
vpja83;10;5824;6104;314,5;185,9;280;255
vpja83;10;6396;6537;46,3;23,8;141;2,55e+08
vpja83;10;6585;6810;305,9;177,7;225;255
vpja83;10;6838;7052;341,3;218,5;214;0
vpja83;10;7073;8003;302,4;194,1;930;255
vpja83;10;8063;8193;87,3999999999999;28,7;130;0
vpja83;10;8213;8429;78,2;-6,79999999999995;216;0
vpja83;10;8449;8994;82,2;-40;545;255000
vpja83;10;9008;9355;72,7;-16,3;347;255000
vpja83;10;9383;9595;-15,8000000000001;85,2;212;2,55e+08
vpja83;10;9952;9999;82,2;140,4;47;2,55e+08
vpja83;11;268;465;-24,7;162,9;197;0
vpja83;11;823;979;399,8;389,4;156;0
vpja83;11;1006;1451;475,7;412,9;445;0
vpja83;11;1467;1705;499,7;417,6;238;0
vpja83;11;1724;1872;533;423,3;148;255255000
vpja83;11;1969;2496;-455,7;384,7;527;255
vpja83;11;2509;2671;-469,9;399,5;162;255
vpja83;11;2773;3209;457,5;403,1;436;0
vpja83;11;3282;3430;157,9;56,4;148;2,55e+08
vpja83;11;3485;3593;50,6;-283,8;108;255000
vpja83;11;3616;3851;16,7;-326,8;235;255000
vpja83;11;3859;3997;4;-331,8;138;255000
vpja83;11;4014;4280;16,7;-364,7;266;255000
vpja83;11;4335;4487;12,7;-40,8000000000001;152;2,55e+08
vpja83;11;4572;4704;-5,39999999999998;72,6;132;2,55e+08
vpja83;11;5386;5490;-363,6;302,9;104;255
vpja83;11;5574;5797;443,6;355,7;223;0
vpja83;11;5831;6129;473,5;389,9;298;0
vpja83;11;6154;6463;517,3;404,7;309;0
vpja83;11;6498;6745;465,7;319,9;247;0
vpja83;11;6847;7036;-423,6;360,6;189;255
vpja83;11;7067;7285;-534;390,4;218;255
vpja83;11;7335;7571;-258,7;284,1;236;0
vpja83;11;7656;7872;451,8;390,8;216;0
vpja83;11;7946;8098;538;43,5;152;0
vpja83;11;8146;8322;539,6;-189,3;176;0
vpja83;11;8365;8579;425,9;-305,4;214;0
vpja83;11;8617;8868;322,7;-255,5;251;0
vpja83;11;8947;9105;-218,9;-318,5;158;0
vpja83;11;9172;9357;-530,1;-312,4;185;0
vpja83;11;9395;9781;-575,9;-413,4;386;0
vpja83;11;9822;10000;-537,9;-322,8;178;0
vpja83;12;317;530;103,3;270,3;213;255
vpja83;12;555;777;156,7;317,9;222;255
vpja83;12;800;1097;199,2;352,1;297;255
vpja83;12;1122;1554;145,9;287,5;432;255
vpja83;12;1622;1810;-451,4;403,7;188;255255000
vpja83;12;1834;2169;-501;382;335;255255000
vpja83;12;2236;2342;-272,4;-111,8;106;255000
vpja83;12;2370;2548;-314,1;-175;178;255000
vpja83;12;2560;2781;-312,1;-149,6;221;255000
vpja83;12;2859;3104;140,2;315,8;245;255
vpja83;12;3133;3367;200,4;358,5;234;255
vpja83;12;3380;3600;219,5;378,3;220;255
vpja83;12;3641;4408;136;308;767;255
vpja83;12;4481;4684;-301,6;-133,6;203;255000
vpja83;12;4708;4890;-303,2;-184,9;182;255000
vpja83;12;4908;5058;-310,7;-156,6;150;255000
vpja83;12;5107;5335;-519,1;-129,4;228;2,55e+08
vpja83;12;5362;5567;-588,1;-80,8;205;0
vpja83;12;5630;5809;-346,1;-298,2;179;255000
vpja83;12;5836;6227;-395,1;-370,2;391;255000
vpja83;12;6255;6432;-281,1;-379;177;255000
vpja83;12;6495;6794;-538,9;-228,5;299;0
vpja83;12;6834;7228;-601,7;-49,5;394;0
vpja83;12;7242;7664;-605,7;-65,1;422;0
vpja83;12;7676;7905;-614,4;-82,6;229;0
vpja83;12;7942;8046;-593,9;-208,3;104;0
vpja83;12;8155;8337;-492,3;459,3;182;255255000
vpja83;12;8357;8558;-494,5;411,4;201;255255000
vpja83;12;8577;9086;-503,1;375;509;255255000
vpja83;12;9097;9383;-519,9;381,5;286;255255000
vpja83;13;395;596;-17,6913043478261;-93,3130434782609;201;255000
vpja83;13;624;806;60,0086956521739;-168,813043478261;182;255000
vpja83;13;846;1039;-34,6913043478261;-96,8130434782609;193;255000
vpja83;13;1049;1500;-51,7913043478261;-80,4130434782609;451;255000
vpja83;13;1556;1825;-61,5913043478262;310,386956521739;269;255255000
vpja83;13;1844;2228;-78,7913043478261;281,486956521739;384;255255000
vpja83;13;2258;2652;-74,9913043478261;371,786956521739;394;255255000
vpja83;13;2670;2880;-45,3913043478261;370,286956521739;210;255255000
vpja83;13;2906;3244;-74,3913043478261;285,286956521739;338;255255000
vpja83;13;3293;3401;37,7086956521739;49,5869565217391;108;2,55e+08
vpja83;13;3445;3656;-3,39130434782612;-136,513043478261;211;255000
vpja83;13;3700;3994;53,5086956521739;113,086956521739;294;2,55e+08
vpja83;13;4026;4253;30,9086956521738;217,086956521739;227;2,55e+08
vpja83;13;4267;4890;16,4086956521738;201,986956521739;623;255255000
vpja83;13;4922;5138;67,6086956521739;128,186956521739;216;2,55e+08
vpja83;13;5158;5394;47,4086956521738;95,4869565217391;236;2,55e+08
vpja83;13;5443;5600;273,808695652174;-26,8130434782609;157;0
vpja83;13;5653;5784;544,508695652174;-6,31304347826085;131;0
vpja83;13;5832;5958;660,508695652174;-99,5130434782608;126;NA
vpja83;13;6006;6201;405,808695652174;-248,513043478261;195;0
vpja83;13;6225;6475;346,208695652174;-255,813043478261;250;0
vpja83;13;6541;6778;-145,491304347826;-329,313043478261;237;0
vpja83;13;6822;7039;16,0086956521739;-336,313043478261;217;0
vpja83;13;7126;7430;-566,791304347826;203,986956521739;304;255
vpja83;13;7442;8406;-573,991304347826;186,986956521739;964;0
vpja83;13;8659;8837;-28,5913043478262;-143,313043478261;178;255000
vpja83;13;8921;9074;533,908695652174;-307,813043478261;153;0
vpja83;13;9119;9295;621,008695652174;-295,013043478261;176;0
vpja83;13;9352;9647;356,008695652174;-246,013043478261;295;0
vpja83;13;9665;9778;356,808695652174;-263,613043478261;113;0
vpja83;13;9840;10000;35,9086956521738;-156,213043478261;160;255000
vpja83;14;906;1033;-96;-118,8;127;2,55e+08
vpja83;14;1056;1221;-92,1999999999999;-165,7;165;255000
vpja83;14;1239;1509;-89,0999999999999;-205;270;255000
vpja83;14;1522;2105;-91,4;-187,3;583;255000
vpja83;14;2117;2354;-89,0999999999999;-201,9;237;255000
vpja83;14;2366;2743;-94,9;-180,2;377;255000
vpja83;14;2791;2990;81;91;199;0
vpja83;14;3014;3165;135,9;127,5;151;0
vpja83;14;3184;3638;168,1;129,6;454;0
vpja83;14;4212;4362;-110;-149,3;150;255000
vpja83;14;4382;4545;-93;-181,9;163;255000
vpja83;14;4561;4914;-83,5999999999999;-202,3;353;255000
vpja83;14;4927;5581;-103,5;-210,2;654;255000
vpja83;14;5616;5779;-93,5;-87,8;163;2,55e+08
vpja83;14;7033;7159;572,1;-112;126;0
vpja83;14;7198;7340;364;-59,0999999999999;142;0
vpja83;14;7401;7599;606,2;-235,6;198;0
vpja83;14;7622;7817;611,8;-280,2;195;0
vpja83;14;7827;8204;617;-293;377;0
vpja83;14;8251;8569;637,4;-35,5;318;0
vpja83;14;8597;8773;648,6;-99,6999999999999;176;NA
vpja83;14;8824;9030;616,5;-275,3;206;0
vpja83;14;9046;9599;614;-292,8;553;0
vpja83;14;9655;9883;320,2;-40,8;228;0
vpja83;14;9899;10000;343,1;-44,5999999999999;101;0
vpja83;15;365;567;-22,1;-134,9;202;255000
vpja83;15;587;796;-42,1;-178,3;209;255000
vpja83;15;814;1150;-25,9;-212,8;336;255000
vpja83;15;1169;1411;-36,5;-177,6;242;255000
vpja83;15;1428;1640;-32,3000000000001;-199,3;212;255000
vpja83;15;1653;1988;-24;-213,2;335;255000
vpja83;15;2038;2187;191,1;-273,7;149;0
vpja83;15;2231;2419;364,7;-285,2;188;0
vpja83;15;2448;2740;432;-351,5;292;0
vpja83;15;2842;3172;-330,4;-365,1;330;0
vpja83;15;3218;3435;-485,2;-327,5;217;0
vpja83;15;3492;3777;-206,8;-339,9;285;0
vpja83;15;3821;4002;-208,2;-201,2;181;0
vpja83;15;4042;4137;-203,2;-111,3;95;0
vpja83;15;4203;4425;317,2;-21,6999999999999;222;0
vpja83;15;4474;4632;276,4;141,7;158;255255000
vpja83;15;4674;4918;195,9;295,3;244;0
vpja83;15;4953;5349;246,7;195,1;396;255255000
vpja83;15;5405;5564;510,4;9,60000000000002;159;0
vpja83;15;5833;6145;577,8;-42,0999999999999;312;0
vpja83;15;6195;6474;380,9;-170,3;279;0
vpja83;15;6502;6699;448,4;-231,8;197;0
vpja83;15;6735;7234;460,4;-369,2;499;0
vpja83;15;7292;7531;214;-324,5;239;0
vpja83;15;7619;8050;-376,7;-342,6;431;0
vpja83;15;8121;8320;-360,3;96,1;199;255
vpja83;15;8347;8771;-365,3;166,3;424;255
vpja83;15;8828;9128;-487,2;505,7;300;NA
vpja83;15;9215;9581;351,3;415;366;0
vpja83;15;9633;9821;97,1999999999999;393;188;0
vpja83;16;234;405;62,0424657534247;-61,3414383561644;171;2,55e+08
vpja83;16;422;626;76,1424657534246;-85,3414383561644;204;255000
vpja83;16;643;1461;81,1424657534246;-109,741438356164;818;255000
vpja83;16;1486;1660;168,042465753425;-136,341438356164;174;0
vpja83;16;1967;2121;110,942465753425;-65,0414383561643;154;2,55e+08
vpja83;16;2147;2353;155,442465753425;-123,241438356164;206;0
vpja83;16;2376;2721;169,842465753425;-159,941438356164;345;0
vpja83;16;2801;3008;-193,057534246575;-316,041438356164;207;0
vpja83;16;3075;3312;-522,957534246575;-49,0414383561643;237;0
vpja83;16;3345;3636;-557,957534246575;59,2585616438356;291;0
vpja83;16;3658;3869;-587,257534246575;19,7585616438356;211;0
vpja83;16;3938;4190;-319,157534246575;-288,941438356164;252;0
vpja83;16;4217;4760;-248,857534246575;-301,441438356164;543;0
vpja83;16;4811;5035;-474,857534246575;-283,341438356164;224;0
vpja83;16;5058;5328;-472,157534246575;-341,741438356164;270;0
vpja83;16;5350;5798;-422,957534246575;-371,241438356164;448;0
vpja83;16;5828;6089;-315,557534246575;-361,041438356164;261;0
vpja83;16;6316;6686;163,942465753425;-128,141438356164;370;0
vpja83;16;6707;6913;108,542465753425;-133,941438356164;206;255000
vpja83;16;6973;7141;373,442465753425;113,758561643836;168;0
vpja83;16;7223;7396;473,642465753425;-376,141438356164;173;0
vpja83;16;7420;7573;392,742465753425;-397,041438356164;153;0
vpja83;16;7637;7870;58,3424657534247;-286,941438356164;233;0
vpja83;16;7912;8173;181,742465753425;-154,041438356164;261;0
vpja83;16;8229;8409;344,042465753425;110,958561643836;180;0
vpja83;16;8437;9007;379,342465753425;165,058561643836;570;0
vpja83;16;9015;9139;367,542465753425;161,858561643836;124;0
vpja83;16;9187;9360;367,442465753425;332,358561643836;173;255
vpja83;16;9385;9581;361,042465753425;386,958561643836;196;255
vpja83;16;9612;9981;452,542465753425;400,058561643836;369;255
vpja83;17;695;881;82,8;-211,2;186;255000
vpja83;17;894;1174;92,8999999999999;-226,4;280;255000
vpja83;17;1183;1457;103,2;-240,3;274;255000
vpja83;17;1522;1705;371,7;164,9;183;255
vpja83;17;1733;1893;402;227,4;160;255
vpja83;17;1916;2430;458,5;221,4;514;255
vpja83;17;2452;2782;384,8;217,8;330;255
vpja83;17;2804;2996;350,9;175,6;192;255
vpja83;17;3105;3433;-482,7;-153,7;328;0
vpja83;17;3452;3610;-501,8;-186,2;158;0
vpja83;17;3644;3840;-430;-78,3000000000001;196;0
vpja83;17;3860;4290;-423,8;-45,5;430;0
vpja83;17;4304;5069;-405,7;-44,6;765;0
vpja83;17;5123;5292;-473,7;210,9;169;255255000
vpja83;17;5318;5709;-504,7;257,5;391;0
vpja83;17;5720;6011;-483,9;262,3;291;0
vpja83;17;6528;6780;-502,3;271,6;252;0
vpja83;17;6804;7022;-463,9;223,8;218;255255000
vpja83;17;7043;7848;-531,1;216,3;805;255255000
vpja83;17;7864;8063;-504,1;203,9;199;255255000
vpja83;17;8086;8465;-453,9;241,8;379;255255000
vpja83;17;8672;8812;-469,7;-232,5;140;0
vpja83;17;8841;9085;-490;-305,7;244;0
vpja83;17;9126;9372;-558,6;-124,6;246;0
vpja83;17;9422;9749;-495,1;-356,6;327;0
vpja83;17;9796;10000;-310,4;-382,4;204;0
vpja83;18;309;456;15,3000000000001;-235,3;147;255000
vpja83;18;476;689;10,2;-272,3;213;255000
vpja83;18;705;929;23;-292,9;224;255000
vpja83;18;947;1251;2,10000000000002;-263,5;304;255000
vpja83;18;1272;1594;25,5;-296,5;322;255000
vpja83;18;1614;1844;6;-264;230;255000
vpja83;18;1864;2142;30,9;-291;278;255000
vpja83;18;2165;2303;81,1;-315,6;138;255000
vpja83;18;2357;3104;-90,1;-374,9;747;0
vpja83;18;3118;3410;-84,9;-364,4;292;0
vpja83;18;3443;3727;5,89999999999998;-429,7;284;0
vpja83;18;3754;3997;-93,5;-428,7;243;0
vpja83;18;4012;4360;-113,3;-439;348;0
vpja83;18;4429;4571;-404,1;-295,8;142;0
vpja83;18;4613;4777;-475,6;-142,9;164;0
vpja83;18;4823;5070;-504;-441;247;0
vpja83;18;5138;5486;-408,1;-71,6;348;0
vpja83;18;5522;5871;-337,4;-146,5;349;0
vpja83;18;5937;6160;184,5;-365,9;223;0
vpja83;18;6189;6425;260,5;-386,6;236;0
vpja83;18;6506;6727;289,4;139,6;221;0
vpja83;18;6751;7213;330,1;143,5;462;255255000
vpja83;18;7612;8096;299,2;191,4;484;0
vpja83;18;8108;8344;299,1;139,4;236;255255000
vpja83;18;8364;8647;330;112,7;283;0
vpja83;18;8669;8875;289,5;113,3;206;0
vpja83;18;8893;9118;259,8;114,3;225;0
vpja83;19;261;421;-58,9238461538462;-94,1742307692307;160;255000
vpja83;19;435;669;-76,0238461538462;-116,374230769231;234;255000
vpja83;19;709;872;-35,4238461538462;-217,174230769231;163;0
vpja83;19;912;1208;-95,3238461538461;-355,374230769231;296;0
vpja83;19;1251;1572;73,8761538461539;-355,074230769231;321;0
vpja83;19;1620;1769;-30,5238461538462;-119,674230769231;149;255000
vpja83;19;1791;1973;-74,1238461538462;-118,174230769231;182;255000
vpja83;19;2281;2449;-138,323846153846;347,425769230769;168;2,55e+08
vpja83;19;4597;4823;-142,423846153846;314,425769230769;226;0
vpja83;19;6263;6422;-430,623846153846;-342,574230769231;159;0
vpja83;19;6447;6658;-471,023846153846;-395,474230769231;211;0
vpja83;19;6713;7011;-520,923846153846;-158,674230769231;298;0
vpja83;19;7060;7316;-480,123846153846;-391,674230769231;256;0
vpja83;19;7378;7587;-134,323846153846;-380,474230769231;209;0
vpja83;19;7607;8044;-96,6238461538462;-382,574230769231;437;0
vpja83;19;8060;8424;-92,2238461538462;-352,474230769231;364;0
vpja83;19;8482;8582;238,976153846154;-322,874230769231;100;0
vpja83;19;8651;8866;591,176153846154;-153,674230769231;215;0
vpja83;19;8922;9125;418,476153846154;50,1257692307693;203;0
vpja83;19;9153;9454;319,876153846154;16,0257692307692;301;0
vpja83;19;9461;9662;310,576153846154;9,82576923076931;201;0
vpja83;19;9683;9975;280,276153846154;-15,8742307692307;292;0
vpja83;20;1010;1274;-437,008771929825;121,270175438596;264;0
vpja83;20;1312;1579;-528,508771929825;116,170175438597;267;0
vpja83;20;1623;1965;-588,808771929825;22,5701754385965;342;0
vpja83;20;2303;2382;235,791228070175;47,1701754385965;79;0
vpja83;20;2429;2592;395,291228070175;88,0701754385965;163;255
vpja83;20;2618;2812;444,191228070175;112,970175438596;194;255
vpja83;20;2833;3223;447,991228070175;80,9701754385965;390;255
vpja83;20;3285;3394;137,791228070175;-213,029824561404;109;2,55e+08
vpja83;20;3422;3674;113,391228070176;-287,729824561404;252;255000
vpja83;20;3688;3876;103,391228070176;-306,729824561404;188;255000
vpja83;20;3886;4219;99,9912280701755;-291,929824561404;333;255000
vpja83;20;4232;5016;99,7912280701754;-313,629824561404;784;255000
vpja83;20;5074;5275;-122,908771929825;-87,8298245614035;201;0
vpja83;20;5579;5883;-41,0087719298245;209,570175438596;304;0
vpja83;20;5955;6341;-372,208771929825;261,670175438597;386;0
vpja83;20;6383;6624;-554,008771929825;251,770175438596;241;0
vpja83;20;6665;6992;-589,508771929825;110,370175438596;327;0
vpja83;20;7045;7233;-581,108771929825;368,770175438596;188;0
vpja83;20;7541;7635;-36,8087719298245;170,570175438596;94;0
vpja83;20;7852;8175;44,7912280701754;143,770175438596;323;0
vpja83;20;8200;8537;128,891228070176;187,270175438596;337;0
vpja83;20;8561;9271;176,691228070175;219,970175438596;710;0
vpja83;20;9382;9512;-500,208771929825;258,770175438596;130;0
vpja83;20;9536;9761;-563,608771929825;252,070175438596;225;0
vpja83;20;9805;10000;-588,808771929825;80,8701754385964;195;0
vpja83;21;282;402;-111,2;-154,6;120;2,55e+08
vpja83;21;428;656;-130,3;-213,3;228;255000
vpja83;21;692;810;-78,9;-299,9;118;0
vpja83;21;854;1127;59,4;-555;273;NA
vpja83;21;1155;1625;-7,39999999999998;-539,7;470;NA
vpja83;21;1660;1950;102,5;-636,2;290;NA
vpja83;21;1970;2724;130,9;-622,1;754;NA
vpja83;21;2786;2998;32,5;-566,3;212;NA
vpja83;21;3021;3222;-4,60000000000002;-544,6;201;NA
vpja83;21;3264;3566;141,6;-625,1;302;NA
vpja83;21;3587;3854;176,3;-629,7;267;NA
vpja83;21;3975;4182;317;-17,3;207;255255000
vpja83;21;4243;4460;410,5;277,5;217;0
vpja83;21;4486;4739;343,3;323,8;253;0
vpja83;21;4752;5067;318,4;327;315;0
vpja83;21;5089;5231;307,1;377;142;0
vpja83;21;5253;5767;303,1;417,9;514;0
vpja83;21;5778;6178;304,2;433,1;400;0
vpja83;21;6211;6434;311,3;359,8;223;0
vpja83;21;6464;6619;319,5;281,1;155;0
vpja83;21;6646;6905;328,3;212,1;259;0
vpja83;21;6930;7293;346,9;259,1;363;0
vpja83;21;7306;7753;338,2;285,1;447;0
vpja83;21;7784;8048;401,7;156,8;264;255255000
vpja83;21;8097;8295;328,7;413,7;198;0
vpja83;21;8317;8496;360,2;373,8;179;0
vpja83;21;8718;9044;391,3;259,9;326;0
vpja83;21;9296;9416;29,3000000000001;6,60000000000002;120;0
vpja83;21;9469;9604;261,1;31,8000000000001;135;0
vpja83;21;9653;9929;388,4;248,5;276;0
vpja83;21;9963;10000;372,7;361,2;37;0
vpja83;22;569;779;5,29999999999995;-257;210;255000
vpja83;22;794;962;-15,3000000000001;-279;168;255000
vpja83;22;976;1158;-23,6;-256,2;182;255000
vpja83;22;1195;1482;10;-357,8;287;255000
vpja83;22;1508;1964;-19,5;-259,1;456;255000
vpja83;22;1979;2141;-10,4;-275,1;162;255000
vpja83;22;2167;2455;14,9;-342,2;288;255000
vpja83;22;2528;2810;-354,6;-211,4;282;0
vpja83;22;2843;3292;-302;-240,9;449;0
vpja83;22;3350;3564;-571,6;-187;214;0
vpja83;22;3632;3819;-216,3;-324,2;187;0
vpja83;22;3836;4151;-212,3;-365;315;0
vpja83;22;4207;4524;-485,2;-364,4;317;0
vpja83;22;4623;4780;338,8;164,7;157;0
vpja83;22;4814;5039;435,4;262,9;225;0
vpja83;22;5081;5319;276,2;355,6;238;0
vpja83;22;5410;5643;-513;287;233;255
vpja83;22;5665;6899;-570;246;1234;0
vpja83;22;6906;7315;-589,9;238,7;409;0
vpja83;22;7347;7624;-546,1;164,4;277;255
vpja83;22;8023;8044;139,4;462,3;21;255255000
vpja83;22;8077;8314;236,2;365,3;237;255255000
vpja83;22;8334;8550;271,2;317,6;216;0
vpja83;22;8566;8885;284,7;331;319;255255000
vpja83;22;8928;9123;401,4;316,6;195;0
vpja83;22;9159;9413;403,1;220,6;254;0
vpja83;22;9441;9909;454,4;152,2;468;0
vpja83;22;9964;10000;159,3;300,9;36;255255000
vpja83;23;350;547;-7,82812659452497;-103,374583479485;197;2,55e+08
vpja83;23;615;826;-439,328126594525;179,125416520515;211;255255000
vpja83;23;850;1041;-467,728126594525;225,725416520515;191;255255000
vpja83;23;1057;1279;-449,128126594525;246,425416520515;222;255255000
vpja83;23;1306;1518;-380,228126594525;240,125416520515;212;255255000
vpja83;23;1547;1883;-433,228126594525;303,425416520515;336;255255000
vpja83;23;1901;2100;-440,828126594525;271,925416520515;199;255255000
vpja83;23;2124;2648;-398,928126594525;249,325416520515;524;255255000
vpja83;23;2675;2974;-442,428126594525;308,425416520515;299;255255000
vpja83;23;2990;3363;-421,828126594525;303,125416520515;373;255255000
vpja83;23;3389;3602;-393,928126594525;245,725416520515;213;255255000
vpja83;23;3872;4160;-546,128126594525;118,025416520515;288;0
vpja83;23;4218;4528;-544,428126594525;-129,774583479485;310;0
vpja83;23;4557;5068;-469,828126594525;-177,274583479485;511;0
vpja83;23;5137;5873;-11,2281265945251;-221,974583479485;736;255000
vpja83;23;5885;6106;12,671873405475;-219,774583479485;221;255000
vpja83;23;6143;6350;-35,828126594525;-324,474583479485;207;255000
vpja83;23;6399;6806;186,771873405475;-383,674583479485;407;0
vpja83;23;6852;7110;338,471873405475;-526,674583479485;258;NA
vpja83;23;7130;7363;380,271873405475;-515,174583479485;233;NA
vpja83;23;7449;7548;353,271873405475;143,125416520515;99;0
vpja83;23;7590;7928;332,771873405475;238,925416520515;338;255
vpja83;23;7944;8457;339,571873405475;219,425416520515;513;255
vpja83;23;8481;8756;352,271873405475;269,125416520515;275;255
vpja83;23;8804;8965;477,571873405475;182,825416520515;161;0
vpja83;23;9005;9159;416,271873405475;42,5254165205151;154;0
vpja83;23;9217;9364;44,871873405475;-183,474583479485;147;0
vpja83;23;9388;9645;-18,928126594525;-210,274583479485;257;255000
vpja83;23;9678;9922;-16,028126594525;-53,8745834794848;244;2,55e+08
vpja83;24;254;428;-70,2217081850536;-157,406049822064;174;2,55e+08
vpja83;24;449;949;-92,4217081850536;-185,006049822064;500;255000
vpja83;24;1281;1527;-100,521708185054;-184,206049822064;246;255000
vpja83;24;1547;2039;-95,3217081850536;-197,306049822064;492;255000
vpja83;24;2347;2558;-349,721708185054;252,293950177936;211;2,55e+08
vpja83;24;2581;2724;-388,721708185054;301,593950177936;143;0
vpja83;24;3071;3241;-65,9217081850536;-94,2060498220641;170;2,55e+08
vpja83;24;3326;3565;470,878291814946;-69,3060498220641;239;0
vpja83;24;3630;3883;568,178291814947;-428,606049822064;253;0
vpja83;24;3902;4101;543,478291814946;-455,706049822064;199;0
vpja83;24;4113;4293;554,578291814946;-438,506049822064;180;0
vpja83;24;4350;4559;612,078291814946;-144,506049822064;209;0
vpja83;24;4586;4829;613,278291814946;-92,1060498220641;243;0
vpja83;24;4887;5323;392,278291814946;-4,40604982206412;436;0
vpja83;24;5346;5412;443,678291814947;-45,4060498220641;66;0
vpja83;24;5432;5528;483,678291814947;-101,206049822064;96;0
vpja83;24;5586;5767;512,078291814946;-332,306049822064;181;0
vpja83;24;5870;6031;193,578291814946;-609,206049822064;161;NA
vpja83;24;6039;6133;192,178291814947;-596,306049822064;94;NA
vpja83;24;6159;6325;87,1782918149465;-594,006049822064;166;NA
vpja83;24;6417;6636;-566,921708185054;-334,306049822064;219;0
vpja83;24;6676;7081;-611,721708185054;-424,606049822064;405;0
vpja83;24;7180;7398;271,678291814947;-566,306049822064;218;NA
vpja83;24;7455;7690;295,778291814946;-73,8060498220641;235;0
vpja83;24;7719;8228;350,178291814947;24,6939501779359;509;0
vpja83;24;8292;8656;-21,7217081850536;99,8939501779359;364;255255000
vpja83;24;8668;8737;-41,4217081850536;103,593950177936;69;255255000
vpja83;24;9968;10000;22,0782918149464;48,7939501779359;32;255255000
vpja83;25;190;568;-18,5999999999999;-52,1;378;2,55e+08
vpja83;25;615;813;27,9000000000001;-245,1;198;255000
vpja83;25;831;1017;8,70000000000005;-272,4;186;255000
vpja83;25;1030;1260;2,90000000000009;-256,1;230;255000
vpja83;25;1281;1581;9,40000000000009;-287,5;300;255000
vpja83;25;1613;1859;11,1;-423,5;246;0
vpja83;25;1890;2118;26,5;-509,1;228;NA
vpja83;25;2187;2342;-338,1;-318,7;155;0
vpja83;25;2395;2567;-429,3;-159,6;172;0
vpja83;25;2602;2887;-279,9;-66;285;0
vpja83;25;2906;3344;-257,6;-82,6;438;0
vpja83;25;3371;3847;-353,7;-47,1;476;0
vpja83;25;3886;4167;-245,6;99,3;281;255
vpja83;25;4187;4550;-231,8;146,3;363;255
vpja83;25;5006;5253;328,6;219,5;247;255255000
vpja83;25;5285;5523;405,2;182,1;238;255255000
vpja83;25;5537;5746;409,4;162,4;209;255255000
vpja83;25;5783;5978;497,2;99,8;195;0
vpja83;25;6039;6194;221,7;287,3;155;0
vpja83;25;6256;6432;-63,3;453,9;176;0
vpja83;25;6484;6786;-293,7;482,6;302;NA
vpja83;25;6846;6873;24,8000000000001;342,6;27;0
vpja83;25;6894;7124;114,5;278,6;230;0
vpja83;25;7187;7367;464,8;76,8;180;0
vpja83;25;7395;7658;496,9;0,799999999999955;263;0
vpja83;25;7675;7979;511,8;9,20000000000005;304;0
vpja83;25;7999;8322;460;-21,3;323;0
vpja83;25;8381;8674;295,4;-76;293;0
vpja83;25;8732;9000;511;11,6;268;0
vpja83;25;9028;9369;495,8;-60,2;341;0
vpja83;25;9424;9461;278,9;-96,4;37;0
vpja83;25;9800;9999;233;-53,8;199;0
vpja83;26;45;304;-24,9;1,39999999999998;259;2,55e+08
vpja83;26;363;549;-67,1;282,8;186;255
vpja83;26;608;901;-67,6;-186,1;293;255000
vpja83;26;913;1322;-64,5;-170,7;409;255000
vpja83;26;1345;1521;7,5;-212,1;176;255000
vpja83;26;1532;2432;23,8000000000001;-219,4;900;255000
vpja83;26;2474;2854;-133,7;-203,1;380;255000
vpja83;26;2880;3142;-69,1999999999999;-179,5;262;255000
vpja83;26;3175;3293;-75,6999999999999;-262,8;118;255000
vpja83;26;3326;3514;-57,4;-379,9;188;255000
vpja83;26;3541;3811;-18,4;-458,5;270;0
vpja83;26;3833;3920;-16;-470,6;87;0
vpja83;26;3932;4054;-2,89999999999998;-467,5;122;0
vpja83;26;4089;4263;-115,4;-300,7;174;255000
vpja83;26;4292;4503;-148,3;-216,1;211;255000
vpja83;26;4528;4690;-150,3;-168,2;162;2,55e+08
vpja83;26;4702;5015;-134,2;-157,9;313;2,55e+08
vpja83;26;5037;5352;-75,3;-175,2;315;255000
vpja83;26;5416;5561;-3;-368,5;145;255000
vpja83;26;5572;5761;-6,69999999999993;-354,6;189;255000
vpja83;26;5787;6150;-7,79999999999995;-438,9;363;0
vpja83;26;6169;6763;-20;-471,3;594;0
vpja83;26;6777;6961;-31,1999999999999;-486,5;184;NA
vpja83;26;7008;7199;-23,6999999999999;-279;191;255000
vpja83;26;7223;7540;-38,8;-231,1;317;255000
vpja83;26;7552;8266;-27,9;-226,1;714;255000
vpja83;26;8521;8560;-34,1;-435,4;39;255000
vpja83;26;8572;8774;-37,9;-435,6;202;255000
vpja83;26;8819;8886;-107,7;-210,7;67;255000
vpja83;26;8911;9727;-64,8;-172,5;816;255000
vpja83;26;9775;9816;-25,4;-396,1;41;255000
vpja83;26;9828;9913;-23,4;-418,1;85;255000
vpja83;26;9926;9958;-25,4;-400,3;32;255000
