vp;trial;timest;timeend;x;y;duration;roi
vpja28;1;200;257;3,22584269662923;3,20112359550558;57;2,55e+08
vpja28;1;300;420;-42,2741573033708;-262,898876404494;120;2,55e+08
vpja28;1;448;582;-69,6741573033707;-355,098876404494;134;255000
vpja28;1;592;1325;-80,1741573033707;-339,698876404494;733;0
vpja28;1;1392;1512;-226,974157303371;135,001123595506;120;0
vpja28;1;1548;1729;-373,174157303371;199,201123595506;181;255
vpja28;1;1756;2194;-419,974157303371;243,101123595506;438;255
vpja28;1;2219;2518;-386,774157303371;188,001123595506;299;255
vpja28;1;2766;2791;304,625842696629;74,9011235955056;25;0
vpja28;1;2808;3125;304,025842696629;118,201123595506;317;0
vpja28;1;3136;3383;319,225842696629;125,501123595506;247;0
vpja28;1;3434;3600;496,325842696629;-153,598876404494;166;0
vpja28;1;3647;3875;111,525842696629;-225,798876404494;228;0
vpja28;1;3898;4196;127,925842696629;-272,698876404494;298;0
vpja28;1;4243;4726;-174,874157303371;-222,198876404494;483;0
vpja28;1;4772;4901;-375,974157303371;-257,898876404494;129;0
vpja28;1;4927;5115;-450,174157303371;-270,298876404494;188;0
vpja28;1;5149;5353;-444,274157303371;-382,198876404494;204;0
vpja28;1;5382;5564;-355,674157303371;-372,998876404494;182;0
vpja28;1;5607;6143;-74,6741573033707;-342,098876404494;536;255000
vpja28;1;6211;6509;-397,774157303371;184,801123595506;298;255
vpja28;1;6536;6793;-432,874157303371;249,901123595506;257;255
vpja28;1;7036;7392;-369,674157303371;140,701123595506;356;0
vpja28;1;7461;7717;305,425842696629;143,001123595506;256;0
vpja28;1;7728;8144;308,625842696629;135,801123595506;416;0
vpja28;1;8155;8291;304,025842696629;124,201123595506;136;0
vpja28;1;8340;8567;484,225842696629;-161,998876404494;227;0
vpja28;1;8584;8820;515,525842696629;-164,898876404494;236;0
vpja28;1;8851;9072;620,725842696629;-132,698876404494;221;0
vpja28;1;9084;9182;628,425842696629;-149,698876404494;98;0
vpja28;1;9235;9669;151,325842696629;-250,698876404494;434;0
vpja28;1;9709;10000;-85,3741573033708;-230,198876404494;291;2,55e+08
vpja28;2;290;449;-62,7512114841098;-115,900108810554;159;255000
vpja28;2;456;907;-80,1512114841098;-113,600108810554;451;255000
vpja28;2;943;1038;-49,0512114841098;-220,100108810554;95;0
vpja28;2;1073;1570;-98,7512114841098;-348,000108810554;497;0
vpja28;2;1620;1818;-452,55121148411;-381,500108810554;198;0
vpja28;2;1829;2007;-462,85121148411;-379,100108810554;178;0
vpja28;2;2075;2298;-468,05121148411;151,199891189446;223;255
vpja28;2;2313;2444;-443,45121148411;159,299891189446;131;255
vpja28;2;2472;2733;-542,15121148411;181,099891189446;261;255
vpja28;2;2915;3143;-422,95121148411;134,199891189446;228;255
vpja28;2;3202;4328;121,24878851589;188,099891189446;1126;0
vpja28;2;4354;4667;208,84878851589;207,799891189446;313;0
vpja28;2;4693;4892;165,04878851589;142,099891189446;199;0
vpja28;2;4929;5154;306,54878851589;69,3998911894461;225;0
vpja28;2;5173;5389;316,94878851589;33,599891189446;216;0
vpja28;2;5408;5556;289,74878851589;7,79989118944604;148;0
vpja28;2;5605;6670;-82,7512114841098;-88,100108810554;1065;255000
vpja28;2;6712;6993;-154,25121148411;114,299891189446;281;2,55e+08
vpja28;2;7177;7398;-284,75121148411;59,299891189446;221;0
vpja28;2;7438;7599;-464,05121148411;-37,300108810554;161;0
vpja28;2;7626;8054;-465,45121148411;-115,300108810554;428;0
vpja28;2;8084;8235;-447,95121148411;-210,100108810554;151;0
vpja28;2;8273;8512;-450,75121148411;-381,100108810554;239;0
vpja28;2;8523;8702;-466,35121148411;-377,600108810554;179;0
vpja28;2;8751;9321;-82,5512114841098;-344,100108810554;570;0
vpja28;2;9379;9647;406,84878851589;-244,000108810554;268;0
vpja28;2;9677;9874;284,04878851589;-318,400108810554;197;0
vpja28;2;9898;10000;228,44878851589;-330,200108810554;102;0
vpja28;3;301;492;-353,8;-123,9;191;255000
vpja28;3;501;1057;-355,2;-133,7;556;255000
vpja28;3;1068;1284;-341,4;-137,5;216;255000
vpja28;3;1302;1512;-335,9;-98,2;210;255000
vpja28;3;1554;1746;-246,6;152;192;255
vpja28;3;1766;1946;-279,2;117,1;180;255
vpja28;3;2140;2432;-259;131,4;292;255
vpja28;3;2449;3132;-239,8;109,3;683;255
vpja28;3;3177;3691;34,1999999999999;3,89999999999998;514;255255000
vpja28;3;3699;3861;46,4;23,1;162;255255000
vpja28;3;3908;4098;-184,7;-194,1;190;0
vpja28;3;4117;4345;-177,1;-237,6;228;0
vpja28;3;4353;4640;-161,6;-239,2;287;0
vpja28;3;4675;4866;-4,30000000000007;-216,6;191;0
vpja28;3;4899;5025;32,1999999999999;-299;126;0
vpja28;3;5048;5382;36,6999999999999;-350,3;334;0
vpja28;3;5406;5666;74,1999999999999;-400,6;260;0
vpja28;3;5696;5932;208,8;-405,5;236;0
vpja28;3;5980;6217;498,3;-375,7;237;0
vpja28;3;6232;6414;476,3;-399;182;0
vpja28;3;6626;6876;509,2;-156,8;250;0
vpja28;3;6888;7020;488,2;-159,5;132;0
vpja28;3;7061;7357;621,9;101,9;296;0
vpja28;3;7403;7594;393,3;340,2;191;0
vpja28;3;7626;7806;267,4;260,2;180;0
vpja28;3;7832;8103;178,1;274;271;0
vpja28;3;8134;8278;282,3;214,1;144;0
vpja28;3;8348;8482;-353,3;361,3;134;0
vpja28;3;8521;8885;-577,1;467,3;364;0
vpja28;3;8931;9128;-571;167;197;0
vpja28;3;9150;9426;-595,4;114,9;276;0
vpja28;3;9625;9757;-337;-152,7;132;255000
vpja28;3;9769;10000;-361;-147,7;231;255000
vpja28;4;185;253;3;-25,3;68;0
vpja28;4;297;414;-180;-245,2;117;255000
vpja28;4;434;723;-209;-260;289;255000
vpja28;4;730;896;-219,2;-266,3;166;255000
vpja28;4;954;1118;-227,5;100,6;164;2,55e+08
vpja28;4;1143;1281;-225,8;184,5;138;2,55e+08
vpja28;4;1317;1614;-122,6;301,4;297;255
vpja28;4;1625;1870;-121,9;288,5;245;255
vpja28;4;2117;2138;-124;336,9;21;255
vpja28;4;2191;2554;-453;281,4;363;255255000
vpja28;4;2565;2706;-438,4;267,1;141;255255000
vpja28;4;2751;3015;-130,6;289,4;264;255
vpja28;4;3058;3194;-331;181,1;136;2,55e+08
vpja28;4;3251;3423;-220,9;-247,5;172;255000
vpja28;4;3438;3658;-211,1;-257;220;255000
vpja28;4;3697;3837;-381,8;-364,9;140;0
vpja28;4;3850;4109;-393,9;-386,2;259;0
vpja28;4;4122;4299;-370,6;-387,6;177;0
vpja28;4;4346;4558;-87,5999999999999;-251,8;212;0
vpja28;4;4584;4730;-20,3;-246,4;146;0
vpja28;4;4753;4942;27,7;-260,3;189;0
vpja28;4;4953;5210;24,1;-273,9;257;0
vpja28;4;5247;5734;187,1;-262,1;487;0
vpja28;4;5946;6253;286,4;-240,5;307;0
vpja28;4;6281;6412;332,5;-320,7;131;0
vpja28;4;6438;6749;364,8;-383,4;311;0
vpja28;4;6808;7107;295,1;46,3;299;0
vpja28;4;7114;7433;306,4;47,3;319;0
vpja28;4;7467;7895;458;44;428;0
vpja28;4;7958;8122;-77,0999999999999;289;164;0
vpja28;4;8185;8422;542,6;479,6;237;0
vpja28;4;8487;8690;-151,8;316,8;203;0
vpja28;4;8709;9087;-124,9;307,5;378;255
vpja28;4;9117;9425;-216,5;219,1;308;2,55e+08
vpja28;4;9455;9725;-102,7;186,3;270;2,55e+08
vpja28;4;9762;10000;-211,5;46,9;238;2,55e+08
vpja28;5;279;417;-96,1;-169,6;138;255000
vpja28;5;430;882;-120,7;-164,5;452;255000
vpja28;5;1023;1121;-104,4;-184,2;98;255000
vpja28;5;1173;1739;-302,2;99,3;566;255
vpja28;5;1786;2023;-20,3;153,9;237;0
vpja28;5;2067;2308;-300;110,5;241;255
vpja28;5;2323;2477;-323,8;106,6;154;255
vpja28;5;2512;2722;-416,5;8,60000000000002;210;0
vpja28;5;2755;3027;-474,1;-108,2;272;0
vpja28;5;3047;3243;-440,5;-132,8;196;0
vpja28;5;3271;3629;-431,6;-214,7;358;0
vpja28;5;3654;3812;-463,2;-157,6;158;0
vpja28;5;3853;4062;-288,5;4,10000000000002;209;0
vpja28;5;4109;4367;-2,79999999999995;139,7;258;0
vpja28;5;4566;4590;34,6;108,2;24;2,55e+08
vpja28;5;4608;4732;24,4;129,2;124;0
vpja28;5;4776;5122;-158,6;307,8;346;0
vpja28;5;5145;5520;-226,6;310,2;375;0
vpja28;5;5564;5739;7,70000000000005;136,7;175;0
vpja28;5;5774;5954;-65;13;180;2,55e+08
vpja28;5;5968;6115;-92,1;22,7;147;0
vpja28;5;6154;6313;-91,6999999999999;-188,7;159;255000
vpja28;5;6326;6447;-113,4;-186,9;121;255000
vpja28;5;6490;6737;70,4;-343,3;247;0
vpja28;5;6761;6978;100,2;-390,8;217;0
vpja28;5;7013;7331;-40,8;-427,1;318;0
vpja28;5;7386;7554;273,8;-202;168;0
vpja28;5;7585;7795;364,5;-98,6;210;0
vpja28;5;7978;8005;553,5;-150,4;27;0
vpja28;5;8091;8602;247,3;-350,7;511;0
vpja28;5;8660;8802;-240,3;-195,6;142;0
vpja28;5;8851;9214;-468,6;-189,2;363;0
vpja28;5;9246;9888;-347,7;-92,6;642;0
vpja28;5;9918;10000;-448,1;-37,1;82;0
vpja28;6;268;475;-296,85121148411;-217,300108810554;207;255000
vpja28;6;490;858;-291,05121148411;-222,700108810554;368;255000
vpja28;6;932;1097;-486,35121148411;405,399891189446;165;255255000
vpja28;6;1118;1247;-502,35121148411;359,399891189446;129;255255000
vpja28;6;1312;1509;-299,65121148411;-176,000108810554;197;255000
vpja28;6;1531;1747;-277,95121148411;-210,700108810554;216;255000
vpja28;6;1760;1981;-270,05121148411;-228,900108810554;221;255000
vpja28;6;2141;2169;133,24878851589;230,399891189446;28;255
vpja28;6;2187;2346;126,34878851589;253,999891189446;159;255
vpja28;6;2363;2784;130,94878851589;247,699891189446;421;255
vpja28;6;2795;3479;111,84878851589;251,599891189446;684;255
vpja28;6;3547;3736;-467,25121148411;378,699891189446;189;255255000
vpja28;6;3755;4055;-505,05121148411;370,599891189446;300;255255000
vpja28;6;4065;4466;-521,65121148411;370,399891189446;401;255255000
vpja28;6;4535;4804;113,24878851589;290,699891189446;269;255
vpja28;6;5054;5154;536,94878851589;11,799891189446;100;0
vpja28;6;5175;5308;566,04878851589;-28,900108810554;133;0
vpja28;6;5328;5564;594,74878851589;-59,800108810554;236;0
vpja28;6;5590;5784;605,54878851589;-129,300108810554;194;0
vpja28;6;5819;6328;581,24878851589;-266,200108810554;509;0
vpja28;6;6387;6593;482,74878851589;115,999891189446;206;0
vpja28;6;6619;6810;388,34878851589;110,699891189446;191;0
vpja28;6;6838;7113;412,44878851589;20,999891189446;275;0
vpja28;6;7139;7411;389,74878851589;92,599891189446;272;0
vpja28;6;7483;7675;-320,75121148411;-184,100108810554;192;255000
vpja28;6;7696;7973;-293,45121148411;-197,900108810554;277;255000
vpja28;6;8016;8273;-541,65121148411;-170,000108810554;257;0
vpja28;6;8404;8496;-583,15121148411;-177,500108810554;92;0
vpja28;6;8520;8896;-587,35121148411;-103,500108810554;376;0
vpja28;6;8950;9160;-237,95121148411;-249,000108810554;210;255000
vpja28;6;9182;9508;-221,45121148411;-286,300108810554;326;255000
vpja28;6;9527;9704;-255,95121148411;-312,200108810554;177;255000
vpja28;6;9941;10000;380,94878851589;39,8998911894461;59;0
vpja28;7;312;476;132,9;-142,3;164;255000
vpja28;7;487;777;143,9;-146,1;290;255000
vpja28;7;784;1285;153,6;-135,1;501;255000
vpja28;7;1345;1521;-347,6;-27,7;176;0
vpja28;7;1571;1870;-140,8;277,3;299;255255000
vpja28;7;1892;2092;-203,8;283;200;255255000
vpja28;7;2113;2382;-150,2;298,5;269;255255000
vpja28;7;2437;2689;317,1;359,5;252;255
vpja28;7;2722;2936;421,5;289,9;214;255
vpja28;7;2960;3192;459,7;217,4;232;255
vpja28;7;3210;3410;453,7;182,7;200;255
vpja28;7;3459;3609;148,1;-107,5;150;2,55e+08
vpja28;7;3627;3978;154,8;-125,2;351;255000
vpja28;7;4135;4234;158,4;-131,9;99;255000
vpja28;7;4261;4528;241,9;-171,8;267;0
vpja28;7;4537;4766;246,8;-181,9;229;0
vpja28;7;4778;5185;220,9;-163,5;407;0
vpja28;7;5192;5374;230,9;-157,4;182;0
vpja28;7;5401;5990;143,7;-132,1;589;255000
vpja28;7;6179;6218;460,9;145,1;39;0
vpja28;7;6235;6462;447,9;140,4;227;0
vpja28;7;6473;7234;438;174,1;761;255
vpja28;7;7279;7508;135;86,8;229;2,55e+08
vpja28;7;7525;7671;123,2;56,1999999999999;146;2,55e+08
vpja28;7;7729;8097;-370,8;-49,7;368;0
vpja28;7;8117;8392;-405,9;-67,4;275;0
vpja28;7;8417;8556;-396,4;-150,3;139;0
vpja28;7;8597;8844;-303,1;-315;247;0
vpja28;7;8857;9038;-310,1;-340,9;181;0
vpja28;7;9081;9393;-118,6;-267,8;312;0
vpja28;7;9429;9651;36,6999999999999;-255;222;0
vpja28;7;9671;9809;75,9;-252,5;138;0
vpja28;7;9851;10000;295,2;-155,5;149;0
vpja28;8;293;457;-130;-272,5;164;255000
vpja28;8;472;902;-150;-279,6;430;255000
vpja28;8;924;1146;-140,2;-212,5;222;255000
vpja28;8;1175;1329;-135;-301;154;255000
vpja28;8;1399;1530;-436,7;267,5;131;0
vpja28;8;1557;1799;-473,8;335,8;242;255
vpja28;8;1820;2034;-507;386,4;214;255
vpja28;8;2109;2288;292,5;314,9;179;255255000
vpja28;8;2305;2565;261;315,9;260;0
vpja28;8;2591;2887;324,9;373,3;296;0
vpja28;8;2927;3068;310,9;174,2;141;0
vpja28;8;3095;3324;342,6;115,8;229;0
vpja28;8;3350;3480;263,6;49,8000000000001;130;0
vpja28;8;3525;3803;-33,5;136;278;2,55e+08
vpja28;8;3828;3988;-103,3;145,6;160;2,55e+08
vpja28;8;4027;4259;-82,4;-64,8;232;2,55e+08
vpja28;8;4308;4508;-116,7;-285,1;200;255000
vpja28;8;4522;4829;-136,6;-282,6;307;255000
vpja28;8;4872;5042;-371,1;-215,5;170;0
vpja28;8;5111;5354;-494,1;369,3;243;255
vpja28;8;5556;5932;-456,8;323,6;376;255
vpja28;8;6003;6357;247,6;291,6;354;0
vpja28;8;6617;6711;-76,5;85,7;94;2,55e+08
vpja28;8;6749;6897;-99,5;-81,1999999999999;148;2,55e+08
vpja28;8;6945;7159;-400,1;-211;214;0
vpja28;8;7169;7331;-386,9;-217,8;162;0
vpja28;8;7351;7543;-394,9;-252,5;192;0
vpja28;8;7613;7875;254,5;-90,1999999999999;262;0
vpja28;8;7888;8269;270,3;-75,9;381;0
vpja28;8;8300;8616;258,4;54,5;316;0
vpja28;8;8629;8845;237,6;66,1;216;0
vpja28;8;8889;9174;499,5;81,7;285;0
vpja28;8;9435;9543;560,7;-1,69999999999993;108;0
vpja28;8;9568;9792;540,2;84,8000000000001;224;0
vpja28;8;9818;10000;571,3;6,40000000000009;182;0
vpja28;9;10;28;4,70000000000005;-52,7;18;2,55e+08
vpja28;9;46;108;4;-21,8000000000001;62;2,55e+08
vpja28;9;126;154;6,10000000000002;-47,9;28;2,55e+08
vpja28;9;225;367;138,7;-130,1;142;255000
vpja28;9;387;754;138,7;-149,1;367;255000
vpja28;9;812;1486;64,3;257,6;674;255
vpja28;9;1541;1744;-371,4;127,9;203;255255000
vpja28;9;1756;2556;-386,8;130;800;255255000
vpja28;9;2572;3067;-369,4;100;495;255255000
vpja28;9;3080;3257;-386,7;110,1;177;255255000
vpja28;9;3452;3817;-385,4;110,7;365;255255000
vpja28;9;3875;4121;59,9000000000001;260,8;246;255
vpja28;9;4131;4875;62,5;262,5;744;255
vpja28;9;4887;5015;46,6;273,1;128;255
vpja28;9;5070;5236;161,6;-110,8;166;255000
vpja28;9;5254;5635;140,2;-135,4;381;255000
vpja28;9;5646;6123;161,1;-136,3;477;255000
vpja28;9;6138;6321;135,6;-131,1;183;255000
vpja28;9;6506;6624;140,5;-136,2;118;255000
vpja28;9;6674;6857;449,2;67,5999999999999;183;0
vpja28;9;6893;7146;463,4;243,2;253;0
vpja28;9;7201;7372;194,6;-166;171;255000
vpja28;9;7411;7554;9,10000000000002;-224,8;143;0
vpja28;9;7613;7862;-486,1;-149,2;249;0
vpja28;9;7893;8090;-577,5;-59,4;197;0
vpja28;9;8264;8426;-371,6;149,2;162;255255000
vpja28;9;8446;8726;-381,6;116,9;280;255255000
vpja28;9;8734;9007;-384,3;109,7;273;255255000
vpja28;9;9061;9228;30,5;220;167;255
vpja28;9;9245;9569;62,5;241,1;324;255
vpja28;9;9806;9826;128,2;92,8;20;2,55e+08
vpja28;9;9845;9938;121,5;125;93;2,55e+08
vpja28;10;343;528;-245,079584775086;194,249134948097;185;255255000
vpja28;10;545;683;-259,379584775086;164,749134948097;138;255255000
vpja28;10;742;887;290,920415224914;23,7491349480969;145;255
vpja28;10;944;1068;-200,879584775086;-196,850865051903;124;255000
vpja28;10;1088;1286;-224,679584775086;-214,350865051903;198;255000
vpja28;10;1347;1626;330,220415224913;22,0491349480968;279;255
vpja28;10;1687;1852;-212,279584775087;-199,350865051903;165;255000
vpja28;10;1865;2173;-231,879584775086;-202,650865051903;308;255000
vpja28;10;2202;2398;-330,579584775086;-216,050865051903;196;255000
vpja28;10;2451;2630;-253,479584775086;119,949134948097;179;255255000
vpja28;10;2654;2740;-242,579584775086;189,349134948097;86;255255000
vpja28;10;2781;2938;-302,579584775086;-27,0508650519031;157;2,55e+08
vpja28;10;2978;3189;-509,779584775086;-70,7508650519031;211;0
vpja28;10;3238;3443;-137,379584775086;-70,7508650519031;205;0
vpja28;10;3477;3627;-190,879584775086;-203,450865051903;150;0
vpja28;10;3641;3925;-225,879584775086;-195,550865051903;284;255000
vpja28;10;3938;4129;-228,579584775086;-181,050865051903;191;255000
vpja28;10;4162;4379;-311,879584775086;-274,450865051903;217;255000
vpja28;10;4404;4545;-381,379584775086;-272,150865051903;141;255000
vpja28;10;4584;4820;-162,479584775086;-218,550865051903;236;0
vpja28;10;4860;5057;80,5204152249134;-205,150865051903;197;0
vpja28;10;5102;5298;323,920415224914;-150,750865051903;196;0
vpja28;10;5345;5542;569,120415224914;-127,050865051903;197;0
vpja28;10;5572;5706;626,020415224913;-224,750865051903;134;0
vpja28;10;5890;6044;549,020415224913;-182,650865051903;154;0
vpja28;10;6084;6239;269,820415224914;-203,750865051903;155;0
vpja28;10;6276;6402;34,8204152249135;-207,250865051903;126;0
vpja28;10;6466;6618;-535,079584775086;-325,050865051903;152;0
vpja28;10;6644;6885;-611,479584775086;-293,750865051903;241;0
vpja28;10;6920;7227;-653,079584775086;-134,050865051903;307;NA
vpja28;10;7239;7376;-648,579584775086;-152,550865051903;137;NA
vpja28;10;7400;7538;-615,279584775087;-89,9508650519031;138;0
vpja28;10;7763;7914;229,020415224913;33,2491349480969;151;255
vpja28;10;7941;8356;300,120415224914;52,6491349480968;415;255
vpja28;10;8371;8600;317,520415224913;27,9491349480969;229;255
vpja28;10;8659;8864;-213,779584775087;148,449134948097;205;255255000
vpja28;10;8886;9180;-252,179584775086;186,949134948097;294;255255000
vpja28;10;9362;9494;-259,979584775086;167,449134948097;132;255255000
vpja28;10;9517;9717;-224,179584775086;126,149134948097;200;255255000
vpja28;10;9775;10000;273,720415224913;52,7491349480969;225;255
vpja28;11;264;343;3;-11;79;2,55e+08
vpja28;11;388;556;-332,8;112,9;168;255
vpja28;11;568;797;-360,4;126,7;229;255
vpja28;11;861;1035;287,4;92,6999999999999;174;255255000
vpja28;11;1086;1209;-6,39999999999998;-232;123;255000
vpja28;11;1225;1474;-16;-262,4;249;255000
vpja28;11;1485;1769;-29,9;-266,1;284;255000
vpja28;11;1826;2247;276,8;71;421;255255000
vpja28;11;2438;2595;-328,3;123,7;157;255
vpja28;11;2607;3192;-357,6;139,2;585;255
vpja28;11;3202;3588;-356,6;130,1;386;255
vpja28;11;3823;4032;279,1;99,8;209;255255000
vpja28;11;4049;4812;285,3;95,0999999999999;763;255255000
vpja28;11;4823;5116;267,5;86,5999999999999;293;255255000
vpja28;11;5340;5532;-375,4;134;192;255
vpja28;11;5547;6079;-354,5;133,2;532;255
vpja28;11;6326;6529;266,1;78;203;255255000
vpja28;11;6545;7015;279,5;74,8;470;255255000
vpja28;11;7028;7223;269;96,6999999999999;195;255255000
vpja28;11;7261;7410;71,8;35,3;149;2,55e+08
vpja28;11;7445;7573;-0,700000000000045;-101,8;128;2,55e+08
vpja28;11;7634;7916;535,7;-42;282;0
vpja28;11;7937;8099;555,3;-79,4;162;0
vpja28;11;8158;8275;21,3;-223;117;2,55e+08
vpja28;11;8297;8546;-8,5;-249,2;249;255000
vpja28;11;8734;8863;-334,1;110,1;129;255
vpja28;11;8873;9876;-353,8;128,9;1003;255
vpja28;12;240;339;4,19999999999993;2,39999999999998;99;2,55e+08
vpja28;12;377;550;-85,5;-177,3;173;255000
vpja28;12;559;881;-98,9000000000001;-182,9;322;255000
vpja28;12;935;1135;-257,9;135,6;200;0
vpja28;12;1146;1404;-265,9;117,4;258;255
vpja28;12;1413;1908;-265,9;110,1;495;255
vpja28;12;1955;2208;56,8;128,5;253;255255000
vpja28;12;2229;2396;92,2;125;167;0
vpja28;12;2614;2963;146,6;119,2;349;255255000
vpja28;12;2986;3219;69,8;108,9;233;0
vpja28;12;3480;3897;66,3999999999999;100,8;417;0
vpja28;12;3925;4164;151,8;115,1;239;255255000
vpja28;12;4400;4557;164,5;106,3;157;0
vpja28;12;4599;4974;-65,6;20,6;375;2,55e+08
vpja28;12;5012;5198;-248,7;132,3;186;0
vpja28;12;5215;5477;-262,3;109,1;262;255
vpja28;12;5488;5756;-247,7;104,6;268;255
vpja28;12;5802;6004;-15,3000000000001;33,9;202;2,55e+08
vpja28;12;6029;6312;-71,3000000000001;-13,6999999999999;283;2,55e+08
vpja28;12;6484;6559;-90;-163,4;75;255000
vpja28;12;6574;6946;-99,8000000000001;-177,4;372;255000
vpja28;12;6994;7247;-254,2;124;253;0
vpja28;12;7551;7691;-244,4;98,9;140;255
vpja28;12;7701;8242;-254,2;90,8000000000001;541;255
vpja28;12;8251;9496;-246,2;94,5;1245;255
vpja28;12;9565;9765;86;130,5;200;0
vpja28;12;9777;9986;70,3;124,4;209;255255000
vpja28;13;198;309;-35,5999999999999;-200,5;111;255000
vpja28;13;331;472;-64;-244,4;141;255000
vpja28;13;482;664;-66,4;-253,5;182;255000
vpja28;13;672;876;-54,6999999999999;-253,1;204;255000
vpja28;13;939;1153;-321;182,6;214;255
vpja28;13;1192;1334;-138,2;221,2;142;255
vpja28;13;1378;1556;-433;256,6;178;255
vpja28;13;1627;1869;357,3;272,5;242;255255000
vpja28;13;1890;2272;380,8;242,1;382;255255000
vpja28;13;2319;2509;261,9;-29,6;190;0
vpja28;13;2525;2699;267,4;-41,8000000000001;174;0
vpja28;13;2769;2923;-304,4;-36,9;154;0
vpja28;13;3143;3307;-374,9;248,9;164;255
vpja28;13;3350;3560;-166;226,5;210;255
vpja28;13;3598;3791;-362,6;187,7;193;255
vpja28;13;3801;3997;-375,6;182,6;196;255
vpja28;13;4032;4220;-176,9;197,7;188;255
vpja28;13;4279;4451;345,4;263;172;255255000
vpja28;13;4732;4763;299,7;186,6;31;0
vpja28;13;4781;4893;304,3;225,6;112;255255000
vpja28;13;4919;5159;226,1;238,3;240;255255000
vpja28;13;5388;5409;244,8;350,6;21;0
vpja28;13;5435;5496;246,9;201;61;0
vpja28;13;5579;6190;-190,5;186,9;611;255
vpja28;13;6230;6454;-398;183,5;224;255
vpja28;13;6476;6759;-361,8;159,4;283;255
vpja28;13;7054;7093;311,3;174,3;39;255255000
vpja28;13;7111;7272;316,4;208,2;161;255255000
vpja28;13;7298;7570;389,2;249,7;272;255255000
vpja28;13;7599;7864;289,3;211,6;265;0
vpja28;13;7877;8081;311,3;193,5;204;0
vpja28;13;8109;8505;387,6;204,2;396;255255000
vpja28;13;8572;8772;-256,9;180,9;200;255
vpja28;13;8801;9544;-363,2;146,4;743;255
vpja28;13;9722;9932;-64,0999999999999;-270,4;210;255000
vpja28;13;9940;10000;-77,8;-267,4;60;255000
vpja28;14;123;222;0,899999999999977;-12,8000000000001;99;2,55e+08
vpja28;14;271;408;20,7;-240,6;137;255000
vpja28;14;421;603;32,9;-252,9;182;255000
vpja28;14;615;786;29,3000000000001;-267,3;171;255000
vpja28;14;806;1002;34,6;-217,9;196;255000
vpja28;14;1025;1221;35,7;-264,2;196;255000
vpja28;14;1281;1404;276,5;148,4;123;0
vpja28;14;1427;1612;276;184,2;185;0
vpja28;14;1633;1796;316,6;188,4;163;0
vpja28;14;1863;2073;-344,7;178,4;210;0
vpja28;14;2084;2329;-364,9;179;245;255255000
vpja28;14;2343;2488;-353,5;163,3;145;255255000
vpja28;14;2543;2687;109,8;41,9;144;2,55e+08
vpja28;14;2734;3024;92,1;-242,6;290;0
vpja28;14;3095;3300;-141,3;307,3;205;0
vpja28;14;3370;3537;-80,5;-282,6;167;0
vpja28;14;3569;3783;-97,8;-378,9;214;0
vpja28;14;3834;3991;298,8;-373,5;157;0
vpja28;14;4005;4106;310,9;-385,2;101;0
vpja28;14;4157;4315;326,8;-60,8000000000001;158;0
vpja28;14;4359;4634;286,2;209,9;275;0
vpja28;14;4649;5116;295,7;199,9;467;0
vpja28;14;5182;5423;-324,3;188,3;241;0
vpja28;14;5437;5624;-355,3;184,6;187;0
vpja28;14;5848;5965;-349,9;150,2;117;255255000
vpja28;14;6028;6217;244;164;189;255
vpja28;14;6242;6900;294,6;173,4;658;0
vpja28;14;7199;7219;288;300,8;20;0
vpja28;14;7251;7322;280,4;121,9;71;0
vpja28;14;7340;7420;282,1;147,1;80;255
vpja28;14;7483;8777;-349,7;141,4;1294;255255000
vpja28;14;9073;9210;21,3000000000001;-235,3;137;255000
vpja28;14;9227;9562;31,7;-250,6;335;255000
vpja28;14;9786;9806;291,4;107,2;20;0
vpja28;14;9824;10000;293;150,9;176;255
vpja28;15;456;939;-336,5;282,2;483;255255000
vpja28;15;981;1355;-549,4;394,8;374;255255000
vpja28;15;1544;1817;-249,3;222,3;273;255255000
vpja28;15;1830;2030;-274,6;218;200;255255000
vpja28;15;2097;2441;412,9;312,5;344;0
vpja28;15;2520;2673;35,5;-377,6;153;255000
vpja28;15;2694;3121;-3,60000000000002;-379,1;427;255000
vpja28;15;3140;3355;18,3;-346,4;215;255000
vpja28;15;3376;3573;23,0999999999999;-384,6;197;255000
vpja28;15;3747;4057;-469,1;327,6;310;255255000
vpja28;15;4100;4331;-273,3;267,4;231;0
vpja28;15;4363;4712;-382,6;309;349;255255000
vpja28;15;4778;4923;-358,6;-211,6;145;0
vpja28;15;4957;5084;-295,5;-282,1;127;0
vpja28;15;5146;5361;328,2;-277,3;215;0
vpja28;15;5560;5682;398;322,6;122;255
vpja28;15;5742;6030;447,1;323,4;288;0
vpja28;15;6061;6308;418,1;247,7;247;0
vpja28;15;6381;6609;-369,7;245,9;228;255255000
vpja28;15;6650;6875;-555,6;380,4;225;0
vpja28;15;6888;7156;-530,2;379,3;268;255255000
vpja28;15;7205;7358;-273;230;153;255255000
vpja28;15;7382;7790;-226,1;203,3;408;255255000
vpja28;15;8013;8055;452,5;298,5;42;0
vpja28;15;8073;8141;468,1;328,1;68;0
vpja28;15;8161;8571;445,9;385,6;410;255
vpja28;15;8588;8731;404,7;400,4;143;255
vpja28;15;9112;9317;390,5;217,1;205;0
vpja28;15;9335;9553;397,4;253,3;218;0
vpja28;15;9604;9788;-26,1;104,8;184;2,55e+08
vpja28;15;9808;10000;-38,6;71,7;192;2,55e+08
vpja28;16;282;481;43,3;-183,2;199;255000
vpja28;16;492;734;33,6;-192,7;242;255000
vpja28;16;796;1014;-336;155,7;218;255255000
vpja28;16;1031;1248;-354,8;181,2;217;0
vpja28;16;1270;1471;-344,1;142,8;201;255255000
vpja28;16;1663;1812;256,2;157,6;149;255
vpja28;16;1825;2042;232;169,2;217;255
vpja28;16;2058;2332;259,2;167,4;274;255
vpja28;16;2359;2489;289,9;86,6999999999999;130;0
vpja28;16;2535;2706;265,9;-178;171;0
vpja28;16;2746;3219;35,9;-182,1;473;255000
vpja28;16;3395;3645;-323,4;134,7;250;255255000
vpja28;16;3658;3865;-311,4;128,9;207;255255000
vpja28;16;4165;4192;299,9;103,3;27;0
vpja28;16;4210;4304;308,8;143,6;94;255
vpja28;16;4327;4683;249,5;159,4;356;255
vpja28;16;4690;5182;234,1;165,8;492;255
vpja28;16;5212;5370;111;151,5;158;2,55e+08
vpja28;16;5425;5713;-331;150,4;288;255255000
vpja28;16;5731;5999;-332,3;124,4;268;255255000
vpja28;16;6058;6192;37,6999999999999;-154,9;134;255000
vpja28;16;6214;6392;42,6999999999999;-187,4;178;255000
vpja28;16;6402;6669;26,1;-182,6;267;255000
vpja28;16;6894;7095;267,4;156,4;201;255
vpja28;16;7126;7414;117;164,1;288;0
vpja28;16;7446;7820;253,6;190,1;374;255
vpja28;16;7834;8262;288,9;194,6;428;255
vpja28;16;8285;8652;236,1;193,9;367;255
vpja28;16;8712;9048;-312,6;161,8;336;255255000
vpja28;16;9264;9495;-322,1;119,9;231;255255000
vpja28;16;9511;9748;-353,7;118,6;237;255255000
vpja28;16;9967;10000;-340,1;104,9;33;255255000
vpja28;17;280;505;-153,2;61,4;225;255
vpja28;17;695;848;-118,9;21,6;153;255
vpja28;17;902;1069;48,7;-290,3;167;255000
vpja28;17;1082;1289;47,4000000000001;-305,7;207;255000
vpja28;17;1352;1548;322,2;110,7;196;255255000
vpja28;17;1572;1835;284,8;140,2;263;255255000
vpja28;17;1854;1986;321,8;139,2;132;255255000
vpja28;17;2016;2271;433,6;71;255;0
vpja28;17;2306;2531;315;140,7;225;255255000
vpja28;17;2715;2972;460,6;35;257;0
vpja28;17;3024;3216;50,3000000000001;-124,2;192;2,55e+08
vpja28;17;3260;3428;-65,8;1,39999999999998;168;255
vpja28;17;3479;3682;367,4;115,3;203;0
vpja28;17;3710;4009;455,1;55,7;299;0
vpja28;17;4043;4215;312,9;163,4;172;255255000
vpja28;17;4230;4622;329,7;150,6;392;0
vpja28;17;4795;4980;-98,5;8;185;255
vpja28;17;5001;5224;-107,2;54;223;255
vpja28;17;5250;5433;-167,7;98,6;183;255
vpja28;17;5488;5714;305,2;108,4;226;255255000
vpja28;17;5877;6108;-138,3;57,5;231;255
vpja28;17;6131;6307;-103,9;29,4;176;255
vpja28;17;6333;6472;-161,3;66;139;255
vpja28;17;6500;6720;-93,6999999999999;14;220;255
vpja28;17;6761;6896;-280,3;93,6;135;0
vpja28;17;6935;7078;-451,3;108,8;143;0
vpja28;17;7145;7306;41,8000000000001;-280,9;161;2,55e+08
vpja28;17;7329;7744;60,3;-294,7;415;255000
vpja28;17;7915;8172;-129,8;57;257;255
vpja28;17;8186;8411;-118,6;59,6;225;255
vpja28;17;8434;8848;-96,5999999999999;23,1;414;255
vpja28;17;9083;9111;304,7;77,8000000000001;28;255255000
vpja28;17;9129;9545;315,1;126,4;416;255255000
vpja28;17;9595;9950;-109,7;52,3000000000001;355;255
vpja28;17;9959;10000;-97,4;56,7;41;255
vpja28;18;476;650;174,1;-250,5;174;255000
vpja28;18;670;931;152,9;-278,8;261;255000
vpja28;18;1137;1286;202,6;375,1;149;255
vpja28;18;1312;1519;198,6;316,9;207;255
vpja28;18;1577;1771;-384,7;340,5;194;255255000
vpja28;18;1793;2014;-388,1;294,8;221;255255000
vpja28;18;2035;2375;-434,2;303,9;340;255255000
vpja28;18;2428;2653;-256,6;-48;225;0
vpja28;18;2716;2950;143,5;380,7;234;255
vpja28;18;2971;3173;193,9;372,1;202;255
vpja28;18;3410;3640;177,9;170,6;230;255
vpja28;18;3675;3840;170,2;361,6;165;255
vpja28;18;3880;4086;-66,8000000000001;400,7;206;0
vpja28;18;4143;4409;-400,2;332,7;266;255255000
vpja28;18;4430;4625;-378,5;294;195;255255000
vpja28;18;4862;4886;161,3;327,2;24;255
vpja28;18;4897;5025;177,7;233,6;128;255
vpja28;18;5049;5099;186,3;257,4;50;255
vpja28;18;5137;5414;179,2;313,3;277;255
vpja28;18;5422;5604;189,8;320,8;182;255
vpja28;18;5665;5883;-353;325,2;218;255255000
vpja28;18;5905;6212;-371,5;286,9;307;255255000
vpja28;18;6448;6544;-389,9;248,2;96;255255000
vpja28;18;6605;6822;187,9;284;217;255
vpja28;18;6842;6974;190,7;334;132;255
vpja28;18;7349;7401;187,3;423,6;52;255
vpja28;18;7412;7463;190,1;376,9;51;255
vpja28;18;7489;7729;178,9;184,4;240;255
vpja28;18;7747;7781;176,3;195,1;34;255
vpja28;18;7845;8033;-393;344,2;188;255255000
vpja28;18;8053;8314;-374,6;306,2;261;255255000
vpja28;18;8322;8834;-361,5;298,7;512;255255000
vpja28;18;8969;9003;167,8;181,8;34;255
vpja28;18;9022;9818;162,3;212,4;796;255
vpja28;18;9879;10000;-383,5;306,5;121;255255000
vpja28;19;263;387;-39,2;-234,4;124;255000
vpja28;19;407;644;-36;-260,6;237;255000
vpja28;19;715;917;446,1;260;202;255
vpja28;19;939;1366;460,1;215,2;427;255
vpja28;19;1383;1617;436,4;245,4;234;255
vpja28;19;1642;1811;480,7;302;169;255
vpja28;19;1839;1967;465,7;205,8;128;255
vpja28;19;2042;2277;-387,3;281,8;235;255255000
vpja28;19;2295;2531;-407,7;263;236;255255000
vpja28;19;2549;2881;-395,7;288,5;332;255255000
vpja28;19;3102;3272;-396;219,1;170;255255000
vpja28;19;3282;3588;-405,7;229,3;306;255255000
vpja28;19;3665;3874;394,9;232,7;209;255
vpja28;19;3899;4094;453,5;206,5;195;255
vpja28;19;4120;4374;491,2;286;254;255
vpja28;19;4393;4545;440,2;281,5;152;255
vpja28;19;4593;4942;448,4;209;349;255
vpja28;19;5295;5327;422,3;250,9;32;255
vpja28;19;5403;5805;-402,1;258,7;402;255255000
vpja28;19;5823;6138;-374,9;272,5;315;255255000
vpja28;19;6396;6418;-59,2;282,9;22;0
vpja28;19;6469;6502;-63,2;230,4;33;0
vpja28;19;6525;6754;-87,6;194,3;229;0
vpja28;19;6799;7248;-400,7;280,7;449;255255000
vpja28;19;7263;8251;-378,5;286,3;988;255255000
vpja28;19;8509;8603;443,2;222,7;94;255
vpja28;19;8621;8647;455;229,3;26;255
vpja28;19;8660;8839;430,4;253,6;179;255
vpja28;19;8865;9328;443,3;202,2;463;255
vpja28;19;9358;9568;550,1;224,6;210;0
vpja28;19;9579;9788;554,2;210;209;0
vpja28;19;9815;9979;449,6;241,5;164;255
vpja28;20;152;264;-1,08181818181822;-0,627272727272839;112;255
vpja28;20;305;435;-216,681818181818;-186,427272727273;130;2,55e+08
vpja28;20;448;867;-219,981818181818;-198,427272727273;419;2,55e+08
vpja28;20;926;1102;-495,581818181818;115,672727272727;176;255255000
vpja28;20;1152;1324;-45,6818181818182;67,8727272727272;172;255
vpja28;20;1351;1663;-36,3818181818182;157,372727272727;312;255
vpja28;20;1719;1904;-475,581818181818;101,372727272727;185;255255000
vpja28;20;1927;2147;-518,081818181818;90,8727272727272;220;255255000
vpja28;20;2171;2322;-455,181818181818;77,9727272727272;151;255255000
vpja28;20;2391;2564;240,718181818182;18,8727272727272;173;0
vpja28;20;2604;2781;17,8181818181818;180,972727272727;177;0
vpja28;20;2808;3023;-61,3818181818182;178,172727272727;215;0
vpja28;20;3046;3179;-19,5818181818182;151,572727272727;133;255
vpja28;20;3214;3412;-142,281818181818;67,1727272727272;198;2,55e+08
vpja28;20;3456;3617;-205,181818181818;-188,927272727273;161;255000
vpja28;20;3630;3853;-210,381818181818;-198,727272727273;223;255000
vpja28;20;3913;4212;296,418181818182;-376,227272727273;299;0
vpja28;20;4260;4364;493,718181818182;-230,527272727273;104;0
vpja28;20;4403;4580;385,618181818182;-30,2272727272729;177;0
vpja28;20;4623;4902;610,418181818182;-114,027272727273;279;0
vpja28;20;4939;5078;424,518181818182;-4,32727272727277;139;0
vpja28;20;5167;5423;-519,781818181818;78,9727272727272;256;255255000
vpja28;20;5444;5657;-480,681818181818;96,3727272727272;213;255255000
vpja28;20;5852;6078;-478,281818181818;69,5727272727272;226;255255000
vpja28;20;6098;6276;-521,581818181818;70,5727272727272;178;255255000
vpja28;20;6303;6498;-434,581818181818;69,0727272727272;195;255255000
vpja28;20;6548;6795;-37,4818181818182;56,0727272727272;247;255
vpja28;20;6822;7266;-34,4818181818182;152,172727272727;444;255
vpja28;20;7297;7538;-47,1818181818182;45,3727272727272;241;255
vpja28;20;7556;7902;-47,7818181818182;17,4727272727272;346;255
vpja28;20;7935;8095;-164,881818181818;52,7727272727271;160;2,55e+08
vpja28;20;8128;8330;-222,081818181818;-64,3272727272728;202;2,55e+08
vpja28;20;8363;8505;-209,781818181818;-184,127272727273;142;2,55e+08
vpja28;20;8520;8737;-215,981818181818;-200,427272727273;217;255000
vpja28;20;8873;9108;-212,081818181818;-211,827272727273;235;255000
vpja28;20;9117;9291;-204,481818181818;-212,427272727273;174;255000
vpja28;20;9340;9981;-23,7818181818182;55,8727272727272;641;255
vpja28;21;307;435;118,2;-200,9;128;255000
vpja28;21;456;884;85,0999999999999;-227,4;428;255000
vpja28;21;893;1139;66,0999999999999;-220,8;246;255000
vpja28;21;1179;1290;-100,4;-146,4;111;0
vpja28;21;1339;1710;-415,5;86,5999999999999;371;255
vpja28;21;1730;1947;-458,9;93,5;217;255
vpja28;21;2107;2479;-472,2;110,3;372;255
vpja28;21;2548;2816;189,5;211,1;268;255255000
vpja28;21;2844;3111;298,6;211,9;267;255255000
vpja28;21;3135;3312;231,9;190,4;177;255255000
vpja28;21;3363;3500;111;-175,2;137;2,55e+08
vpja28;21;3522;3828;81,5999999999999;-211,5;306;255000
vpja28;21;3841;4242;91,5999999999999;-218,4;401;255000
vpja28;21;4305;4470;-401,2;-26;165;0
vpja28;21;4512;4680;-443,5;94,6999999999999;168;255
vpja28;21;4860;5066;-410,8;-126,6;206;0
vpja28;21;5111;5280;-132,1;-190,4;169;0
vpja28;21;5327;5461;-131,4;-352,4;134;0
vpja28;21;5477;5655;-110,6;-363,5;178;0
vpja28;21;5727;5991;468,4;-317,8;264;0
vpja28;21;6050;6313;-71,5;-154,1;263;0
vpja28;21;6336;6605;-126;-157,9;269;0
vpja28;21;6665;7033;-461,8;131,9;368;255
vpja28;21;7271;7306;217,6;179,9;35;255255000
vpja28;21;7323;7727;207,8;215,2;404;255255000
vpja28;21;7750;8091;234;174,6;341;255255000
vpja28;21;8157;8381;-421,3;82,3;224;255
vpja28;21;8570;8950;-429,5;70;380;255
vpja28;21;9019;9289;161,3;187,1;270;255255000
vpja28;21;9316;9737;231,7;194,7;421;255255000
vpja28;21;9777;9952;147,9;-6,30000000000007;175;2,55e+08
vpja28;22;87;207;1,59999999999991;-8,5;120;2,55e+08
vpja28;22;235;374;66,8;-46,6;139;255000
vpja28;22;384;1177;77,8999999999999;-37,7;793;255000
vpja28;22;1221;1446;292,4;106,1;225;255
vpja28;22;1457;1699;296,8;121;242;255
vpja28;22;1747;2106;22;208,9;359;0
vpja28;22;2127;2290;68;198,2;163;255255000
vpja28;22;2335;2508;25,9;-42,3000000000001;173;255000
vpja28;22;2541;2669;-30;-159,9;128;0
vpja28;22;2719;2950;-350,8;-19,2;231;0
vpja28;22;3001;3153;-531,4;208,7;152;0
vpja28;22;3175;3363;-574,6;187;188;0
vpja28;22;3528;3641;58,8;-37,3000000000001;113;255000
vpja28;22;3659;3890;76,3;-33,5;231;255000
vpja28;22;3935;4894;322,7;133,5;959;255
vpja28;22;4936;5350;78;192,7;414;255255000
vpja28;22;5617;5641;58,8;143,3;24;2,55e+08
vpja28;22;5659;5969;46;179,5;310;255255000
vpja28;22;6013;6370;285,8;97,5;357;255
vpja28;22;6635;6657;286,5;38,4;22;0
vpja28;22;6675;7093;289;88,6999999999999;418;255
vpja28;22;7398;7547;248,5;178,4;149;0
vpja28;22;7583;7621;103,4;119;38;2,55e+08
vpja28;22;7639;7869;88,7;156,7;230;2,55e+08
vpja28;22;7908;8304;283,5;82,1999999999999;396;255
vpja28;22;8350;8546;326,6;-155,8;196;0
vpja28;22;8561;8779;306;-166,2;218;0
vpja28;22;8809;9137;394,2;-176;328;0
vpja28;22;9185;9348;57,8999999999999;-40,2;163;255000
vpja28;22;9361;9705;56,5999999999999;-56,3;344;255000
vpja28;22;9928;9958;286,2;15,1999999999999;30;0
vpja28;23;278;435;111,506484641638;-218,825597269625;157;255000
vpja28;23;452;617;90,9064846416384;-224,625597269625;165;255000
vpja28;23;678;931;385,006484641638;196,374402730375;253;255
vpja28;23;954;1117;435,606484641638;156,774402730375;163;255
vpja28;23;1140;1303;387,006484641638;186,174402730375;163;255
vpja28;23;1388;1592;-459,893515358362;227,174402730375;204;255255000
vpja28;23;1614;1919;-494,793515358362;238,474402730375;305;255255000
vpja28;23;1936;2178;-485,793515358362;216,374402730375;242;255255000
vpja28;23;2432;2466;375,906484641638;118,674402730375;34;255
vpja28;23;2484;2537;389,306484641638;154,674402730375;53;255
vpja28;23;2558;2773;334,306484641638;172,074402730375;215;255
vpja28;23;3039;3103;327,206484641638;123,774402730375;64;255
vpja28;23;3121;3559;330,706484641638;160,674402730375;438;255
vpja28;23;3811;3832;-445,693515358362;324,974402730375;21;0
vpja28;23;3848;4158;-417,093515358362;211,874402730375;310;255255000
vpja28;23;4181;4733;-452,593515358362;199,474402730375;552;255255000
vpja28;23;4811;5068;356,106484641638;161,974402730375;257;255
vpja28;23;5093;5310;289,706484641638;157,574402730375;217;255
vpja28;23;5335;5823;343,306484641638;204,774402730375;488;255
vpja28;23;5849;6229;378,406484641638;133,674402730375;380;255
vpja28;23;6449;6678;-430,993515358362;202,074402730375;229;255255000
vpja28;23;6701;7080;-415,993515358362;195,674402730375;379;255255000
vpja28;23;7321;7751;-408,493515358362;172,274402730375;430;255255000
vpja28;23;7777;8001;-459,493515358362;191,874402730375;224;255255000
vpja28;23;8083;8411;344,706484641638;136,674402730375;328;255
vpja28;23;8443;8636;444,206484641638;135,874402730375;193;255
vpja28;23;8666;8944;343,606484641638;185,174402730375;278;255
vpja28;23;8991;9240;63,6064846416382;-6,42559726962463;249;2,55e+08
vpja28;23;9461;9826;-437,693515358362;206,974402730375;365;255255000
vpja28;23;9861;10000;-483,593515358362;87,3744027303754;139;0
vpja28;24;202;285;-9,70000000000005;1,40000000000009;83;2,55e+08
vpja28;24;318;476;-27,1;-128,5;158;0
vpja28;24;511;936;-44,9000000000001;-291,7;425;255000
vpja28;24;987;1195;-229,3;-22,0999999999999;208;255
vpja28;24;1206;1348;-247,9;-23,4;142;255
vpja28;24;1387;1719;-40,3000000000001;-46,5999999999999;332;255255000
vpja28;24;1759;1896;-237,1;1;137;255
vpja28;24;1951;2073;179,8;32,8000000000001;122;0
vpja28;24;2129;2255;56;394,3;126;2,55e+08
vpja28;24;2319;2576;464,2;-71,6999999999999;257;0
vpja28;24;2611;2766;294,8;-130,9;155;0
vpja28;24;2810;3003;18,5;-295,3;193;255000
vpja28;24;3047;3224;-49,5;-28,9;177;255255000
vpja28;24;3248;3505;-35,2;-82,8;257;255255000
vpja28;24;3544;3717;-239,2;-13;173;255
vpja28;24;3897;4092;-247,7;-39,5999999999999;195;255
vpja28;24;4104;4337;-236,6;-42,8;233;255
vpja28;24;4373;4648;-38,3000000000001;-73,3;275;255255000
vpja28;24;4853;5064;-42;-104,1;211;255255000
vpja28;24;5088;5430;-49,5;-33,9;342;255255000
vpja28;24;5457;5732;-50,4000000000001;-100,7;275;255255000
vpja28;24;5745;5925;-28,3000000000001;-100,2;180;255255000
vpja28;24;5962;6104;-177,1;-191;142;0
vpja28;24;6139;6359;-230,6;-24,6999999999999;220;255
vpja28;24;6585;6663;-232,1;-57,6999999999999;78;0
vpja28;24;6700;6912;-52,1;-73,3;212;255255000
vpja28;24;6930;7093;-42;-85,6999999999999;163;255255000
vpja28;24;7132;7445;-244,8;-33,8;313;255
vpja28;24;7651;7884;-259,7;-44,3;233;0
vpja28;24;7898;8305;-236,5;-42,3;407;255
vpja28;24;8317;8481;-235,6;-53;164;0
vpja28;24;8690;8846;-262;-56,8;156;0
vpja28;24;8885;9080;-47,8000000000001;-62,5;195;255255000
vpja28;24;9100;9788;-49,1;-85,1;688;255255000
vpja28;24;9827;10000;-242,8;-21,1999999999999;173;255
vpja28;25;242;317;9,80000000000007;-17,5;75;0
vpja28;25;355;474;-147,4;-137,4;119;2,55e+08
vpja28;25;497;673;-163,8;-176,9;176;255000
vpja28;25;681;838;-170,4;-182,2;157;255000
vpja28;25;898;1146;389,1;-64,5;248;255
vpja28;25;1169;1400;350,6;-8,10000000000002;231;255
vpja28;25;1480;1635;-360,3;281,3;155;255255000
vpja28;25;1660;1801;-415,7;312,8;141;255255000
vpja28;25;1831;2028;-476;370,5;197;255255000
vpja28;25;2057;2250;-376,9;365,6;193;255255000
vpja28;25;2283;2509;-464,2;415,6;226;0
vpja28;25;2538;2721;-412,9;315,9;183;255255000
vpja28;25;2941;3092;401,9;196,2;151;0
vpja28;25;3117;3294;463,8;183,2;177;255
vpja28;25;3348;3604;-37;52,8;256;2,55e+08
vpja28;25;3652;3797;-356;71,8;145;0
vpja28;25;3842;3966;-196,2;-150,2;124;255000
vpja28;25;3989;4190;-166;-175,8;201;255000
vpja28;25;4242;4487;-409,4;105,2;245;0
vpja28;25;4536;4656;-141,9;-156;120;255000
vpja28;25;4677;5045;-166,8;-182,9;368;255000
vpja28;25;5115;5319;376,5;205,3;204;0
vpja28;25;5368;5631;396,2;-45,9;263;255
vpja28;25;5657;5843;328,3;-74,3;186;255
vpja28;25;5893;6102;30,2;-329;209;0
vpja28;25;6123;6289;0,5;-343,1;166;0
vpja28;25;6465;6590;30,1;35,7;125;0
vpja28;25;6643;6899;-401,8;76,1;256;0
vpja28;25;6914;7103;-425,9;93,8;189;0
vpja28;25;7127;7294;-378,9;54,3;167;0
vpja28;25;7336;7495;-329,6;-147,6;159;0
vpja28;25;7521;7695;-340,6;-222,1;174;0
vpja28;25;7715;7797;-356,3;-180,6;82;0
vpja28;25;7840;7968;-394,6;101,8;128;0
vpja28;25;8018;8237;-431,3;346,6;219;255255000
vpja28;25;8260;9068;-389,2;327;808;255255000
vpja28;25;9083;9189;-417,9;329,1;106;255255000
vpja28;25;9393;9471;-401,3;317,3;78;255255000
vpja28;25;9498;9769;-341,2;384,3;271;0
vpja28;25;9794;10000;-377,2;315,7;206;255255000
vpja28;26;184;290;-6,19999999999982;22,5;106;2,55e+08
vpja28;26;331;382;169,6;128,1;51;255
vpja28;26;433;584;-44,5999999999998;-232,1;151;255000
vpja28;26;601;788;-64,5999999999998;-214,9;187;255000
vpja28;26;797;983;-52,6999999999998;-208,2;186;255000
vpja28;26;1002;1094;-65,4999999999999;-171,4;92;255000
vpja28;26;1146;1252;149,3;128,6;106;255
vpja28;26;1277;1597;174,2;181,9;320;255
vpja28;26;1645;1886;-187,8;287,8;241;0
vpja28;26;1909;2131;-246,9;288,2;222;0
vpja28;26;2171;2367;-76,1999999999998;172,8;196;2,55e+08
vpja28;26;2386;2544;-116,2;193;158;0
vpja28;26;2578;2706;-224;310;128;0
vpja28;26;2725;2901;-180,4;306,1;176;0
vpja28;26;2950;3156;171;202;206;0
vpja28;26;3328;3522;-144,1;-37,2;194;2,55e+08
vpja28;26;3544;3729;-194,1;-12,8;185;2,55e+08
vpja28;26;3750;3897;-239,8;-18,7;147;2,55e+08
vpja28;26;3950;4178;183,2;201,7;228;0
vpja28;26;4196;4707;213,9;202,3;511;0
vpja28;26;4761;4946;-198,7;283,1;185;0
vpja28;26;4959;5557;-180,1;300,1;598;0
vpja28;26;5608;5867;180;196,8;259;0
vpja28;26;6121;6302;176,5;181,5;181;255
vpja28;26;6317;6693;199,3;194,7;376;0
vpja28;26;6741;7017;-179,6;293,7;276;0
vpja28;26;7053;7198;-82,2999999999998;178;145;2,55e+08
vpja28;26;7219;7405;-133,6;178,3;186;0
vpja28;26;7428;7537;-71,5999999999998;166,6;109;2,55e+08
vpja28;26;7588;7811;-46,1999999999998;-205,3;223;255000
vpja28;26;7829;8213;-46,9999999999999;-220,8;384;255000
vpja28;26;8441;8605;210,3;187,3;164;0
vpja28;26;8618;9453;194,5;191,6;835;0
vpja28;26;9502;9804;-173,6;271,6;302;255255000
