vp;trial;timest;timeend;x;y;duration;roi
vpja04;1;249;385;-68,7;-86,2;136;255000
vpja04;1;400;1560;-80,1;-94,0000000000001;1160;255000
vpja04;1;1602;1760;19,8;5,39999999999998;158;2,55e+08
vpja04;1;1798;1994;-89,2;-99,0000000000001;196;255000
vpja04;1;2005;2311;-74,7;-99,3000000000001;306;255000
vpja04;1;2360;2593;130,4;67,4;233;255255000
vpja04;1;2637;2791;296,8;20;154;0
vpja04;1;2849;3057;-67,8000000000001;-106,6;208;255000
vpja04;1;3120;3278;-442,3;178,6;158;0
vpja04;1;3302;3472;-484,7;167,6;170;0
vpja04;1;3539;3677;-74,3000000000001;-74,1;138;255000
vpja04;1;3696;3902;-76,8000000000001;-99,6;206;255000
vpja04;1;3910;4341;-73,3000000000001;-106,6;431;255000
vpja04;1;4386;4620;-123,6;82,6999999999999;234;2,55e+08
vpja04;1;4642;4784;-144,1;112,1;142;2,55e+08
vpja04;1;4836;4963;150,9;71,3;127;255255000
vpja04;1;4995;5173;320,6;26,0999999999999;178;0
vpja04;1;5235;5430;1;-248,5;195;0
vpja04;1;5459;5603;-100,8;-281,9;144;0
vpja04;1;5650;5835;-390,7;-331,1;185;0
vpja04;1;5887;6055;-466,4;-120,3;168;0
vpja04;1;6111;6236;-92,7;-89,1;125;255000
vpja04;1;6252;6476;-73,1;-98,4;224;255000
vpja04;1;6486;6910;-64,7;-106;424;255000
vpja04;1;6956;7243;-140,4;114,3;287;2,55e+08
vpja04;1;7276;7430;-179,2;234,3;154;0
vpja04;1;7455;7599;-233,4;230,4;144;2,55e+08
vpja04;1;7631;7771;-107,5;271,7;140;0
vpja04;1;7812;8060;-145;91,6999999999999;248;2,55e+08
vpja04;1;8080;8202;-151,3;62,5999999999999;122;2,55e+08
vpja04;1;8239;8791;-72,3000000000001;-97,8000000000001;552;255000
vpja04;1;8839;9022;121;72,1999999999999;183;255255000
vpja04;1;9064;9268;-82,1;-86,4;204;255000
vpja04;1;9276;9878;-76,9000000000001;-96,8000000000001;602;255000
vpja04;1;9920;10000;-72;-327,3;80;0
vpja04;2;236;392;-180,7;-198,1;156;255000
vpja04;2;409;615;-201,9;-192,2;206;255000
vpja04;2;624;932;-196,8;-202,1;308;255000
vpja04;2;985;1170;-216,5;151,9;185;2,55e+08
vpja04;2;1203;1373;-200,1;247,2;170;2,55e+08
vpja04;2;1431;1666;-451,7;307;235;255
vpja04;2;1719;1856;-138,8;355,4;137;255255000
vpja04;2;1928;2096;-185;-212,4;168;255000
vpja04;2;2112;2466;-205;-187,7;354;2,55e+08
vpja04;2;2476;2645;-198;-196,8;169;255000
vpja04;2;2681;2894;-44;-216,9;213;0
vpja04;2;2968;3198;-140,3;307;230;255255000
vpja04;2;3254;3634;-465,9;302,3;380;255
vpja04;2;3685;3931;-259,2;80,4000000000001;246;0
vpja04;2;3969;4138;-408;189,1;169;0
vpja04;2;4210;4362;-395,3;-292,3;152;0
vpja04;2;4411;4589;-174;-231,7;178;255000
vpja04;2;4611;4752;-200,1;-203,6;141;255000
vpja04;2;4786;5017;-32,6;-234;231;0
vpja04;2;5034;5277;-15,6;-246,3;243;0
vpja04;2;5285;5608;-4;-253,3;323;0
vpja04;2;5622;5872;4,29999999999995;-267,7;250;0
vpja04;2;5885;6218;-13;-253,1;333;0
vpja04;2;6234;6421;-12,9;-229,9;187;0
vpja04;2;6433;6597;-10,4;-245,9;164;0
vpja04;2;6653;6811;272,2;-228,5;158;0
vpja04;2;6880;6987;-174,7;-211,5;107;255000
vpja04;2;7011;7145;-210,5;-191,1;134;0
vpja04;2;7216;7412;-120,1;382,9;196;255255000
vpja04;2;7434;7646;-126,5;334,7;212;255255000
vpja04;2;7680;7858;-218,6;246,2;178;2,55e+08
vpja04;2;7919;8043;265,6;100;124;0
vpja04;2;8068;8226;318,8;97,6;158;0
vpja04;2;8274;8453;0,600000000000023;-148,6;179;0
vpja04;2;8491;9273;-204,4;-197,8;782;255000
vpja04;2;9342;9440;409,5;21,3000000000001;98;0
vpja04;2;9473;9623;446,6;45,5;150;0
vpja04;2;9682;9870;554,5;458,1;188;0
vpja04;2;9938;10000;-149,9;45,4000000000001;62;2,55e+08
vpja04;3;256;345;-3,90000000000009;-288,6;89;2,55e+08
vpja04;3;374;540;4,59999999999991;-378,9;166;255000
vpja04;3;554;729;15;-395,4;175;255000
vpja04;3;742;1127;32,3;-406,9;385;255000
vpja04;3;1153;1401;-25;-410;248;255000
vpja04;3;1491;1688;-344,2;221,8;197;0
vpja04;3;1740;1944;-503,6;325,7;204;255255000
vpja04;3;1986;2245;-269,6;227;259;255255000
vpja04;3;2262;2603;-250,4;206,9;341;255255000
vpja04;3;2671;2800;376,9;349,7;129;0
vpja04;3;2834;3157;426,2;386,3;323;255
vpja04;3;3167;3269;441,7;392,7;102;255
vpja04;3;3357;3491;-349;256,4;134;255255000
vpja04;3;3540;3660;-536,2;347,4;120;255255000
vpja04;3;3741;3952;-462,7;-303,5;211;0
vpja04;3;3984;4210;-343,3;-299,9;226;0
vpja04;3;4262;4407;-47,2;-369,7;145;255000
vpja04;3;4430;4636;-23,5;-404,5;206;255000
vpja04;3;4663;4979;27,1999999999999;-413;316;255000
vpja04;3;5004;5211;-24,7;-405,1;207;255000
vpja04;3;5237;5553;-5,20000000000005;-339,1;316;255000
vpja04;3;5605;5810;-253,8;-300;205;0
vpja04;3;5853;5999;-384,9;-268,8;146;0
vpja04;3;6071;6345;-399,8;251,3;274;0
vpja04;3;6454;6623;387,1;278,5;169;255
vpja04;3;6690;6834;317,6;-189,9;144;0
vpja04;3;6861;7145;376,8;-280,2;284;0
vpja04;3;7240;7509;-381,2;-310,4;269;0
vpja04;3;7538;7795;-496,9;-307,9;257;0
vpja04;3;7836;8333;-352,3;-277,6;497;0
vpja04;3;8369;8489;-473,7;-290,9;120;0
vpja04;3;8545;8788;-318,3;-79,0999999999999;243;0
vpja04;3;8847;8953;-134,7;-193;106;2,55e+08
vpja04;3;9005;9292;-344,4;-310,9;287;0
vpja04;3;9341;9444;-221,5;-236;103;2,55e+08
vpja04;3;9508;9656;282,5;-230,1;148;0
vpja04;3;9709;9896;-17,8000000000001;-402,1;187;255000
vpja04;3;9917;10000;9,29999999999995;-413,2;83;255000
vpja04;4;200;336;113,9;-201,2;136;255000
vpja04;4;361;675;103,9;-229,7;314;255000
vpja04;4;747;935;-386,8;86,8;188;255
vpja04;4;961;1269;-424,9;118,9;308;255
vpja04;4;1319;1460;-48,7;-112,4;141;0
vpja04;4;1500;1707;110,9;-221,7;207;255000
vpja04;4;1718;2154;106,1;-238,1;436;255000
vpja04;4;2171;2383;91,3;-222,2;212;255000
vpja04;4;2396;2558;105,3;-236,3;162;255000
vpja04;4;2589;2856;200,6;-310,1;267;255000
vpja04;4;2883;3013;182,2;-255,8;130;255000
vpja04;4;3041;3250;99,5999999999999;-239,3;209;255000
vpja04;4;3290;3436;-110,3;-318,1;146;0
vpja04;4;3460;3666;-95,4000000000001;-374,8;206;0
vpja04;4;3696;4113;-178,6;-312,9;417;0
vpja04;4;4137;4401;-211,1;-298,9;264;0
vpja04;4;4436;4651;-123,6;-398,2;215;0
vpja04;4;4678;4899;-196,7;-387,1;221;0
vpja04;4;4932;5182;-207,3;-308,2;250;0
vpja04;4;5220;5385;-52;-315,5;165;0
vpja04;4;5410;5921;0,299999999999955;-313,5;511;0
vpja04;4;5967;6172;-165;-313;205;0
vpja04;4;6199;6422;-225,5;-283,1;223;0
vpja04;4;6481;6834;-399;-109,6;353;0
vpja04;4;6857;7087;-369,9;-114;230;0
vpja04;4;7106;7224;-397,6;-135,8;118;0
vpja04;4;7283;7483;188,8;181,7;200;255255000
vpja04;4;7509;7850;255,9;191,2;341;255255000
vpja04;4;7889;8092;112,8;132,6;203;255255000
vpja04;4;8166;8601;-418,5;99,1999999999999;435;255
vpja04;4;8660;8889;132,2;173,4;229;255255000
vpja04;4;8919;9244;234,6;170,2;325;255255000
vpja04;4;9256;9548;252,2;173,6;292;255255000
vpja04;4;9574;9862;192,5;138,6;288;255255000
vpja04;4;9923;10000;142,2;-125,9;77;2,55e+08
vpja04;5;233;386;147,9;-135,2;153;255000
vpja04;5;445;541;4,60000000000002;182,2;96;0
vpja04;5;570;768;54,1;262,7;198;255
vpja04;5;832;1007;-384,1;156,2;175;255255000
vpja04;5;1029;1315;-378,3;114,1;286;255255000
vpja04;5;1322;1594;-387,5;95,6;272;255255000
vpja04;5;1618;1885;-335,9;57,5;267;0
vpja04;5;1910;2606;-385;91,1;696;255255000
vpja04;5;2616;2887;-380,5;81;271;255255000
vpja04;5;2913;3161;-378,2;133,6;248;255255000
vpja04;5;3230;3523;144,1;-145,4;293;255000
vpja04;5;3532;3738;154,4;-153,3;206;255000
vpja04;5;3772;4034;184,2;-258,9;262;255000
vpja04;5;4100;4215;82,4000000000001;115,3;115;2,55e+08
vpja04;5;4263;4804;60,2;241,9;541;255
vpja04;5;4834;4978;51;153,8;144;0
vpja04;5;5032;5466;295;475,1;434;0
vpja04;5;5559;5667;-341,8;180,1;108;255255000
vpja04;5;5691;5981;-384,5;141,4;290;255255000
vpja04;5;6042;6217;116;-103,7;175;255000
vpja04;5;6242;6527;155,4;-141,2;285;255000
vpja04;5;6560;6833;190,6;-256,5;273;255000
vpja04;5;6845;7008;200,5;-269,8;163;255000
vpja04;5;7056;7274;-24,5;-309,7;218;0
vpja04;5;7312;7585;135,2;-149,7;273;255000
vpja04;5;7657;7763;-284,8;144,5;106;0
vpja04;5;7798;8065;-366,5;122,6;267;255255000
vpja04;5;8121;8258;18,5;237,1;137;0
vpja04;5;8279;8536;54,5;245,4;257;255
vpja04;5;8597;8762;-390;160,7;165;255255000
vpja04;5;8786;9002;-390,6;112,4;216;255255000
vpja04;5;9057;9231;110,3;-117,9;174;255000
vpja04;5;9251;9433;140,4;-134,7;182;255000
vpja04;5;9477;9754;78,9000000000001;95,9;277;2,55e+08
vpja04;5;9800;10000;124,7;-128,2;200;255000
vpja04;6;242;352;-1,10000000000002;-202,6;110;0
vpja04;6;377;559;-6,39999999999998;-252;182;255000
vpja04;6;568;816;-21;-257,2;248;0
vpja04;6;824;1505;-19,1;-265;681;255000
vpja04;6;1560;1745;-9,39999999999998;-71,1;185;255255000
vpja04;6;1791;1942;-5,5;47,9;151;2,55e+08
vpja04;6;1966;2086;-40;23,3;120;255255000
vpja04;6;2115;2271;-34,6;-58,8;156;255255000
vpja04;6;2318;2736;-225,6;-3;418;255
vpja04;6;2794;3040;54,1;302,8;246;2,55e+08
vpja04;6;3074;3176;46;397,5;102;0
vpja04;6;3237;3391;-45,1;-6,20000000000005;154;255255000
vpja04;6;3415;3577;-32,4;-50,8;162;255255000
vpja04;6;3637;3867;433,1;-43,1;230;0
vpja04;6;3898;4049;360,8;19,8;151;0
vpja04;6;4082;4204;199;34,3;122;0
vpja04;6;4259;4392;-166,8;7,39999999999998;133;0
vpja04;6;4419;4629;-235,1;12,2;210;255
vpja04;6;4690;4906;-29,3;-239,1;216;0
vpja04;6;4926;5137;-26,6;-254,4;211;0
vpja04;6;5193;5362;269,7;-284,3;169;0
vpja04;6;5419;5617;321;-28,5;198;0
vpja04;6;5657;5809;226,5;26;152;0
vpja04;6;5835;5979;225,8;84,7;144;0
vpja04;6;6010;6187;341,3;72,6;177;0
vpja04;6;6249;6465;65,7;392,4;216;2,55e+08
vpja04;6;6539;6643;3,60000000000002;-200,7;104;2,55e+08
vpja04;6;6681;6949;-10,6;-266,9;268;255000
vpja04;6;7027;7209;-103,6;292,3;182;0
vpja04;6;7260;7403;-319,7;352,8;143;0
vpja04;6;7461;7631;-284,1;67,5;170;0
vpja04;6;7693;7920;-570,1;91,4;227;0
vpja04;6;7983;8086;-363,5;-181,5;103;0
vpja04;6;8149;8352;-30,9;-272,1;203;255000
vpja04;6;8363;8706;-16;-261,9;343;255000
vpja04;6;8760;8944;-54,1;-17,4;184;255255000
vpja04;6;8968;9295;-32,8;-52,4;327;255255000
vpja04;6;9325;9707;-55,1999999999999;34;382;255255000
vpja04;6;9727;9909;-83,3;37;182;0
vpja04;6;9941;10000;-225,9;5,5;59;255
vpja04;7;214;308;-314,9;-85,3;94;255000
vpja04;7;331;691;-352,5;-88,3;360;255000
vpja04;7;704;1049;-342,3;-80,4;345;255000
vpja04;7;1070;1409;-361,4;-50,9;339;2,55e+08
vpja04;7;1431;1647;-369,2;-92;216;255000
vpja04;7;1664;2027;-341,6;-98,4;363;255000
vpja04;7;2054;2380;-369,2;-69,7;326;2,55e+08
vpja04;7;2396;2601;-377,7;-94,9;205;255000
vpja04;7;2621;2692;-370,4;-102,4;71;255000
vpja04;7;2743;2919;-378,1;69,7;176;2,55e+08
vpja04;7;2970;3149;-359,7;-113,7;179;255000
vpja04;7;3172;3558;-335,7;-105,4;386;255000
vpja04;7;3574;3786;-363,6;-108;212;255000
vpja04;7;3844;4080;23,5;65;236;255255000
vpja04;7;4104;4217;69,6999999999999;103,9;113;255255000
vpja04;7;4278;4442;-240,3;101,9;164;255
vpja04;7;4464;4599;-275;84,2;135;255
vpja04;7;4661;4864;-112,3;-233,8;203;0
vpja04;7;4904;5152;64,4;-332,4;248;0
vpja04;7;5207;5465;515,8;-122,1;258;0
vpja04;7;5506;5761;488,8;-292,4;255;0
vpja04;7;5857;6004;-226,4;96,5;147;255
vpja04;7;6029;6424;-275,9;86,1;395;255
vpja04;7;6468;6763;-356,7;-94,1;295;255000
vpja04;7;6775;7075;-338,4;-96,2;300;255000
vpja04;7;7087;7249;-358,7;-104,8;162;255000
vpja04;7;7288;7478;-268,2;61,5;190;255
vpja04;7;7530;7697;19,3;86,8;167;255255000
vpja04;7;7767;7968;-347,7;-85,3;201;255000
vpja04;7;7976;8150;-345,9;-89,7;174;255000
vpja04;7;8189;8416;-276,6;77,7;227;255
vpja04;7;8431;8544;-266,6;94,1;113;255
vpja04;7;8592;8773;-358;-75,7;181;255000
vpja04;7;8795;9035;-354,2;-94,7;240;255000
vpja04;7;9043;9430;-343,3;-97;387;255000
vpja04;7;9447;9675;-369,2;-103;228;255000
vpja04;7;9697;10000;-339;-100;303;255000
vpja04;8;225;355;94,5000000000001;-242,5;130;255000
vpja04;8;380;549;96,1;-281,7;169;255000
vpja04;8;569;788;137,3;-280,6;219;255000
vpja04;8;866;1087;267,7;326,7;221;255
vpja04;8;1171;1327;-461,7;214,8;156;255255000
vpja04;8;1348;1860;-448,4;256,4;512;255255000
vpja04;8;1882;2147;-422,3;266,3;265;255255000
vpja04;8;2175;2374;-426,5;202,4;199;255255000
vpja04;8;2449;2576;131;-191,1;127;255000
vpja04;8;2605;2832;87,3000000000001;-278,8;227;255000
vpja04;8;2842;3067;80,1999999999999;-286,8;225;255000
vpja04;8;3109;3357;-167,9;-242,7;248;0
vpja04;8;3407;3784;94,6;-285,6;377;255000
vpja04;8;3805;3947;139,6;-279,8;142;255000
vpja04;8;4138;4300;300,8;260,2;162;2,55e+08
vpja04;8;4325;4548;268,5;312,5;223;255
vpja04;8;4579;4822;351,2;362,7;243;255
vpja04;8;4910;5178;-416,3;273,4;268;255255000
vpja04;8;5199;5424;-445,7;250,3;225;255255000
vpja04;8;5503;5656;98,8000000000001;-244,4;153;255000
vpja04;8;5680;5959;64,7;-277;279;255000
vpja04;8;5985;6261;134;-279,9;276;255000
vpja04;8;6287;6712;58,8000000000001;-280,2;425;255000
vpja04;8;6730;7052;98,3000000000001;-271,7;322;255000
vpja04;8;7264;7444;294,3;278,2;180;2,55e+08
vpja04;8;7506;7676;28;51,4;170;2,55e+08
vpja04;8;7739;7945;-436,7;235,8;206;255255000
vpja04;8;7966;8314;-461,7;272,4;348;255255000
vpja04;8;8333;8594;-488;273,3;261;255255000
vpja04;8;8613;8969;-453,2;253,8;356;255255000
vpja04;8;8997;9266;-410;183,8;269;255255000
vpja04;8;9328;9507;55,2;-235;179;255000
vpja04;8;9531;10000;50,4;-273,2;469;255000
vpja04;9;233;362;-0,199999999999932;-217,5;129;255000
vpja04;9;385;469;-23,6999999999999;-239,3;84;255000
vpja04;9;534;847;-365;146,2;313;255
vpja04;9;907;1137;-12,6999999999999;-243,8;230;255000
vpja04;9;1192;1439;303,5;116,7;247;255255000
vpja04;9;1459;1934;277,1;90,6999999999999;475;255255000
vpja04;9;1950;2108;290,4;111,6;158;255255000
vpja04;9;2186;2514;-358,8;150,1;328;255
vpja04;9;2584;2790;0,600000000000023;-238,6;206;255000
vpja04;9;2808;3032;1,60000000000002;-264,4;224;255000
vpja04;9;3048;3460;13,6;-276,2;412;255000
vpja04;9;3502;3796;-17,5999999999999;-82,9;294;2,55e+08
vpja04;9;3836;4429;1,10000000000002;-251,6;593;255000
vpja04;9;4463;4763;28,8000000000001;-84,2;300;2,55e+08
vpja04;9;4815;5128;-0,699999999999932;-259,9;313;255000
vpja04;9;5194;5395;458;-232,7;201;0
vpja04;9;5441;5669;549,2;-69,3000000000001;228;0
vpja04;9;5742;5949;-5;-253,8;207;255000
vpja04;9;5965;6219;-1,79999999999995;-276,9;254;255000
vpja04;9;6285;6421;226,9;31,9;136;0
vpja04;9;6468;6696;-12,3;-257,7;228;255000
vpja04;9;6717;7233;-3,39999999999998;-282,9;516;255000
vpja04;9;7287;7419;70,2;-142,6;132;2,55e+08
vpja04;9;7450;7644;2;-253,5;194;255000
vpja04;9;7690;7978;41,7;-111;288;2,55e+08
vpja04;9;8019;8277;0,5;-273;258;255000
vpja04;9;8330;8542;-35,6999999999999;-116,1;212;2,55e+08
vpja04;9;8583;8797;-8,5;-278;214;255000
vpja04;9;8850;9005;281;57,3;155;255255000
vpja04;9;9063;9267;-27;-247;204;255000
vpja04;9;9285;9522;-15,3;-267,8;237;255000
vpja04;9;9664;9807;-350,6;182;143;0
vpja04;9;9828;10000;-363,3;154,1;172;255
vpja04;10;239;376;-269,7;-179,3;137;2,55e+08
vpja04;10;398;665;-314;-222,4;267;255000
vpja04;10;737;857;-358,4;341,5;120;255255000
vpja04;10;882;1134;-382,7;383,3;252;255255000
vpja04;10;1151;1314;-404,7;363,2;163;255255000
vpja04;10;1385;1505;-312,8;-175,9;120;255000
vpja04;10;1530;1758;-284,6;-235,6;228;255000
vpja04;10;1769;1952;-271,4;-248,4;183;255000
vpja04;10;2021;2140;171;101,1;119;0
vpja04;10;2180;2473;214,2;177,8;293;255
vpja04;10;2528;2655;443,5;-127,7;127;0
vpja04;10;2679;2911;455,2;-188,9;232;0
vpja04;10;2994;3249;-269,6;-230,1;255;255000
vpja04;10;3277;3554;-312,9;-213,2;277;255000
vpja04;10;3608;4445;-260,6;-34,3;837;2,55e+08
vpja04;10;4485;4726;-282,8;-226,6;241;255000
vpja04;10;4797;5465;212,9;166,1;668;255
vpja04;10;5489;5641;151,8;171,9;152;255
vpja04;10;5700;5888;-312,5;-157;188;255000
vpja04;10;5910;6126;-314,5;-206,8;216;255000
vpja04;10;6252;10000;-364,5;404,3;3748;255255000
vpja04;11;215;372;-30,1;-187,4;157;255000
vpja04;11;386;555;-37,1;-190,3;169;255000
vpja04;11;616;672;-210,8;4,20000000000005;56;0
vpja04;11;707;874;-321,6;131,1;167;255
vpja04;11;902;1043;-382;176,6;141;255
vpja04;11;1073;1764;-266,5;190,1;691;255
vpja04;11;1838;2062;393,4;233,6;224;255255000
vpja04;11;2087;2302;344,9;251,4;215;255255000
vpja04;11;2322;2451;382,2;250,4;129;255255000
vpja04;11;2508;2680;-36,6;-163,7;172;255000
vpja04;11;2695;2886;-41,6;-185,8;191;255000
vpja04;11;2899;3281;-18,7;-187,5;382;255000
vpja04;11;3299;3638;-52,8;-178,5;339;255000
vpja04;11;3663;3834;-32,2;-236,5;171;255000
vpja04;11;3848;3990;-23,6;-257,6;142;255000
vpja04;11;4013;4201;-47,2;-200,5;188;255000
vpja04;11;4213;4454;-32,5;-192,5;241;255000
vpja04;11;4503;4920;4,10000000000002;56,8000000000001;417;2,55e+08
vpja04;11;4947;5389;-73,9;46,3000000000001;442;2,55e+08
vpja04;11;5419;5941;38,8;51,4000000000001;522;2,55e+08
vpja04;11;5967;6098;-23,9;19,6;131;2,55e+08
vpja04;11;6150;6395;-57,5;-171,7;245;255000
vpja04;11;6465;6753;-483,4;8,20000000000005;288;0
vpja04;11;6780;7060;-401,7;-8,59999999999991;280;0
vpja04;11;7068;7645;-395,6;-8;577;0
vpja04;11;7696;10000;-55,3;-174,8;2304;255000
vpja04;12;257;343;23,9000000000001;-172,6;86;2,55e+08
vpja04;12;377;610;73,3000000000001;-305,4;233;255000
vpja04;12;660;708;-19,9;-116,5;48;2,55e+08
vpja04;12;749;964;-136,4;23,1999999999999;215;255
vpja04;12;982;1228;-144,2;50,3;246;255
vpja04;12;1248;1500;-167,2;75,9;252;255
vpja04;12;1560;1764;294,5;114,3;204;255255000
vpja04;12;1788;2479;365,2;82,5;691;0
vpja04;12;2527;3805;59,8000000000001;59,1;1278;0
vpja04;12;3857;3991;51,6;-222,4;134;2,55e+08
vpja04;12;4030;4442;64,4000000000001;-306,3;412;255000
vpja04;12;4480;4869;66;-134,2;389;2,55e+08
vpja04;12;4908;5158;64,9000000000001;-316,8;250;255000
vpja04;12;5172;5890;73;-332,9;718;255000
vpja04;12;5927;6213;55,3000000000001;-174,3;286;2,55e+08
vpja04;12;6248;6667;43,5;-32,8000000000001;419;0
vpja04;12;6709;9941;-79,0999999999999;5,5;3232;255
vpja04;12;9967;9999;-133;24,3;32;255
vpja04;13;199;521;58,8;-29,3;322;255000
vpja04;13;565;725;49,8;181,6;160;255
vpja04;13;742;1051;50,8;210,2;309;0
vpja04;13;1093;1194;78,1;52,5;101;2,55e+08
vpja04;13;1240;1450;286,1;98,6;210;255255000
vpja04;13;1462;1692;301,9;116,1;230;255255000
vpja04;13;1705;1873;317;107,5;168;255255000
vpja04;13;1922;2102;406,1;-134,7;180;0
vpja04;13;2167;2263;56,6999999999999;-80,0999999999999;96;255000
vpja04;13;2298;2556;66,8;-28,3;258;255000
vpja04;13;2566;3026;59,5;-25,0999999999999;460;255000
vpja04;13;3081;3322;-259,1;-80,5999999999999;241;0
vpja04;13;3577;3765;234,9;-221,5;188;0
vpja04;13;3797;3950;367,4;-144,5;153;0
vpja04;13;4013;4199;77,3;-24,5;186;255000
vpja04;13;4217;4486;53,9;-22,9;269;255000
vpja04;13;4801;4868;104,9;0,700000000000045;67;2,55e+08
vpja04;13;4895;5104;47,8;-32,1999999999999;209;255000
vpja04;13;5154;5291;35,6;180,5;137;255
vpja04;13;5343;5531;328,1;125,7;188;255255000
vpja04;13;5552;5882;298,3;103,4;330;255255000
vpja04;13;5890;6448;308,8;96,1;558;255255000
vpja04;13;6496;6697;59,5;-32,0999999999999;201;255000
vpja04;13;6722;6859;48,5;-16,5;137;255000
vpja04;13;6908;7165;19,5;171,1;257;255
vpja04;13;7184;7442;37,9;186,1;258;255
vpja04;13;7522;7840;-519,2;181,6;318;0
vpja04;13;7856;8165;-532,4;162,6;309;0
vpja04;13;8203;8758;-534,5;332,5;555;0
vpja04;13;8797;9239;-543;147,5;442;0
vpja04;13;9304;9481;29,1999999999999;-35;177;255000
vpja04;13;9502;9646;52,9;-30,4;144;255000
vpja04;13;9692;9980;332;-139,3;288;0
vpja04;14;201;318;-0,799999999999955;-208,3;117;255000
vpja04;14;343;524;-6,69999999999993;-257,4;181;255000
vpja04;14;535;956;1,60000000000002;-253,7;421;255000
vpja04;14;1028;1196;-292,4;150,9;168;255
vpja04;14;1216;1613;-309,3;174,2;397;255
vpja04;14;1681;1903;320,1;202,9;222;255255000
vpja04;14;1920;2103;339;223,3;183;255255000
vpja04;14;2172;2309;-0,199999999999932;-208,2;137;255000
vpja04;14;2333;2663;-2,5;-257,1;330;255000
vpja04;14;2670;2899;5,30000000000007;-255,4;229;255000
vpja04;14;2936;3120;-122,3;-375,1;184;0
vpja04;14;3168;3423;-3,69999999999993;-271;255;255000
vpja04;14;3466;3683;12;-72,8000000000001;217;2,55e+08
vpja04;14;3713;3870;-4,10000000000002;3,19999999999993;157;2,55e+08
vpja04;14;3927;4110;-5,79999999999995;-263,2;183;255000
vpja04;14;4124;4400;8,39999999999998;-262,4;276;255000
vpja04;14;4431;4570;24,1;-345,1;139;255000
vpja04;14;4599;4823;144,8;-386,1;224;0
vpja04;14;4854;5102;256,6;-444,8;248;0
vpja04;14;5163;5487;3,5;-261,3;324;255000
vpja04;14;5537;5689;-202;-348,4;152;0
vpja04;14;5756;5929;-519,7;-432,5;173;0
vpja04;14;5991;6144;-51,9;-287,1;153;255000
vpja04;14;6173;6373;-6,69999999999993;-247,4;200;255000
vpja04;14;6427;6595;203;133,2;168;0
vpja04;14;6636;6764;320,3;181,8;128;255255000
vpja04;14;6807;7038;9,70000000000005;67,5;231;2,55e+08
vpja04;14;7064;7187;-3,29999999999995;5,19999999999993;123;2,55e+08
vpja04;14;7252;7542;-316;182,7;290;0
vpja04;14;7600;7730;85,9;38,4;130;2,55e+08
vpja04;14;7787;8124;-8,19999999999993;-240,9;337;255000
vpja04;14;8196;8419;-286,5;191,2;223;0
vpja04;14;8473;8777;1,30000000000007;44,9;304;2,55e+08
vpja04;14;8833;9111;-11,5;-240,4;278;255000
vpja04;14;9127;9425;-13,1999999999999;-276,3;298;255000
vpja04;14;9435;9715;-4,10000000000002;-268;280;255000
vpja04;14;9726;9968;8,20000000000005;-273;242;255000
vpja04;15;201;306;-49,1999999999999;-212,6;105;255000
vpja04;15;328;483;-74;-231,7;155;255000
vpja04;15;502;630;-35,9;-230;128;255000
vpja04;15;693;932;-73,6;302,7;239;255
vpja04;15;949;1115;-66,8;322,6;166;255
vpja04;15;1164;1311;341;218;147;0
vpja04;15;1332;1535;387,4;227,1;203;0
vpja04;15;1550;1800;411,1;232,8;250;0
vpja04;15;1828;2081;327;200,1;253;255255000
vpja04;15;2108;2539;418,2;226,8;431;0
vpja04;15;2597;2833;-35,1;311,3;236;255
vpja04;15;2853;2990;-67,8;304;137;255
vpja04;15;3047;3160;-83,1;-168,4;113;255000
vpja04;15;3186;3478;-65,4;-231,3;292;255000
vpja04;15;3518;3786;-64,4;-39,6999999999999;268;2,55e+08
vpja04;15;3801;4004;-56,4;-12,1;203;2,55e+08
vpja04;15;4051;4395;48,2;193,7;344;2,55e+08
vpja04;15;4420;4583;-3,5;200,4;163;2,55e+08
vpja04;15;4648;4865;-64,8;-216,9;217;255000
vpja04;15;4883;5111;-73,9;-244,5;228;255000
vpja04;15;5134;5329;-26,4;-243,7;195;255000
vpja04;15;5358;5641;-62,6;-181;283;255000
vpja04;15;5654;6043;-79,6;-169,2;389;255000
vpja04;15;6076;6407;-70,3;-41,1999999999999;331;2,55e+08
vpja04;15;6434;6627;-38,9;15,8000000000001;193;2,55e+08
vpja04;15;6674;6828;-107,4;323,2;154;0
vpja04;15;6851;6994;-61,9;315,7;143;255
vpja04;15;7044;7208;359,4;220,6;164;0
vpja04;15;7233;7528;404,9;222,5;295;0
vpja04;15;7549;7763;360,2;212,8;214;255255000
vpja04;15;7774;8013;373,3;215;239;255255000
vpja04;15;8038;8145;308,1;197,7;107;0
vpja04;15;8209;8567;-76,1;297,7;358;255
vpja04;15;8596;8869;-7,69999999999993;208,4;273;2,55e+08
vpja04;15;8916;9037;-49,6;1;121;2,55e+08
vpja04;15;9090;9271;-69,8;-252,1;181;255000
vpja04;15;9295;9582;-22,6999999999999;-239,2;287;255000
vpja04;15;9646;9798;370,8;-90,9;152;0
vpja04;15;9868;10000;-64,6;-197,2;132;255000
vpja04;16;216;422;-112,9;-153,3;206;255000
vpja04;16;433;627;-125;-148,9;194;255000
vpja04;16;689;862;-324,7;161;173;0
vpja04;16;887;1042;-297,4;169,8;155;0
vpja04;16;1061;1222;-273,5;164,3;161;0
vpja04;16;1270;1454;-28,6999999999999;145,2;184;255255000
vpja04;16;1514;1657;-116,9;-147,8;143;255000
vpja04;16;1673;2058;-130,5;-152,9;385;255000
vpja04;16;2126;2338;-435;-78,5;212;0
vpja04;16;2401;2565;-112;-152,6;164;255000
vpja04;16;2581;2692;-131,5;-154,5;111;255000
vpja04;16;2739;2877;-87,3;-44;138;2,55e+08
vpja04;16;2929;3192;111,1;-291;263;0
vpja04;16;3225;3320;-53,5999999999999;-335;95;0
vpja04;16;3388;3676;-412,2;-151;288;0
vpja04;16;3734;3975;-245,4;143,4;241;0
vpja04;16;4016;4255;-134,3;299,5;239;0
vpja04;16;4297;4478;18,5;157,5;181;255255000
vpja04;16;4536;4664;-97,5999999999999;-157,3;128;255000
vpja04;16;4682;4951;-120,1;-161,2;269;255000
vpja04;16;4991;5215;-45,9;4,30000000000007;224;2,55e+08
vpja04;16;5265;5826;-123,8;-177,4;561;255000
vpja04;16;5885;6131;-3,79999999999995;76,1;246;2,55e+08
vpja04;16;6185;6353;-148,6;288,4;168;0
vpja04;16;6380;6531;-218,8;340,2;151;0
vpja04;16;6579;6742;-392,9;106,2;163;0
vpja04;16;6768;7153;-423,3;4,5;385;0
vpja04;16;7203;7431;-303;168,6;228;0
vpja04;16;7497;7610;-122,2;-127,5;113;255000
vpja04;16;7636;7767;-119;-169;131;255000
vpja04;16;7827;8174;22;133,3;347;255255000
vpja04;16;8196;8360;5,30000000000007;167;164;255255000
vpja04;16;8397;8609;-141,5;73,9;212;2,55e+08
vpja04;16;8622;8780;-128;70,7;158;2,55e+08
vpja04;16;8834;9059;-110,1;-162,5;225;255000
vpja04;16;9071;9290;-126,4;-157,1;219;255000
vpja04;16;9329;9532;87,3;-269,3;203;0
vpja04;16;9581;9714;-112,5;-190,5;133;255000
vpja04;16;9731;10000;-112,9;-173,2;269;255000
vpja04;17;243;423;-341,1;-36,4;180;255000
vpja04;17;443;565;-381,1;-17,1;122;255000
vpja04;17;615;812;-345,5;304,4;197;255
vpja04;17;831;1145;-320,6;325,6;314;255
vpja04;17;1210;1445;176,9;209,3;235;255255000
vpja04;17;1483;1626;220,7;134,8;143;255255000
vpja04;17;1662;1847;164,9;9,10000000000002;185;0
vpja04;17;1885;2082;186,4;182,6;197;255255000
vpja04;17;2107;2323;223,1;233,4;216;255255000
vpja04;17;2397;2573;-314,4;304,2;176;255
vpja04;17;2637;2865;-369,2;-16,3;228;255000
vpja04;17;2875;3021;-379;-23,5;146;255000
vpja04;17;3050;3226;-462,8;-83,5;176;0
vpja04;17;3239;3427;-444,6;-80,4;188;0
vpja04;17;3455;3689;-539;-147,6;234;0
vpja04;17;3718;3871;-630,2;-125,1;153;0
vpja04;17;3918;4156;-600,1;-363,8;238;0
vpja04;17;4167;4278;-599,6;-350,7;111;0
vpja04;17;4352;4527;37,3;-51,6999999999999;175;0
vpja04;17;4563;4761;192,2;-4,10000000000002;198;0
vpja04;17;4833;5027;-356,6;-29;194;255000
vpja04;17;5046;5363;-388,3;-27,6;317;255000
vpja04;17;5385;5834;-360;9,60000000000002;449;255000
vpja04;17;5903;6033;53,6999999999999;129,8;130;0
vpja04;17;6075;6248;183,9;169,4;173;255255000
vpja04;17;6324;6473;-374,5;24,9;149;2,55e+08
vpja04;17;6496;6665;-378,1;-19,5;169;255000
vpja04;17;6697;7011;-225,8;-30,1999999999999;314;0
vpja04;17;7050;7269;-20,3000000000001;-40,1;219;0
vpja04;17;7319;7457;-331,4;-14,9;138;255000
vpja04;17;7519;7754;-357,4;337,9;235;0
vpja04;17;7813;7911;-351,1;86,4;98;2,55e+08
vpja04;17;7939;8284;-375,5;-12,9;345;255000
vpja04;17;8344;8374;210;150,4;30;255255000
vpja04;17;8397;8675;239;198,4;278;255255000
vpja04;17;8708;8924;411,7;186,5;216;0
vpja04;17;8971;9160;550,1;-13,6999999999999;189;0
vpja04;17;9181;9434;524;-48,8;253;0
vpja04;17;9469;9687;412;26,1;218;0
vpja04;17;9714;10000;513,6;-47,8;286;0
vpja04;18;236;489;97,1999999999999;-112,6;253;255000
vpja04;18;543;666;385,3;276,1;123;0
vpja04;18;693;842;374,1;345,9;149;255
vpja04;18;863;1304;386,7;402,6;441;255
vpja04;18;1329;1592;418,3;353,8;263;255
vpja04;18;1674;1794;-136,1;294;120;255255000
vpja04;18;1834;1996;-218,4;273,5;162;255255000
vpja04;18;2059;2201;85;-91,6;142;255000
vpja04;18;2226;2465;95,1999999999999;-127,1;239;255000
vpja04;18;2473;2941;98,0000000000001;-129,1;468;255000
vpja04;18;2954;3076;78,7;-124,4;122;255000
vpja04;18;3129;3329;-211,1;-216,6;200;0
vpja04;18;3387;3617;-439;-102,7;230;0
vpja04;18;3667;3766;-268,6;-59,3;99;0
vpja04;18;3833;4024;93,4;-131,3;191;255000
vpja04;18;4037;4219;80,3000000000001;-124,8;182;255000
vpja04;18;4276;4423;229,6;103,2;147;0
vpja04;18;4463;4702;117,3;99,3;239;2,55e+08
vpja04;18;4725;5002;87,6;123,1;277;2,55e+08
vpja04;18;5018;5309;74,6;154,8;291;2,55e+08
vpja04;18;5327;5544;101,8;170,5;217;2,55e+08
vpja04;18;5601;5767;84,4;-100,2;166;255000
vpja04;18;5788;6256;92,1;-120,4;468;255000
vpja04;18;6277;6487;58,4;-105,8;210;255000
vpja04;18;6511;6766;92,5000000000001;-136,9;255;255000
vpja04;18;6835;7030;-243,5;-245,8;195;0
vpja04;18;7085;7363;-448,3;-151,8;278;0
vpja04;18;7417;7516;-316,4;-39,1;99;0
vpja04;18;7572;7766;67;-121,7;194;255000
vpja04;18;7783;8093;92,5000000000001;-113;310;255000
vpja04;18;8150;8535;120,8;35,9;385;2,55e+08
vpja04;18;8556;8762;105,3;75,3;206;2,55e+08
vpja04;18;8804;9000;74,3000000000001;-85,6;196;255000
vpja04;18;9021;9407;91,1999999999999;-109,6;386;255000
vpja04;18;9416;9658;87,6999999999999;-128,7;242;255000
vpja04;18;9731;9887;-202,9;273,8;156;255255000
vpja04;18;9901;10000;-215,1;255,3;99;255255000
vpja04;19;221;311;-25,7;-212,2;90;255000
vpja04;19;337;489;-17,8000000000001;-261,9;152;255000
vpja04;19;501;739;-22,1;-270,6;238;255000
vpja04;19;758;936;4,09999999999991;-233,3;178;255000
vpja04;19;984;1254;-32,9000000000001;38,5;270;2,55e+08
vpja04;19;1286;1478;-142,2;45,3;192;2,55e+08
vpja04;19;1502;1723;-178,4;59,3;221;2,55e+08
vpja04;19;1743;2097;-199,5;6,79999999999995;354;2,55e+08
vpja04;19;2155;2314;-388,4;247,9;159;255255000
vpja04;19;2388;2588;409,5;232;200;255
vpja04;19;2609;2812;441,8;212,4;203;255
vpja04;19;2827;2921;448,9;244,4;94;255
vpja04;19;3006;3250;-386,3;267;244;255255000
vpja04;19;3270;3662;-408,7;247,4;392;255255000
vpja04;19;3733;3828;-62,8000000000001;-194,5;95;2,55e+08
vpja04;19;3866;4019;-19,5;-275;153;255000
vpja04;19;4034;4244;-21,4000000000001;-287;210;255000
vpja04;19;4269;4574;0,5;-244,3;305;255000
vpja04;19;4597;4772;-24,8000000000001;-291,4;175;255000
vpja04;19;4847;5368;462,7;236,6;521;255
vpja04;19;5430;5585;26,5;-246,1;155;255000
vpja04;19;5609;5905;-14,7;-280,5;296;255000
vpja04;19;5935;6094;4,59999999999991;-201,2;159;0
vpja04;19;6130;6349;6,39999999999998;-67;219;2,55e+08
vpja04;19;6370;6517;-25,9000000000001;-90,8000000000001;147;2,55e+08
vpja04;19;6567;6772;-23,7;-280,5;205;255000
vpja04;19;6795;7128;-4,40000000000009;-242,4;333;255000
vpja04;19;7153;7586;-43,3000000000001;-286,1;433;255000
vpja04;19;7637;7906;-11,4000000000001;33,1999999999999;269;2,55e+08
vpja04;19;7935;8224;61,5999999999999;77,3;289;2,55e+08
vpja04;19;8264;8459;-50,5;-52,7;195;2,55e+08
vpja04;19;8484;8750;-34,6;-101,2;266;2,55e+08
vpja04;19;8768;9180;-54,9000000000001;-117,1;412;2,55e+08
vpja04;19;9195;9369;-71,3000000000001;-112,1;174;2,55e+08
vpja04;19;9407;9553;-25;-253,1;146;255000
vpja04;19;9571;9877;-30,9000000000001;-278,8;306;255000
vpja04;19;9899;10000;-12,6;-243,7;101;255000
vpja04;20;214;360;21,2;-184,9;146;255000
vpja04;20;377;542;50,9;-192,3;165;255000
vpja04;20;599;760;281,6;143;161;255
vpja04;20;784;920;259;179,3;136;255
vpja04;20;994;1215;-330,8;160,3;221;255255000
vpja04;20;1273;1546;55;-192,9;273;255000
vpja04;20;1555;2057;44;-193;502;255000
vpja04;20;2086;2358;46,8;-252,6;272;255000
vpja04;20;2396;2584;40,1;-184,6;188;255000
vpja04;20;2627;2857;50,6;9,90000000000009;230;2,55e+08
vpja04;20;2900;3051;55,8;100;151;2,55e+08
vpja04;20;3082;3236;97,8;134,3;154;2,55e+08
vpja04;20;3269;3504;261,9;168,1;235;255
vpja04;20;3565;3782;42,8;-161;217;255000
vpja04;20;3794;3950;51,7;-146,9;156;255000
vpja04;20;3973;4265;51,2;-194,1;292;255000
vpja04;20;4283;4457;74,9;-191,2;174;255000
vpja04;20;4523;4723;268,6;148,9;200;255
vpja04;20;4748;4866;196,9;171,7;118;255
vpja04;20;4943;5171;-355,5;156,8;228;255255000
vpja04;20;5190;5519;-336,1;139,9;329;255255000
vpja04;20;5535;5748;-340,2;159,8;213;255255000
vpja04;20;5812;5971;163,1;164,9;159;0
vpja04;20;6006;6146;214,5;168;140;255
vpja04;20;6205;6342;16,7;-124,9;137;2,55e+08
vpja04;20;6367;6936;28,3;-174,2;569;255000
vpja04;20;6989;7275;69,8;-11,6999999999999;286;2,55e+08
vpja04;20;7294;7439;57,4;7,60000000000002;145;2,55e+08
vpja04;20;7490;7663;34,4;-173;173;255000
vpja04;20;7683;8772;29,3;-188,9;1089;255000
vpja04;20;8782;8967;34,3;-182,2;185;255000
vpja04;20;8976;9275;28,8;-189,3;299;255000
vpja04;20;9306;9509;-43,1;-208,4;203;0
vpja04;20;9536;9935;25,7;-195,6;399;255000
vpja04;21;203;338;-94,1;-179,9;135;255000
vpja04;21;356;561;-116,7;-171,2;205;255000
vpja04;21;615;798;-454,2;-36,6;183;255
vpja04;21;843;999;-107,1;-149,8;156;2,55e+08
vpja04;21;1014;1535;-121,8;-169,2;521;255000
vpja04;21;1587;1916;-378,4;78,3000000000001;329;0
vpja04;21;1942;2138;-405,7;123,4;196;0
vpja04;21;2181;2288;-406,8;211;107;0
vpja04;21;2316;2495;-472,7;268,1;179;0
vpja04;21;2546;2754;-233,1;334,2;208;0
vpja04;21;2804;2910;-6,69999999999993;339,1;106;0
vpja04;21;2968;3172;438,3;336,9;204;255255000
vpja04;21;3189;3345;425,8;363,6;156;255255000
vpja04;21;3373;3636;454,3;289,2;263;255255000
vpja04;21;3662;3818;456,5;346,4;156;255255000
vpja04;21;3844;4192;384,6;390;348;0
vpja04;21;4210;4320;374,9;365,2;110;0
vpja04;21;4413;4635;-448,6;217,1;222;0
vpja04;21;4660;4806;-501,4;170,6;146;255
vpja04;21;4857;5014;-487,9;-22,1999999999999;157;255
vpja04;21;5065;5260;-119;-150,7;195;255000
vpja04;21;5273;5446;-123,1;-165,9;173;255000
vpja04;21;5499;5803;-366,5;50,1;304;0
vpja04;21;5825;5966;-377,4;83,9;141;0
vpja04;21;6023;6220;-105,2;-163,4;197;255000
vpja04;21;6231;6483;-113,1;-173,5;252;255000
vpja04;21;6526;6765;52;-309,3;239;0
vpja04;21;6790;6963;106,8;-344,4;173;0
vpja04;21;6992;7133;46,1;-419,8;141;0
vpja04;21;7180;7409;417,9;-422,2;229;0
vpja04;21;7491;7700;338,1;208,7;209;0
vpja04;21;7736;7985;146,2;323,1;249;0
vpja04;21;8042;8342;-100,4;299;300;0
vpja04;21;8379;8499;-190,7;267,1;120;2,55e+08
vpja04;21;8573;8685;-116,6;-139,1;112;255000
vpja04;21;8710;8942;-124,7;-176,6;232;255000
vpja04;21;8950;9369;-129,8;-181,2;419;255000
vpja04;21;9378;9650;-122,7;-182,3;272;255000
vpja04;21;9700;9845;-329,7;-193,5;145;0
vpja04;21;9899;10000;-129,5;-180,2;101;255000
vpja04;22;184;343;-88,1;-160,5;159;255000
vpja04;22;359;454;-99,1;-153,1;95;255000
vpja04;22;503;743;-296,3;129,7;240;0
vpja04;22;755;1799;-302,5;150,6;1044;0
vpja04;22;1827;1994;-213,5;134,2;167;0
vpja04;22;2038;2406;97,9;110,7;368;255255000
vpja04;22;2458;2580;-70,1999999999999;-114,8;122;2,55e+08
vpja04;22;2601;2895;-97,9;-147,3;294;255000
vpja04;22;2902;3874;-98,5;-153,7;972;255000
vpja04;22;3899;4150;-77,3;-148,6;251;255000
vpja04;22;4172;4380;-98,6;-167,6;208;255000
vpja04;22;4399;4626;-88;-169;227;255000
vpja04;22;4640;5227;-106,8;-174,3;587;255000
vpja04;22;5250;5623;-87,9;-173,3;373;255000
vpja04;22;5681;5807;46,7;59,7;126;2,55e+08
vpja04;22;5858;6082;-95,4;-154,4;224;255000
vpja04;22;6100;10000;-109,8;-183,6;3900;255000
vpja04;23;214;308;-156;-198,2;94;2,55e+08
vpja04;23;334;745;-181,2;-218,3;411;255000
vpja04;23;796;965;-474;-10,5;169;255255000
vpja04;23;1010;1175;-186,4;-212,9;165;255000
vpja04;23;1190;1532;-188,5;-231,5;342;255000
vpja04;23;1591;1735;-37,3000000000001;41,9;144;255
vpja04;23;1805;1927;511;-110,2;122;0
vpja04;23;1953;2092;582,7;-163,8;139;0
vpja04;23;2165;2376;-31,6;77,8;211;255
vpja04;23;2389;2585;-29,8000000000001;64,4;196;255
vpja04;23;2608;2815;-74,8000000000001;53,3;207;255
vpja04;23;2841;3324;1,29999999999995;42,2;483;255
vpja04;23;3347;3606;-28,2;83,1;259;255
vpja04;23;3680;3871;-476,2;80;191;255255000
vpja04;23;3913;4016;-465,8;-1,5;103;255255000
vpja04;23;4073;4412;-184,8;-236,7;339;255000
vpja04;23;4460;4764;-181,3;-89,6;304;2,55e+08
vpja04;23;4785;5026;-175,8;-142,9;241;2,55e+08
vpja04;23;5058;5791;-180,4;-239,3;733;255000
vpja04;23;5801;5955;-180,2;-261;154;255000
vpja04;23;6013;6349;-36,7;22,7;336;255
vpja04;23;6421;6680;-488,8;-13,8;259;255255000
vpja04;23;6734;6993;-192,9;-221,2;259;255000
vpja04;23;7057;7284;-489,7;-9,89999999999998;227;255255000
vpja04;23;7329;7561;-188;-225,5;232;255000
vpja04;23;7572;8008;-174,1;-233,7;436;255000
vpja04;23;8066;9331;-110,5;20,3;1265;2,55e+08
vpja04;23;9357;10000;-85,5;59;643;255
vpja04;24;235;329;83,2;-209,3;94;255000
vpja04;24;356;737;123,4;-271,9;381;255000
vpja04;24;820;999;400,3;299,3;179;255
vpja04;24;1022;1186;427,5;346,4;164;255
vpja04;24;1269;1495;-475,5;333,7;226;255255000
vpja04;24;1516;1772;-459,9;310,8;256;255255000
vpja04;24;1793;2034;-485,5;328,5;241;255255000
vpja04;24;2118;2255;328,9;334,8;137;0
vpja04;24;2291;2490;413,6;314,9;199;255
vpja04;24;2547;2855;106,2;69,9000000000001;308;2,55e+08
vpja04;24;2890;3045;-17,2;94,3000000000001;155;2,55e+08
vpja04;24;3119;3516;102,6;-263;397;255000
vpja04;24;3542;5333;96,4;-227,1;1791;255000
vpja04;24;5389;5958;59,9;-66,5;569;2,55e+08
vpja04;24;6010;7287;-34,6;83,9000000000001;1277;2,55e+08
vpja04;24;7397;7427;449,6;240,1;30;0
vpja04;24;7446;7727;406,7;273,1;281;0
vpja04;24;7751;8173;383,8;269,1;422;0
vpja04;24;8229;8517;-69,7;228,8;288;0
vpja04;24;8547;10000;55,2;150,8;1453;2,55e+08
vpja04;25;213;318;22,3000000000001;-199,5;105;2,55e+08
vpja04;25;366;587;35;-356,1;221;255000
vpja04;25;598;804;24,4;-339,9;206;255000
vpja04;25;875;1028;-311,6;2,5;153;255
vpja04;25;1070;1178;-315,5;70,6;108;255
vpja04;25;1228;1416;11,4;-131,9;188;2,55e+08
vpja04;25;1442;1496;64;-164,1;54;2,55e+08
vpja04;25;1532;1719;215;-222,7;187;0
vpja04;25;1750;2010;216;-290,9;260;0
vpja04;25;2069;2257;508,8;-208,7;188;0
vpja04;25;2280;2416;523,2;-168,6;136;0
vpja04;25;2489;2605;52,6;-251,6;116;2,55e+08
vpja04;25;2636;2950;41,5;-348,3;314;255000
vpja04;25;2958;3090;25,2;-346,3;132;255000
vpja04;25;3158;3389;-338,7;-264,5;231;0
vpja04;25;3415;3577;-403;-264,6;162;0
vpja04;25;3637;3791;-348,9;56,6;154;255
vpja04;25;3836;3994;-276;152,9;158;255
vpja04;25;4059;4203;320,8;232,4;144;255255000
vpja04;25;4230;4371;382,1;288,7;141;255255000
vpja04;25;4434;4639;46,5;146,8;205;2,55e+08
vpja04;25;4654;4944;60,6;147,5;290;2,55e+08
vpja04;25;4955;5325;53,9;158,1;370;2,55e+08
vpja04;25;5350;5608;8,70000000000005;135,6;258;2,55e+08
vpja04;25;5667;5810;57,7;-345,1;143;255000
vpja04;25;5828;6122;34,4;-355,9;294;255000
vpja04;25;6144;6271;42,5;-333,7;127;255000
vpja04;25;6317;6590;31,8000000000001;-191,9;273;2,55e+08
vpja04;25;6610;6883;54;-197,3;273;2,55e+08
vpja04;25;7010;7166;359,4;264,4;156;255255000
vpja04;25;7188;7551;393,1;292,7;363;0
vpja04;25;7615;7898;52,4;137,6;283;2,55e+08
vpja04;25;7914;8287;56,1;153,9;373;2,55e+08
vpja04;25;8310;8616;7,70000000000005;130,5;306;2,55e+08
vpja04;25;8630;8907;-11,5;136,6;277;0
vpja04;25;8933;9252;35,9;147,9;319;2,55e+08
vpja04;25;9269;9649;61,1;143,6;380;2,55e+08
vpja04;25;9657;9773;72;145,3;116;2,55e+08
vpja04;25;9836;10000;42,2;-244,7;164;2,55e+08
vpja04;26;212;363;-12;-249,1;151;255000
vpja04;26;386;593;-22;-254,6;207;255000
vpja04;26;661;983;-236,1;144,2;322;0
vpja04;26;1001;1314;-234,6;113,8;313;255
vpja04;26;1378;1501;236,1;143,1;123;255255000
vpja04;26;1534;1739;390,4;145;205;255255000
vpja04;26;1803;1926;14,9;-199,3;123;2,55e+08
vpja04;26;1952;2193;-17,4;-244,8;241;255000
vpja04;26;2203;2503;-10,4;-253,5;300;255000
vpja04;26;2512;2705;-24,6;-258,6;193;255000
vpja04;26;2715;2851;-14,6;-250,4;136;255000
vpja04;26;2911;3227;-279,2;-34,1999999999999;316;0
vpja04;26;3274;3442;-228,1;105,9;168;255
vpja04;26;3507;3623;-26,4;-199,4;116;2,55e+08
vpja04;26;3650;3944;-22,9;-260,6;294;255000
vpja04;26;3995;4234;7,29999999999995;-98,1999999999999;239;2,55e+08
vpja04;26;4275;4504;-26,1;-266,4;229;255000
vpja04;26;4525;5192;-17;-283,3;667;255000
vpja04;26;5214;5632;-57,2;-255,6;418;0
vpja04;26;5648;5943;-33,4;-277,3;295;255000
vpja04;26;5999;6259;0,799999999999955;-78,4;260;2,55e+08
vpja04;26;6301;6447;198,1;-81,1;146;0
vpja04;26;6470;6598;236,7;-77,1999999999999;128;0
vpja04;26;6652;7000;-32,1;-272,1;348;255000
vpja04;26;7062;7182;-99,8;-11,6999999999999;120;2,55e+08
vpja04;26;7226;7246;-226,5;58;20;0
vpja04;26;7290;7322;-227,5;71,2;32;255
vpja04;26;7329;7428;-220,6;87;99;255
vpja04;26;7652;7708;273,3;100,6;56;255255000
vpja04;26;7726;7911;279,1;130,2;185;255255000
vpja04;26;7934;8141;356,5;129,6;207;255255000
vpja04;26;8158;8416;381,7;121,8;258;255255000
vpja04;26;8459;8687;114,5;73,6;228;0
vpja04;26;8717;8875;-1,60000000000002;58;158;2,55e+08
vpja04;26;8934;9110;-19,9;-250,3;176;255000
vpja04;26;9129;9357;-37,1;-266,1;228;255000
vpja04;26;9373;9547;-18,5;-269,9;174;255000
vpja04;26;9603;9895;-248,1;-105,6;292;0
vpja04;26;9942;10000;-44,1;-275,9;58;255000
