vp;trial;timest;timeend;x;y;duration;roi
vpja38;1;356;547;15,5;-333,5;191;255000
vpja38;1;866;1024;-442;267,5;158;0
vpja38;1;1112;1287;447,7;265,3;175;0
vpja38;1;1316;1408;417,2;294,3;92;255255000
vpja38;1;1472;1823;287,8;-237,4;351;0
vpja38;1;1849;1957;403,8;-262,5;108;0
vpja38;1;2029;2194;-266,8;-275,7;165;0
vpja38;1;2251;2367;-415,4;-404,2;116;0
vpja38;1;2392;2574;-489,8;-457,4;182;0
vpja38;1;2616;2734;-523,5;-302,7;118;0
vpja38;1;2833;3147;530,5;-208,2;314;0
vpja38;1;3200;3310;539,6;100,3;110;0
vpja38;1;3358;3500;423,8;318,1;142;255255000
vpja38;1;3567;3705;-186,8;226,6;138;0
vpja38;1;3745;4045;-83,5;91,2;300;2,55e+08
vpja38;1;4096;4324;-412;284;228;0
vpja38;1;4406;4575;430;313,2;169;255255000
vpja38;1;4648;4758;96,1999999999999;-197,6;110;2,55e+08
vpja38;1;4801;4941;33,3000000000001;-345,5;140;255000
vpja38;1;4962;5202;6,30000000000007;-379;240;255000
vpja38;1;5235;5511;-161,6;-306,8;276;0
vpja38;1;5551;5704;24,5;-364,2;153;255000
vpja38;1;5758;5995;-215;-285,7;237;0
vpja38;1;6022;6323;-191,1;-319,1;301;0
vpja38;1;6348;6646;-244,2;-368,1;298;0
vpja38;1;6671;6777;-300,5;-390,2;106;0
vpja38;1;6828;7056;-287,8;-153,3;228;0
vpja38;1;7084;7252;-354,9;-86,2;168;0
vpja38;1;7306;7511;-569,1;64,2;205;0
vpja38;1;7531;7625;-577,4;102,4;94;0
vpja38;1;7678;8022;-519,8;-296,3;344;0
vpja38;1;8050;8195;-514,9;-376,7;145;0
vpja38;1;8220;8498;-483,3;-456,4;278;0
vpja38;1;8534;8663;-309,6;-465,5;129;0
vpja38;1;8695;8835;-425,9;-455,2;140;0
vpja38;1;8866;9111;-262,4;-452,6;245;0
vpja38;1;9151;9410;-207,8;-359,8;259;0
vpja38;1;9440;9578;-169,2;-329,5;138;0
vpja38;1;9649;9950;384,1;-281,8;301;0
vpja38;1;9974;10000;308;-249,7;26;0
vpja38;2;182;221;-22,8045116989292;-115,982541458089;39;0
vpja38;2;262;422;-192,704511698929;-201,882541458089;160;2,55e+08
vpja38;2;680;934;-122,404511698929;306,217458541911;254;255
vpja38;2;988;1521;-469,004511698929;298,317458541911;533;255255000
vpja38;2;1969;2071;-183,104511698929;170,117458541911;102;2,55e+08
vpja38;2;2114;2395;-108,604511698929;305,717458541911;281;255
vpja38;2;2460;2488;-109,904511698929;-143,982541458089;28;0
vpja38;2;2620;2749;-154,004511698929;-235,682541458089;129;0
vpja38;2;2806;3267;-13,6045116989293;-287,582541458089;461;0
vpja38;2;3294;3488;-106,904511698929;-241,682541458089;194;0
vpja38;2;3534;3750;182,895488301071;-298,382541458089;216;0
vpja38;2;3800;4055;323,195488301071;-72,2825414580891;255;0
vpja38;2;4093;4385;309,695488301071;28,7174585419109;292;0
vpja38;2;4454;4561;515,195488301071;390,317458541911;107;0
vpja38;2;4607;4649;464,895488301071;413,917458541911;42;0
vpja38;2;4739;4941;-500,704511698929;356,517458541911;202;0
vpja38;2;4966;5157;-571,004511698929;311,017458541911;191;0
vpja38;2;5186;5499;-456,504511698929;290,917458541911;313;255255000
vpja38;2;5545;5865;-72,1045116989293;320,617458541911;320;255
vpja38;2;6228;6281;-153,204511698929;71,7174585419109;53;2,55e+08
vpja38;2;6332;6436;-153,604511698929;71,9174585419108;104;2,55e+08
vpja38;2;6488;6618;-139,104511698929;270,217458541911;130;255
vpja38;2;6662;6879;-442,604511698929;281,217458541911;217;255255000
vpja38;2;6924;7943;-87,8045116989292;344,717458541911;1019;255
vpja38;2;7991;8139;-412,004511698929;317,317458541911;148;0
vpja38;2;8161;8257;-456,904511698929;269,917458541911;96;255255000
vpja38;2;8324;8364;-231,104511698929;-215,582541458089;40;255000
vpja38;2;9173;9453;-50,2045116989292;-247,282541458089;280;0
vpja38;2;9475;9850;-93,8045116989292;-229,482541458089;375;0
vpja38;2;9902;10000;184,795488301071;-73,7825414580891;98;0
vpja38;3;84;214;36,9055762081784;8,78921933085508;130;2,55e+08
vpja38;3;240;800;105,705576208179;-26,1107806691449;560;0
vpja38;3;822;1046;70,1055762081785;7,28921933085508;224;2,55e+08
vpja38;3;1069;1356;95,5055762081785;-31,6107806691449;287;0
vpja38;3;1402;1619;23,1055762081785;115,489219330855;217;255
vpja38;3;1641;1811;-9,49442379182153;95,589219330855;170;255
vpja38;3;1864;2544;360,005576208179;171,389219330855;680;0
vpja38;3;2591;2899;31,6055762081785;117,389219330855;308;255
vpja38;3;2922;3058;26,9055762081784;66,489219330855;136;2,55e+08
vpja38;3;3095;3396;110,405576208178;-42,010780669145;301;0
vpja38;3;3441;3644;19,1055762081785;85,1892193308551;203;255
vpja38;3;3686;4281;112,105576208178;-51,7107806691449;595;0
vpja38;3;4325;4554;-25,5944237918216;-174,910780669145;229;0
vpja38;3;4597;4797;-254,194423791821;-154,710780669145;200;0
vpja38;3;4847;5004;-414,894423791822;-4,91078066914497;157;0
vpja38;3;5052;5379;-511,394423791822;167,389219330855;327;0
vpja38;3;5420;5739;-520,294423791821;320,989219330855;319;0
vpja38;3;5761;6111;-509,794423791821;342,689219330855;350;0
vpja38;3;6165;6434;-238,194423791821;338,989219330855;269;0
vpja38;3;6485;6640;99,4055762081784;396,789219330855;155;0
vpja38;3;6669;7038;238,105576208178;461,289219330855;369;0
vpja38;3;7061;7285;181,005576208179;489,389219330855;224;NA
vpja38;3;7310;8022;107,305576208179;484,589219330855;712;NA
vpja38;3;8039;8706;82,9055762081784;523,089219330855;667;NA
vpja38;3;8733;9406;109,005576208178;553,789219330855;673;NA
vpja38;3;9453;9652;95,7055762081785;160,089219330855;199;2,55e+08
vpja38;3;9697;10000;366,005576208179;177,189219330855;303;0
vpja38;4;184;473;23,1954883010708;-214,182541458089;289;255000
vpja38;4;737;1011;-472,304511698929;208,817458541911;274;255
vpja38;4;1082;1509;8,09548830107076;-252,882541458089;427;255000
vpja38;4;1587;1929;347,595488301071;226,517458541911;342;255255000
vpja38;4;2007;2589;224,995488301071;-384,982541458089;582;0
vpja38;4;2670;2870;363,495488301071;212,617458541911;200;255255000
vpja38;4;2892;3170;322,595488301071;242,317458541911;278;255255000
vpja38;4;3246;3529;-417,404511698929;207,317458541911;283;255
vpja38;4;3552;3890;-444,604511698929;167,017458541911;338;255
vpja38;4;3926;4103;-387,704511698929;222,517458541911;177;255
vpja38;4;4184;4607;362,595488301071;240,717458541911;423;255255000
vpja38;4;4629;5076;318,495488301071;243,417458541911;447;255255000
vpja38;4;5105;5430;360,895488301071;253,517458541911;325;255255000
vpja38;4;5449;5663;338,995488301071;275,617458541911;214;255255000
vpja38;4;5714;5741;64,5954883010708;212,717458541911;27;0
vpja38;4;5798;6002;-336,004511698929;204,217458541911;204;255
vpja38;4;6070;6248;-19,0045116989293;-181,482541458089;178;255000
vpja38;4;6277;6917;20,1954883010708;-249,282541458089;640;255000
vpja38;4;6943;7125;-4,00451169892926;-164,682541458089;182;255000
vpja38;4;7151;7431;-1,90451169892924;-235,282541458089;280;255000
vpja38;4;7508;7751;-416,104511698929;179,717458541911;243;255
vpja38;4;7781;8193;-384,904511698929;214,917458541911;412;255
vpja38;4;8272;8796;372,695488301071;274,417458541911;524;255255000
vpja38;4;8818;9242;345,295488301071;218,217458541911;424;255255000
vpja38;4;9263;9631;355,295488301071;264,317458541911;368;255255000
vpja38;4;9656;9915;348,495488301071;209,517458541911;259;255255000
vpja38;4;9941;10000;310,595488301071;240,617458541911;59;255255000
vpja38;5;230;367;-8,2045116989292;-135,282541458089;137;255000
vpja38;5;592;873;-525,804511698929;180,617458541911;281;255
vpja38;5;1098;1510;-41,7045116989292;-146,482541458089;412;255000
vpja38;5;1581;1766;4,19548830107078;300,017458541911;185;255255000
vpja38;5;1795;2087;-31,7045116989292;312,017458541911;292;255255000
vpja38;5;2150;2384;-507,604511698929;188,017458541911;234;255
vpja38;5;2404;2647;-534,004511698929;155,117458541911;243;255
vpja38;5;2723;2861;-16,9045116989292;-195,582541458089;138;255000
vpja38;5;2878;3306;-33,4045116989292;-165,382541458089;428;255000
vpja38;5;3348;3501;104,795488301071;-101,482541458089;153;2,55e+08
vpja38;5;3543;3780;77,7954883010708;34,6174585419109;237;2,55e+08
vpja38;5;3800;4035;81,0954883010708;74,4174585419108;235;2,55e+08
vpja38;5;4082;4280;92,1954883010707;-153,282541458089;198;255000
vpja38;5;4310;4609;104,295488301071;-250,582541458089;299;255000
vpja38;5;4646;4887;46,0954883010708;-165,982541458089;241;255000
vpja38;5;4910;5396;-24,4045116989292;-150,082541458089;486;255000
vpja38;5;5431;5609;-64,9045116989292;-76,3825414580891;178;2,55e+08
vpja38;5;5667;6107;-419,304511698929;60,9174585419108;440;0
vpja38;5;6149;6494;-202,504511698929;82,6174585419109;345;2,55e+08
vpja38;5;6540;7166;2,69548830107078;221,617458541911;626;2,55e+08
vpja38;5;7186;7765;1,2954883010708;263,717458541911;579;0
vpja38;5;7789;8235;93,2954883010708;244,317458541911;446;2,55e+08
vpja38;5;8295;8767;-346,104511698929;204,217458541911;472;0
vpja38;5;8799;9231;-462,204511698929;219,017458541911;432;255
vpja38;5;9256;9843;-379,704511698929;217,417458541911;587;0
vpja38;5;9896;10000;-125,604511698929;200,117458541911;104;0
vpja38;6;186;387;143,5;-102,8;201;255000
vpja38;6;443;575;-102,8;172,3;132;0
vpja38;6;600;770;-82,1;247,3;170;255
vpja38;6;836;1060;325,5;353,3;224;255255000
vpja38;6;1088;1270;407,7;399,4;182;255255000
vpja38;6;1296;1539;486,2;425,1;243;255255000
vpja38;6;1565;1942;388,6;445,8;377;255255000
vpja38;6;1976;2097;427,6;363,1;121;255255000
vpja38;6;2162;2301;184,3;-78,3;139;255000
vpja38;6;2358;2398;-176,5;-211,1;40;0
vpja38;6;3240;3384;-356,1;-308,1;144;0
vpja38;6;3427;3641;-155,9;-365,6;214;0
vpja38;6;3681;3783;-58,2;-295,4;102;0
vpja38;6;3835;4003;175,5;-164,7;168;255000
vpja38;6;4063;4203;477,9;121,3;140;0
vpja38;6;4234;4423;391,3;166,4;189;0
vpja38;6;4468;4862;559,8;308,9;394;0
vpja38;6;4900;5279;390;189,3;379;0
vpja38;6;5319;5510;367,7;21,6;191;0
vpja38;6;5550;5657;290,2;-97,6;107;0
vpja38;6;5689;6199;129,1;-107,8;510;255000
vpja38;6;6224;6342;151,3;-40,9;118;2,55e+08
vpja38;6;6389;6585;-39,9000000000001;73;196;0
vpja38;6;6640;6867;-78,6;278,3;227;255
vpja38;6;6901;7101;-26,6;346,1;200;255
vpja38;6;7158;7531;384;382,7;373;255255000
vpja38;6;7550;7971;385,8;413,1;421;255255000
vpja38;6;7991;8458;413,6;440,4;467;255255000
vpja38;6;8482;9140;383,2;367,2;658;255255000
vpja38;6;9165;9502;407,7;369,6;337;255255000
vpja38;6;9524;10000;429,7;383,6;476;255255000
vpja38;7;209;316;-323,5;-205,7;107;255000
vpja38;7;491;1042;-523,3;320;551;255
vpja38;7;1110;1409;76,0000000000001;178,1;299;255255000
vpja38;7;1440;1849;100,8;182,9;409;255255000
vpja38;7;1872;2123;79,1999999999999;211,8;251;255255000
vpja38;7;2144;2919;101,1;183,2;775;255255000
vpja38;7;2940;3161;122,7;182,6;221;255255000
vpja38;7;3185;3471;78,6999999999999;170,4;286;255255000
vpja38;7;3551;3765;-363;-273,9;214;255000
vpja38;7;3830;4107;246,6;-100,8;277;0
vpja38;7;4142;4241;252,5;-32,5;99;0
vpja38;7;4286;4474;394,3;-176,1;188;0
vpja38;7;4503;4899;425,5;-205,1;396;0
vpja38;7;4984;5071;-91;-309,4;87;0
vpja38;7;5126;5261;-484,9;-310,1;135;255000
vpja38;7;5310;5570;-572,3;-255;260;0
vpja38;7;5614;6017;-590,3;-102,5;403;2,55e+08
vpja38;7;6063;6305;-518,1;46,7;242;2,55e+08
vpja38;7;6356;6580;-330,1;103,5;224;2,55e+08
vpja38;7;6632;6795;-23,5;257,8;163;0
vpja38;7;6820;7105;-108;280,5;285;0
vpja38;7;7149;7591;102,9;205,9;442;255255000
vpja38;7;7611;8345;87,6999999999999;255,2;734;255255000
vpja38;7;8390;8701;205,3;136,8;311;0
vpja38;7;8737;8982;226,5;47,2;245;0
vpja38;7;9009;9252;259,5;-17,6;243;0
vpja38;7;9276;9676;253,2;-78,9;400;0
vpja38;7;9706;9936;248,5;-25,6;230;0
vpja38;7;9970;10000;273,1;53,3;30;0
vpja38;8;489;636;-98,3045116989292;228,817458541911;147;255255000
vpja38;8;660;892;-140,604511698929;298,517458541911;232;255255000
vpja38;8;952;1298;252,195488301071;75,9174585419108;346;255
vpja38;8;1321;1504;265,595488301071;41,7174585419109;183;255
vpja38;8;1525;1684;263,295488301071;90,7174585419109;159;255
vpja38;8;3757;3921;-85,6045116989293;-162,082541458089;164;0
vpja38;8;3957;4181;86,4954883010708;-166,982541458089;224;0
vpja38;8;4198;4279;69,6954883010708;-186,182541458089;81;0
vpja38;8;4343;4636;533,095488301071;-103,282541458089;293;0
vpja38;8;4659;4939;512,895488301071;-70,5825414580892;280;0
vpja38;8;5002;5146;582,795488301071;258,817458541911;144;0
vpja38;8;5181;5437;614,795488301071;310,417458541911;256;0
vpja38;8;5506;5617;104,195488301071;313,317458541911;111;0
vpja38;8;5661;5759;-118,404511698929;282,717458541911;98;255255000
vpja38;8;5828;6049;-501,804511698929;-80,1825414580891;221;0
vpja38;8;6082;6259;-588,104511698929;-86,7825414580891;177;0
vpja38;8;6301;6483;-607,804511698929;-244,482541458089;182;0
vpja38;8;6510;6680;-565,204511698929;-314,382541458089;170;0
vpja38;8;6700;6878;-589,404511698929;-364,382541458089;178;0
vpja38;8;6921;7216;-425,804511698929;-266,782541458089;295;0
vpja38;8;7254;7296;-296,504511698929;-287,082541458089;42;255000
vpja38;8;7909;8091;50,5954883010708;-175,282541458089;182;0
vpja38;8;8112;8379;50,0954883010708;-217,982541458089;267;0
vpja38;8;8423;8790;249,495488301071;-106,582541458089;367;0
vpja38;8;8815;9157;288,395488301071;-103,482541458089;342;0
vpja38;8;9201;9481;130,995488301071;42,8174585419109;280;0
vpja38;8;9533;9678;-107,504511698929;263,617458541911;145;255255000
vpja38;8;9725;10000;-151,004511698929;-10,9825414580891;275;0
vpja38;9;242;384;136,9;-218,9;142;255000
vpja38;9;457;628;-398,8;223;171;255255000
vpja38;9;657;951;-459,1;292;294;255255000
vpja38;9;1030;1500;324,5;346,9;470;255
vpja38;9;1579;1884;-394,9;283,7;305;255255000
vpja38;9;1906;2248;-438,3;298,5;342;255255000
vpja38;9;2273;2432;-410,2;221,5;159;255255000
vpja38;9;2517;2837;128,9;-271,2;320;255000
vpja38;9;2857;3205;89,3;-298,5;348;255000
vpja38;9;3250;3535;35;-131,7;285;2,55e+08
vpja38;9;3572;3756;113,3;-46;184;2,55e+08
vpja38;9;3796;3926;-30,6;-43,4;130;2,55e+08
vpja38;9;3976;4178;139,8;-247,2;202;255000
vpja38;9;4204;4343;101,8;-287;139;255000
vpja38;9;4393;4586;-132;-130;193;0
vpja38;9;4642;4861;-207,1;154,1;219;0
vpja38;9;4942;5269;488,6;210;327;0
vpja38;9;5312;5484;307,4;312,6;172;255
vpja38;9;5533;5673;19,1;334,4;140;0
vpja38;9;5727;5965;-363,2;274,6;238;0
vpja38;9;6013;6259;-285,7;102,7;246;0
vpja38;9;6283;6467;-288,6;160;184;0
vpja38;9;6523;6827;-294,7;-248,8;304;0
vpja38;9;6870;6930;-404;-319,8;60;0
vpja38;9;7026;7444;462,4;175;418;0
vpja38;9;7482;7616;270,5;231,7;134;2,55e+08
vpja38;9;7643;7968;313,4;322,3;325;255
vpja38;9;7995;8332;404,1;355,5;337;0
vpja38;9;8412;8638;-392,9;303,3;226;255255000
vpja38;9;8664;9100;-419,4;230,9;436;255255000
vpja38;9;9111;9706;-415,6;246,9;595;255255000
vpja38;9;9764;9889;35,4;126,3;125;2,55e+08
vpja38;9;9946;10000;120,8;-253,3;54;255000
vpja38;10;229;436;107,6;-224,3;207;255000
vpja38;10;512;784;414,2;301,9;272;255
vpja38;10;877;1099;-472,5;315,3;222;255255000
vpja38;10;1125;1406;-498,4;319,4;281;0
vpja38;10;1428;1806;-512,5;351,8;378;0
vpja38;10;1830;2617;-455;301,1;787;255255000
vpja38;10;2682;2865;-439,6;-149,6;183;0
vpja38;10;2893;3250;-514,7;-221,3;357;0
vpja38;10;3507;3739;-241;-249;232;0
vpja38;10;3831;4089;-470,6;334,8;258;255255000
vpja38;10;4114;4455;-490,2;342,2;341;255255000
vpja38;10;4483;4810;-457,5;300;327;255255000
vpja38;10;4894;5002;73,6999999999999;-181,5;108;255000
vpja38;10;5035;5257;118,9;-286,7;222;255000
vpja38;10;5314;5568;56,5;46;254;2,55e+08
vpja38;10;5599;5769;-82,5;26,8000000000001;170;2,55e+08
vpja38;10;5813;6208;160;54;395;2,55e+08
vpja38;10;6255;6613;448,6;57,7;358;0
vpja38;10;6643;7310;569,4;78,1;667;0
vpja38;10;7354;7544;455;-63,1;190;0
vpja38;10;7568;7921;449;-112,8;353;0
vpja38;10;7966;8067;627,5;-7,79999999999995;101;0
vpja38;10;8119;8342;588,7;-383,7;223;0
vpja38;10;8366;8708;567,9;-430,2;342;0
vpja38;10;8729;9255;591,4;-437,3;526;0
vpja38;10;9285;9561;452,1;-455,5;276;0
vpja38;10;9610;9735;148,5;-364,4;125;255000
vpja38;10;9758;10000;146,8;-300,5;242;255000
vpja38;11;224;344;-130,6;-144,7;120;255000
vpja38;11;2551;2874;-271,6;315,2;323;0
vpja38;11;2898;3061;-329,5;322,5;163;0
vpja38;11;3104;3244;-458,4;214;140;0
vpja38;11;3551;3735;-536,6;173,3;184;255255000
vpja38;11;3774;4132;-477;273,9;358;0
vpja38;11;4170;4455;-458,3;351,6;285;0
vpja38;11;4482;4657;-444;369,6;175;0
vpja38;11;4677;4942;-454,6;335,6;265;0
vpja38;11;4980;5103;-299,3;318,4;123;0
vpja38;11;5185;5624;457,9;288,6;439;255
vpja38;11;5648;5916;402,1;287,6;268;255
vpja38;11;5940;6138;468,5;348,8;198;255
vpja38;11;6164;6325;386,1;318,4;161;0
vpja38;11;6412;6593;-443;148;181;255255000
vpja38;11;6629;6812;-475,6;64,1999999999999;183;0
vpja38;11;7742;7982;-440,9;63,5;240;0
vpja38;11;8366;8661;13;-371;295;0
vpja38;11;8688;9007;117,5;-375;319;0
vpja38;11;9057;9464;405;-440,4;407;0
vpja38;11;9530;9723;323,1;-6;193;0
vpja38;11;9762;10000;73,9;-26;238;0
vpja38;12;256;317;28,6076655052266;-217,846341463415;61;2,55e+08
vpja38;12;323;364;38,5076655052266;-227,346341463415;41;2,55e+08
vpja38;12;385;478;8,60766550522658;-271,846341463415;93;255000
vpja38;12;1008;1227;-7,89233449477342;-282,846341463415;219;255000
vpja38;12;1249;1591;5,7076655052266;-266,546341463415;342;255000
vpja38;12;1654;2137;277,707665505227;77,9536585365854;483;255255000
vpja38;12;2191;2608;521,507665505227;-105,246341463415;417;0
vpja38;12;2635;2821;613,507665505227;-21,5463414634146;186;0
vpja38;12;2872;3052;552,907665505227;249,553658536585;180;0
vpja38;12;3102;3233;333,807665505227;435,253658536585;131;0
vpja38;12;3269;3439;109,107665505227;432,953658536585;170;0
vpja38;12;3494;3640;-224,392334494773;446,653658536585;146;0
vpja38;12;3693;3939;-527,792334494773;439,453658536585;246;0
vpja38;12;3970;4085;-474,892334494773;436,253658536585;115;0
vpja38;12;4151;4493;-506,192334494773;32,4536585365854;342;0
vpja38;12;4516;4783;-552,292334494773;57,0536585365853;267;0
vpja38;12;4805;4994;-516,892334494773;43,6536585365853;189;0
vpja38;12;5064;5218;29,8076655052266;-287,746341463415;154;255000
vpja38;12;5235;5491;22,4076655052266;-257,746341463415;256;255000
vpja38;12;5536;5739;3,50766550522656;-414,446341463415;203;0
vpja38;12;5785;6006;-273,292334494773;-428,546341463415;221;0
vpja38;12;6069;6256;257,407665505227;-380,146341463415;187;0
vpja38;12;6306;6538;531,807665505227;-368,846341463415;232;0
vpja38;12;6566;6746;567,007665505227;-265,446341463415;180;0
vpja38;12;6796;6918;623,307665505227;-22,4463414634147;122;0
vpja38;12;6978;7231;71,1076655052266;-96,3463414634147;253;2,55e+08
vpja38;12;7298;7608;295,607665505227;83,4536585365854;310;255255000
vpja38;12;7668;7864;-312,392334494773;130,053658536585;196;255
vpja38;12;7886;8304;-346,992334494773;120,953658536585;418;255
vpja38;12;8326;8988;-318,692334494773;121,953658536585;662;255
vpja38;12;9004;9384;-338,792334494773;124,453658536585;380;255
vpja38;12;9420;9645;-214,892334494773;139,153658536585;225;0
vpja38;12;9697;9859;112,907665505227;188,753658536585;162;0
vpja38;12;9905;10000;-248,392334494773;145,253658536585;95;0
vpja38;13;57;183;12,9;-2,5;126;2,55e+08
vpja38;13;227;449;158,6;-173,1;222;255000
vpja38;13;487;666;144,8;-49,6999999999999;179;2,55e+08
vpja38;13;710;907;186,7;147,1;197;255
vpja38;13;948;1183;172;270,6;235;255
vpja38;13;1253;1392;-418,5;138,6;139;255255000
vpja38;13;1413;1433;-415,4;138;20;255255000
vpja38;13;1455;1633;-413,2;139,5;178;255255000
vpja38;13;2410;2830;-119,3;-373,6;420;0
vpja38;13;2854;2983;-181,5;-356,7;129;0
vpja38;13;3048;3374;347,4;-382,7;326;0
vpja38;13;3407;3540;449,8;-336,1;133;0
vpja38;13;3575;3968;338,1;-399,6;393;0
vpja38;13;4002;4229;178,1;-402,5;227;0
vpja38;13;4253;4412;99,3000000000001;-392,4;159;0
vpja38;13;4446;4682;234,4;-397,7;236;0
vpja38;13;4736;5004;-143,5;-358,3;268;0
vpja38;13;5031;5272;-246,3;-400,5;241;0
vpja38;13;5281;5491;-237,4;-409,1;210;0
vpja38;13;5516;5632;-187,2;-341,9;116;0
vpja38;13;5655;5759;-134,9;-333,8;104;0
vpja38;13;5807;6105;-108;-108,1;298;0
vpja38;13;6137;6316;-104,4;-198,7;179;0
vpja38;13;6345;6573;-218,6;-194,5;228;0
vpja38;13;6600;6777;-120,1;-200,8;177;0
vpja38;13;6790;6992;-137,7;-198,5;202;0
vpja38;13;7015;7298;-113,8;-202,8;283;0
vpja38;13;7329;7616;-71;-205,7;287;0
vpja38;13;7644;7848;-150,6;-187,8;204;0
vpja38;13;7937;8198;-548,7;409;261;0
vpja38;13;8228;8426;-503,1;311,4;198;0
vpja38;13;8454;8849;-523,7;416;395;0
vpja38;13;8916;9315;91,9;368,2;399;255
vpja38;13;9352;9514;229,6;362,2;162;255
vpja38;13;9550;9771;213,3;215,4;221;255
vpja38;13;9796;10000;260,8;173,2;204;255
vpja38;14;204;312;-140,104511698929;37,3174585419109;108;2,55e+08
vpja38;14;352;416;-59,4045116989292;-94,9825414580891;64;255000
vpja38;14;860;1083;-544,104511698929;148,417458541911;223;255
vpja38;14;1096;1363;-549,704511698929;146,717458541911;267;255
vpja38;14;1387;1707;-458,604511698929;120,017458541911;320;255
vpja38;14;1770;1946;101,395488301071;116,017458541911;176;0
vpja38;14;1978;2177;153,695488301071;134,117458541911;199;255255000
vpja38;14;2195;2542;157,995488301071;112,817458541911;347;255255000
vpja38;14;2611;2882;-444,604511698929;121,017458541911;271;255
vpja38;14;2907;3269;-517,604511698929;140,717458541911;362;255
vpja38;14;3280;3608;-525,504511698929;149,317458541911;328;255
vpja38;14;3634;3916;-448,504511698929;140,017458541911;282;255
vpja38;14;3939;4358;-380,604511698929;127,517458541911;419;255
vpja38;14;4420;4771;151,395488301071;133,817458541911;351;255255000
vpja38;14;4799;5072;181,895488301071;110,317458541911;273;255255000
vpja38;14;5139;5349;-432,304511698929;140,217458541911;210;255
vpja38;14;5379;5713;-532,704511698929;158,417458541911;334;255
vpja38;14;5994;6211;-397,504511698929;111,117458541911;217;255
vpja38;14;6251;6520;-247,704511698929;42,2174585419109;269;0
vpja38;14;6564;6756;-78,2045116989292;-98,6825414580891;192;255000
vpja38;14;6815;6973;-433,804511698929;126,117458541911;158;255
vpja38;14;7010;7389;-538,204511698929;155,117458541911;379;255
vpja38;14;7432;7795;-288,904511698929;35,2174585419109;363;0
vpja38;14;7821;7925;-359,004511698929;33,0174585419109;104;0
vpja38;14;7989;8383;-78,0045116989293;-342,982541458089;394;0
vpja38;14;8419;8550;-109,204511698929;-241,882541458089;131;0
vpja38;14;8600;8759;-462,104511698929;-208,582541458089;159;0
vpja38;14;8790;8969;-479,004511698929;-105,782541458089;179;0
vpja38;14;9038;9253;-298,104511698929;350,017458541911;215;0
vpja38;14;9330;9613;269,595488301071;104,417458541911;283;0
vpja38;14;9653;9798;340,895488301071;36,4174585419108;145;0
vpja38;14;9819;10000;333,995488301071;1,41745854191083;181;0
vpja38;15;231;352;2,77773851590086;-169,421201413428;121;2,55e+08
vpja38;15;409;450;-263,122261484099;126,878798586572;41;255
vpja38;15;887;1095;262,377738515901;142,878798586572;208;255255000
vpja38;15;1125;1335;346,677738515901;195,378798586572;210;255255000
vpja38;15;1361;1651;236,677738515901;213,278798586572;290;255255000
vpja38;15;1677;1930;351,077738515901;199,378798586572;253;255255000
vpja38;15;1955;2328;438,377738515901;177,878798586572;373;255255000
vpja38;15;2349;2605;395,677738515901;142,578798586572;256;255255000
vpja38;15;2644;2835;255,077738515901;187,178798586572;191;255255000
vpja38;15;2852;3027;257,077738515901;219,478798586572;175;255255000
vpja38;15;3099;3430;11,7777385159009;-271,721201413428;331;255000
vpja38;15;3669;3876;-268,722261484099;-63,5212014134277;207;0
vpja38;15;3907;4430;-392,222261484099;-49,8212014134276;523;0
vpja38;15;4492;4640;-34,3222614840992;-330,321201413428;148;255000
vpja38;15;4668;4828;-21,7222614840991;-383,521201413428;160;0
vpja38;15;4904;5084;434,877738515901;-88,8212014134276;180;0
vpja38;15;5107;5304;497,377738515901;-77,0212014134277;197;0
vpja38;15;5345;5561;569,377738515901;36,6787985865724;216;0
vpja38;15;5618;5774;140,377738515901;36,7787985865724;156;2,55e+08
vpja38;15;5837;5974;-328,722261484099;156,778798586572;137;0
vpja38;15;6014;6406;-566,622261484099;191,878798586572;392;0
vpja38;15;6426;6691;-595,322261484099;202,278798586572;265;0
vpja38;15;6738;6929;-253,322261484099;134,578798586572;191;255
vpja38;15;6986;7307;211,477738515901;140,478798586572;321;255255000
vpja38;15;7333;7793;267,277738515901;192,878798586572;460;255255000
vpja38;15;7836;7980;404,277738515901;153,478798586572;144;255255000
vpja38;15;8044;8310;-221,322261484099;135,078798586572;266;255
vpja38;15;8329;8632;-248,422261484099;111,678798586572;303;255
vpja38;15;8651;9618;-223,622261484099;130,378798586572;967;255
vpja38;15;9638;9917;-242,822261484099;145,178798586572;279;0
vpja38;15;9945;9999;-225,722261484099;143,978798586572;54;255
vpja38;16;260;363;-115,2;118,4;103;0
vpja38;16;381;436;-74,3;129,9;55;0
vpja38;16;472;661;14,5;160,6;189;255
vpja38;16;683;930;65,7;166,9;247;255
vpja38;16;951;1181;14,1;168,6;230;255
vpja38;16;1191;1428;2;165,7;237;0
vpja38;16;1454;1622;80,8;157,9;168;0
vpja38;16;1669;1875;-291,3;116,7;206;255255000
vpja38;16;1893;2033;-320,1;94,3;140;255255000
vpja38;16;2086;2241;-87,4;-168,7;155;255000
vpja38;16;2259;2513;-77,5;-160,6;254;255000
vpja38;16;2568;2870;-422,7;-85,3;302;0
vpja38;16;2895;3174;-399,1;-18,1;279;0
vpja38;16;3193;3290;-410,8;-9,89999999999998;97;0
vpja38;16;3340;3481;-59,5;-145,2;141;255000
vpja38;16;3503;3654;-46;-166,4;151;255000
vpja38;16;3696;3960;-25,6;-22,2;264;2,55e+08
vpja38;16;3985;4241;-62,4;35,1999999999999;256;2,55e+08
vpja38;16;4265;4429;0,700000000000045;39,8;164;2,55e+08
vpja38;16;4473;4664;-67,5;-167,2;191;255000
vpja38;16;4731;4920;-437,9;-64,5;189;0
vpja38;16;4943;5204;-404,2;-22,4;261;0
vpja38;16;5252;5412;-448,8;164,1;160;0
vpja38;16;5431;5544;-435;201,4;113;0
vpja38;16;5589;5886;-171;305,1;297;0
vpja38;16;5905;6088;-194,1;335,6;183;0
vpja38;16;6132;6305;-458,9;239;173;0
vpja38;16;6328;6500;-433,5;199;172;0
vpja38;16;6524;6751;-464,9;265,3;227;0
vpja38;16;6776;6944;-427,1;189,3;168;0
vpja38;16;6999;7346;-398,2;-67,2;347;0
vpja38;16;7385;7581;-420,6;-172,6;196;0
vpja38;16;7623;7911;-372,6;-38,2;288;0
vpja38;16;7949;8003;-348,8;-150,1;54;0
vpja38;16;8071;8310;81,4;-333,3;239;0
vpja38;16;8334;8612;108,1;-283,9;278;0
vpja38;16;8649;8969;123,7;-428,2;320;0
vpja38;16;8999;9177;3,5;-437,1;178;0
vpja38;16;9253;9500;479,9;-95,7;247;0
vpja38;16;9534;9645;579,4;20,1;111;0
vpja38;16;9701;9824;7,29999999999995;-55,1;123;2,55e+08
vpja38;16;9864;10000;-31,3;-166,2;136;0
vpja38;17;212;310;-60,6767025089606;-137,989964157706;98;2,55e+08
vpja38;17;339;526;-90,0767025089606;-226,289964157706;187;255000
vpja38;17;1143;1537;-41,0767025089606;59,4100358422938;394;255255000
vpja38;17;1562;1808;25,2232974910394;61,9100358422938;246;255255000
vpja38;17;1832;2114;-34,1767025089606;72,6100358422938;282;255255000
vpja38;17;2138;2475;2,62329749103947;54,4100358422938;337;255255000
vpja38;17;2524;2881;280,423297491039;-6,98996415770625;357;0
vpja38;17;2934;3054;498,123297491039;-96,4899641577062;120;0
vpja38;17;3093;3295;593,82329749104;-138,089964157706;202;0
vpja38;17;3341;3666;331,82329749104;-125,489964157706;325;0
vpja38;17;3690;3907;309,523297491039;-61,9899641577063;217;0
vpja38;17;3955;4111;130,723297491039;157,010035842294;156;0
vpja38;17;4139;4272;29,2232974910394;119,910035842294;133;255255000
vpja38;17;4297;4568;24,7232974910394;59,5100358422937;271;255255000
vpja38;17;4588;4946;-27,9767025089606;46,2100358422938;358;255255000
vpja38;17;4970;5521;-0,476702508960557;52,5100358422937;551;255255000
vpja38;17;5547;5918;82,8232974910394;55,9100358422938;371;0
vpja38;17;5938;6444;99,9232974910394;51,9100358422938;506;0
vpja38;17;6472;6682;64,4232974910394;70,7100358422938;210;255255000
vpja38;17;6710;7004;-35,6767025089606;62,0100358422937;294;255255000
vpja38;17;7055;7233;-385,776702508961;122,210035842294;178;0
vpja38;17;7255;7531;-423,976702508961;94,8100358422938;276;255
vpja38;17;7557;7753;-499,076702508961;64,2100358422938;196;0
vpja38;17;7779;8309;-581,976702508961;87,5100358422937;530;0
vpja38;17;8339;8469;-500,976702508961;32,5100358422937;130;255
vpja38;17;8508;9005;-434,076702508961;-107,689964157706;497;0
vpja38;17;9062;9086;-439,576702508961;-105,289964157706;24;0
vpja38;17;9148;9305;-41,9767025089606;-233,889964157706;157;255000
vpja38;17;9378;9505;551,123297491039;-131,689964157706;127;0
vpja38;17;9530;9887;600,32329749104;-160,589964157706;357;0
vpja38;17;9906;10000;577,82329749104;-108,989964157706;94;0
vpja38;18;201;322;-69,6999999999999;-146,6;121;255000
vpja38;18;341;368;-107,4;-154,8;27;255000
vpja38;18;470;589;88,0000000000001;70,6999999999999;119;255255000
vpja38;18;600;797;92,1;94,1999999999999;197;255255000
vpja38;18;2381;2669;74,9;95,5;288;255255000
vpja38;18;2696;2926;101,1;98,5;230;255255000
vpja38;18;2980;3171;326,4;-31,1;191;0
vpja38;18;3196;3351;332,4;-57,8000000000001;155;0
vpja38;18;3373;3579;335,2;-90,2;206;0
vpja38;18;3631;3773;550,5;-147,1;142;0
vpja38;18;3803;4119;568,1;-231,8;316;0
vpja38;18;4159;4316;592,2;-122,6;157;0
vpja38;18;4380;4586;563,7;284,3;206;0
vpja38;18;4610;4878;568,5;352,8;268;0
vpja38;18;4936;5108;64;421,1;172;0
vpja38;18;5170;5274;-357,8;424,5;104;0
vpja38;18;5338;5474;-130,1;-148,2;136;255000
vpja38;18;5499;5859;-119,1;-189;360;255000
vpja38;18;5904;6201;-160,7;-359,1;297;0
vpja38;18;6226;6428;-117,3;-404,3;202;0
vpja38;18;6470;6621;-315,6;-326,4;151;0
vpja38;18;6661;6861;-131,1;-402,1;200;0
vpja38;18;6881;7354;-165,2;-415;473;0
vpja38;18;7441;7838;-275,6;90,0999999999999;397;0
vpja38;18;7897;8156;107,3;73,9;259;255255000
vpja38;18;8175;8761;70,2;88,4;586;255255000
vpja38;18;8790;9131;102,5;83,6999999999999;341;255255000
vpja38;18;9177;9428;217,7;277,9;251;0
vpja38;18;9468;9681;217,5;378,1;213;0
vpja38;18;9706;9827;123,5;411,6;121;0
vpja38;18;9879;10000;37,5;74,5999999999999;121;0
vpja38;19;286;573;-8,00451169892926;-273,982541458089;287;255000
vpja38;19;1402;1565;5,39548830107071;42,5174585419109;163;2,55e+08
vpja38;19;1620;1763;60,1954883010708;312,817458541911;143;2,55e+08
vpja38;19;1785;1965;50,5954883010708;394,117458541911;180;2,55e+08
vpja38;19;2005;2167;-155,204511698929;333,117458541911;162;0
vpja38;19;2205;2473;-182,304511698929;221,017458541911;268;0
vpja38;19;2497;2654;-249,704511698929;165,017458541911;157;0
vpja38;19;2695;3042;-215,504511698929;-28,3825414580891;347;255255000
vpja38;19;3062;4029;-247,004511698929;-40,4825414580891;967;255255000
vpja38;19;4066;4516;-49,2045116989292;-76,3825414580891;450;255
vpja38;19;4538;4762;-64,0045116989293;-33,7825414580891;224;255
vpja38;19;4785;5182;-42,5045116989293;-62,7825414580891;397;255
vpja38;19;5202;5593;-47,5045116989293;-97,2825414580891;391;255
vpja38;19;5605;5862;-42,3045116989292;-78,0825414580891;257;255
vpja38;19;5903;6466;-228,204511698929;-31,6825414580891;563;255255000
vpja38;19;6491;6691;-146,404511698929;-48,8825414580891;200;0
vpja38;19;6742;6935;-168,904511698929;-232,282541458089;193;0
vpja38;19;6982;7158;-48,5045116989293;-71,1825414580891;176;255
vpja38;19;7202;7473;178,995488301071;-56,0825414580892;271;0
vpja38;19;7514;7781;372,495488301071;-48,5825414580892;267;0
vpja38;19;7815;8078;179,395488301071;-30,4825414580891;263;0
vpja38;19;8102;8289;231,295488301071;-31,9825414580891;187;0
vpja38;19;8307;8501;201,595488301071;-38,6825414580891;194;0
vpja38;19;8545;8819;426,895488301071;-55,6825414580891;274;0
vpja38;19;8851;9093;536,695488301071;-54,1825414580891;242;0
vpja38;19;9134;9348;500,095488301071;-213,582541458089;214;0
vpja38;19;9373;9725;450,195488301071;-281,882541458089;352;0
vpja38;19;9767;9964;310,295488301071;-355,082541458089;197;0
vpja38;20;195;331;-100,2;-152,2;136;2,55e+08
vpja38;20;384;489;-185,9;162,3;105;0
vpja38;20;515;665;-232,6;248,7;150;255255000
vpja38;20;726;888;-74,4;-238,1;162;255000
vpja38;20;909;1160;-54,3;-248,2;251;255000
vpja38;20;1178;1315;-64,1999999999999;-213,7;137;255000
vpja38;20;1378;1672;165,6;153,2;294;255
vpja38;20;1698;1828;193;156,9;130;255
vpja38;20;1883;2098;-198;234,5;215;255255000
vpja38;20;2123;2393;-175,3;259;270;255255000
vpja38;20;2421;2594;-279,2;229,2;173;255255000
vpja38;20;2612;2781;-303,1;212,9;169;0
vpja38;20;2813;2972;-172;246,3;159;255255000
vpja38;20;3043;3246;286,8;-79,9;203;0
vpja38;20;3269;3415;225,8;-107;146;0
vpja38;20;3468;3609;-82,8;-210,2;141;255000
vpja38;20;3660;3897;-458,7;-149,3;237;0
vpja38;20;3932;4146;-504,9;-63;214;0
vpja38;20;4188;5144;-473,6;63,9;956;0
vpja38;20;5187;5358;-480,5;185,1;171;0
vpja38;20;5402;5606;-404,2;361,4;204;0
vpja38;20;5670;5862;93,8000000000001;382,4;192;0
vpja38;20;5909;6020;-100,5;222,2;111;0
vpja38;20;6048;6198;-205,8;218,3;150;0
vpja38;20;6228;6647;-172,9;248,1;419;255255000
vpja38;20;6699;6851;171,8;170,3;152;255
vpja38;20;6870;6938;182,3;139,4;68;255
vpja38;20;6976;7140;-76,4;100;164;2,55e+08
vpja38;20;7159;7335;-55,6999999999999;135,1;176;2,55e+08
vpja38;20;7360;7623;-137;134,6;263;2,55e+08
vpja38;20;7648;7966;-56,9;132,1;318;2,55e+08
vpja38;20;8003;8140;-96,4;-14,2;137;2,55e+08
vpja38;20;8184;8483;-77;-235;299;255000
vpja38;20;8514;8781;-44,9;-221,6;267;255000
vpja38;20;8796;8879;-47,9;-218,3;83;255000
vpja38;20;8901;9198;-76;-194,9;297;255000
vpja38;20;9223;9798;-50;-242,5;575;255000
vpja38;20;9829;10000;-164,2;-241,1;171;255000
vpja38;21;219;336;6,79999999999995;-151,2;117;255000
vpja38;21;356;389;-26,2;-174,9;33;255000
vpja38;21;396;467;-15,9;-184,3;71;255000
vpja38;21;880;1118;233,2;146,7;238;255255000
vpja38;21;1135;1418;215,7;161,7;283;255255000
vpja38;21;2828;3054;-395,2;135;226;0
vpja38;21;3084;3337;-352,7;157,2;253;255
vpja38;21;3400;3746;203,5;171,4;346;255255000
vpja38;21;3775;4038;229,8;171,2;263;255255000
vpja38;21;4059;4240;232,6;139;181;255255000
vpja38;21;4288;4467;442,7;69,8;179;0
vpja38;21;4506;4731;488,8;6,79999999999995;225;0
vpja38;21;4754;4952;524,4;-44,8000000000001;198;0
vpja38;21;4993;5322;389,3;-168,1;329;0
vpja38;21;5363;5596;510,2;-106,5;233;0
vpja38;21;5623;6046;562,8;2,5;423;0
vpja38;21;6100;6241;427,7;-225,4;141;0
vpja38;21;6280;6565;257,6;-259;285;0
vpja38;21;6589;6719;194,4;-247,8;130;0
vpja38;21;6771;7223;-156,7;-268,3;452;0
vpja38;21;7248;7532;-232;-259,4;284;0
vpja38;21;7552;7685;-213;-221,1;133;0
vpja38;21;7720;8020;-373,4;-183,3;300;0
vpja38;21;8066;8132;-228,4;-20,3000000000001;66;0
vpja38;21;8192;8306;23,3;-148,5;114;2,55e+08
vpja38;21;8333;8559;-23,9;-166,3;226;255000
vpja38;21;8581;8900;-19,3;-178,8;319;255000
vpja38;21;8964;9111;-242,6;108,6;147;0
vpja38;21;9141;9332;-334,8;104,6;191;255
vpja38;21;9355;9726;-302;148;371;255
vpja38;21;9792;10000;230,7;185,4;208;255255000
vpja38;22;236;348;-97,7045116989292;75,2174585419109;112;2,55e+08
vpja38;22;532;617;-443,304511698929;151,517458541911;85;255255000
vpja38;22;683;804;-95,4045116989292;-303,582541458089;121;2,55e+08
vpja38;22;827;1072;-94,9045116989292;-347,482541458089;245;255000
vpja38;22;1124;1320;-445,804511698929;-316,182541458089;196;0
vpja38;22;1344;1807;-493,004511698929;-282,082541458089;463;0
vpja38;22;1844;2005;-478,204511698929;-402,282541458089;161;0
vpja38;22;2023;2254;-490,604511698929;-413,882541458089;231;0
vpja38;22;2314;2498;-79,2045116989292;-227,782541458089;184;2,55e+08
vpja38;22;2572;2664;-273,904511698929;185,117458541911;92;0
vpja38;22;2715;2878;-409,904511698929;181,217458541911;163;255255000
vpja38;22;2909;3380;-454,404511698929;232,817458541911;471;255255000
vpja38;22;3406;3581;-384,604511698929;155,917458541911;175;255255000
vpja38;22;3654;4034;263,295488301071;171,417458541911;380;255
vpja38;22;4058;4190;301,995488301071;140,817458541911;132;255
vpja38;22;4242;4559;433,795488301071;-137,882541458089;317;0
vpja38;22;4603;5021;129,895488301071;-181,682541458089;418;0
vpja38;22;5045;5433;191,795488301071;-203,182541458089;388;0
vpja38;22;5476;5721;105,695488301071;-286,082541458089;245;0
vpja38;22;5745;5993;106,995488301071;-222,482541458089;248;0
vpja38;22;6027;6239;104,595488301071;-315,082541458089;212;0
vpja38;22;6276;6690;96,8954883010707;-409,782541458089;414;0
vpja38;22;6715;7080;183,995488301071;-415,382541458089;365;0
vpja38;22;7125;7234;2,7954883010708;-234,382541458089;109;0
vpja38;22;7267;7400;-69,4045116989292;-262,482541458089;133;2,55e+08
vpja38;22;7426;7584;-52,7045116989292;-311,582541458089;158;255000
vpja38;22;7647;7783;-82,9045116989292;73,0174585419109;136;2,55e+08
vpja38;22;7809;7979;-95,0045116989293;143,417458541911;170;2,55e+08
vpja38;22;8029;8213;-311,104511698929;42,0174585419109;184;0
vpja38;22;8260;8487;-400,504511698929;-127,682541458089;227;0
vpja38;22;8522;8674;-458,104511698929;-196,482541458089;152;0
vpja38;22;8696;8907;-475,304511698929;-254,182541458089;211;0
vpja38;22;8948;9118;-492,704511698929;-393,282541458089;170;0
vpja38;22;9139;9186;-532,204511698929;-394,582541458089;47;0
vpja38;22;9210;9387;-578,604511698929;-346,282541458089;177;0
vpja38;22;9405;9588;-564,004511698929;-334,082541458089;183;0
vpja38;22;9615;9733;-494,704511698929;-384,282541458089;118;0
vpja38;22;9805;9986;-391,204511698929;124,517458541911;181;0
vpja38;23;79;162;-4,79999999999995;8,39999999999998;83;2,55e+08
vpja38;23;211;384;25,6;-189,2;173;255000
vpja38;23;445;608;258,7;142,5;163;255
vpja38;23;624;814;234,2;155,9;190;255
vpja38;23;1430;1563;-376,9;149,4;133;0
vpja38;23;1590;1933;-348,9;122,5;343;255255000
vpja38;23;1984;2353;-78,6;303,2;369;0
vpja38;23;2414;2517;18,7;-137,8;103;2,55e+08
vpja38;23;2558;2843;29,6;-258,9;285;255000
vpja38;23;2887;3154;-68,6999999999999;-349,7;267;0
vpja38;23;3175;3425;-59,8;-388,2;250;0
vpja38;23;3442;3533;-73,1;-408,9;91;0
vpja38;23;3579;3717;202,8;-336,9;138;0
vpja38;23;3762;3992;222,8;-156,1;230;0
vpja38;23;4052;4203;296,5;-400,6;151;0
vpja38;23;4218;4984;283,1;-412,2;766;0
vpja38;23;5066;5287;592,2;61,4;221;0
vpja38;23;5334;5498;591,7;277,1;164;0
vpja38;23;5530;5889;512,8;326,9;359;0
vpja38;23;5921;6081;559,5;365,9;160;0
vpja38;23;6136;6428;338,9;109,4;292;0
vpja38;23;6456;6725;224,6;144,7;269;255
vpja38;23;6801;7134;-394,6;137,6;333;0
vpja38;23;7166;7356;-506,9;201,1;190;0
vpja38;23;7400;7769;-470,6;-41,1;369;0
vpja38;23;7828;8082;-483,3;-407,4;254;0
vpja38;23;8099;8917;-517;-408,5;818;0
vpja38;23;9020;9133;35,4;-102,8;113;2,55e+08
vpja38;23;9170;9369;40,5;-257;199;255000
vpja38;23;9441;9624;-381,5;174,1;183;0
vpja38;23;9645;9957;-362,6;134,9;312;255255000
vpja38;24;208;311;-321,3;-48,9;103;2,55e+08
vpja38;24;893;1098;31,8;101,3;205;255255000
vpja38;24;1122;1345;86,8000000000001;139,2;223;255255000
vpja38;24;1365;1617;129,9;133,6;252;0
vpja38;24;1640;2294;62,6999999999999;108,8;654;255255000
vpja38;24;2318;3042;124,5;109,8;724;0
vpja38;24;3074;3276;0,699999999999932;135,9;202;255255000
vpja38;24;3316;3459;-207,7;131,5;143;0
vpja38;24;3521;3547;-210,1;134;26;0
vpja38;24;3606;3715;-463,9;328;109;0
vpja38;24;3753;4021;-545,1;435,4;268;0
vpja38;24;5025;5298;-28,4;-208,3;273;0
vpja38;24;6418;6616;-120,6;-222;198;0
vpja38;24;6656;6812;-32,1;-326,9;156;0
vpja38;24;6850;7056;69;-366,3;206;0
vpja38;24;7073;7367;81,6;-387,8;294;0
vpja38;24;7422;7626;428;-353,4;204;0
vpja38;24;7673;7829;471,3;-180,8;156;0
vpja38;24;7840;7967;461,7;-164,8;127;0
vpja38;24;8003;8133;579,8;-172,1;130;0
vpja38;24;8155;8246;603,7;-137,6;91;0
vpja38;24;8316;8619;558,2;-433,5;303;0
vpja38;24;8658;8855;603,4;-327,5;197;0
vpja38;24;8915;9067;87,6;-332,4;152;0
vpja38;24;9093;9438;75,4;-362,4;345;0
vpja38;24;9479;9698;-86,9;-398,6;219;0
vpja38;24;9776;10000;12,4;156,7;224;255255000
vpja38;25;210;394;-183,8;32,2;184;0
vpja38;25;430;568;-62,9;19,3000000000001;138;0
vpja38;25;629;915;386,4;80,1;286;255255000
vpja38;25;938;1007;424,7;86,8000000000001;69;255255000
vpja38;25;1683;1982;412,5;75,9000000000001;299;255255000
vpja38;25;2005;2267;442;77,6;262;255255000
vpja38;25;2289;2543;404;103,1;254;255255000
vpja38;25;2565;2925;442;73,8000000000001;360;255255000
vpja38;25;2941;3121;438,8;107,6;180;255255000
vpja38;25;3193;3445;79,9;-277,7;252;255000
vpja38;25;3462;3677;54,3;-288,2;215;255000
vpja38;25;3720;3865;42,4;-107,7;145;2,55e+08
vpja38;25;4094;4428;-505;-7,79999999999995;334;0
vpja38;25;4462;4706;-409;67,2;244;0
vpja38;25;4734;4922;-296,2;45,2;188;0
vpja38;25;4949;5184;-196,5;44,2;235;255
vpja38;25;5231;5366;85,9;18,8000000000001;135;0
vpja38;25;5414;5779;391,2;48,3000000000001;365;255255000
vpja38;25;5866;6240;-469,3;83;374;0
vpja38;25;6270;6452;-345,8;146,8;182;0
vpja38;25;6493;6638;-303,3;30,4000000000001;145;0
vpja38;25;6660;6855;-301,7;-16,4;195;0
vpja38;25;6954;7486;-570,3;342,8;532;0
vpja38;25;7507;7675;-575,8;367,9;168;0
vpja38;25;7728;7844;-421;186,6;116;0
vpja38;25;7931;8108;64,1999999999999;-243,7;177;2,55e+08
vpja38;25;8144;8566;73,6999999999999;-290,7;422;255000
vpja38;25;8600;8758;75,4;-204,8;158;2,55e+08
vpja38;25;8787;8934;57,1999999999999;-137,5;147;2,55e+08
vpja38;25;9009;9274;557;57,4000000000001;265;0
vpja38;25;9299;9502;601,7;84,3000000000001;203;0
vpja38;25;9562;10000;569;385,9;438;0
vpja38;26;202;301;-38,4;-156;99;2,55e+08
vpja38;26;327;459;-63,1999999999999;-241,6;132;255000
vpja38;26;530;765;-454,1;178,1;235;255
vpja38;26;785;903;-501;191,3;118;255
vpja38;26;980;1288;299,4;141,5;308;255255000
vpja38;26;1311;1735;358,4;169,2;424;255255000
vpja38;26;1759;2024;294;131,9;265;255255000
vpja38;26;2064;2270;424,7;177,9;206;255255000
vpja38;26;2353;2589;-412,5;181,7;236;255
vpja38;26;2614;3084;-477;183,3;470;255
vpja38;26;3111;3341;-406,3;197,4;230;255
vpja38;26;3362;3623;-369,5;196;261;255
vpja38;26;3672;3873;-492,1;12,5;201;0
vpja38;26;3906;4083;-466,9;-78,5;177;0
vpja38;26;4608;4718;-403,1;-68,3;110;0
vpja38;26;4744;4874;-382,6;-64,5;130;0
vpja38;26;4895;4966;-383,9;-63,5;71;0
vpja38;26;5002;5248;-334,4;-43,4;246;0
vpja38;26;5266;5647;-352;-40,1999999999999;381;0
vpja38;26;5669;5888;-323;-44,0999999999999;219;0
vpja38;26;5941;6388;-67,5;-246,4;447;255000
vpja38;26;6439;6760;-93,0999999999999;-38;321;2,55e+08
vpja38;26;6786;6926;-10;-11,9;140;2,55e+08
vpja38;26;6998;7317;527,2;-28,9;319;0
vpja38;26;7366;7503;556,7;-172,3;137;0
vpja38;26;7551;7706;557,1;-313,8;155;0
vpja38;26;7732;7802;529,9;-418,4;70;0
vpja38;26;7897;8138;-391;-348,1;241;0
vpja38;26;8189;8312;-533,6;-328,7;123;0
vpja38;26;8363;8612;-569,5;-179,8;249;0
vpja38;26;8639;8931;-491;-220,5;292;0
vpja38;26;8963;9190;-555,3;-161;227;0
vpja38;26;9244;9456;-541,2;101,7;212;0
vpja38;26;9483;9743;-576,2;128,1;260;0
vpja38;26;9786;10000;-423,3;165,9;214;255
