vp;trial;timest;timeend;x;y;duration;roi
vpja40;1;305;346;24,6845878136199;-197,45376344086;41;2,55e+08
vpja40;1;385;1131;45,7845878136201;-291,35376344086;746;2,55e+08
vpja40;1;1140;1282;51,88458781362;-309,65376344086;142;255000
vpja40;1;1337;1458;385,58458781362;26,2462365591398;121;255
vpja40;1;1484;1680;418,98458781362;78,1462365591398;196;255
vpja40;1;1744;1913;-198,11541218638;8,3462365591397;169;0
vpja40;1;1941;2067;-118,41541218638;-15,4537634408603;126;0
vpja40;1;2093;2233;-62,2154121863799;-39,3537634408602;140;0
vpja40;1;2266;2495;-167,31541218638;20,3462365591397;229;255255000
vpja40;1;2516;2625;-189,51541218638;26,8462365591397;109;255255000
vpja40;1;2660;2794;-56,41541218638;-33,4537634408603;134;0
vpja40;1;2812;2988;-36,51541218638;-47,7537634408602;176;0
vpja40;1;3029;3356;-225,61541218638;38,8462365591397;327;255255000
vpja40;1;3408;3643;-506,31541218638;93,2462365591398;235;0
vpja40;1;3654;3876;-498,71541218638;107,74623655914;222;0
vpja40;1;3911;4089;-366,41541218638;28,1462365591398;178;0
vpja40;1;4118;4233;-328,81541218638;-25,5537634408603;115;0
vpja40;1;4270;4452;-494,21541218638;7,24623655913979;182;0
vpja40;1;4485;4585;-599,81541218638;-57,1537634408603;100;0
vpja40;1;4645;4982;-606,21541218638;339,54623655914;337;0
vpja40;1;5001;5365;-620,91541218638;364,04623655914;364;0
vpja40;1;5372;6010;-610,11541218638;357,34623655914;638;0
vpja40;1;6021;6549;-591,31541218638;353,44623655914;528;0
vpja40;1;6607;6806;-257,61541218638;36,2462365591398;199;0
vpja40;1;6892;7076;391,68458781362;62,4462365591397;184;255
vpja40;1;7097;7500;430,48458781362;72,8462365591397;403;255
vpja40;1;7522;8073;443,48458781362;35,4462365591397;551;255
vpja40;1;8096;8239;436,58458781362;81,7462365591398;143;255
vpja40;1;8503;8569;426,48458781362;116,54623655914;66;255
vpja40;1;8591;8765;416,78458781362;113,74623655914;174;255
vpja40;1;8796;9042;440,08458781362;46,6462365591398;246;255
vpja40;1;9056;9268;428,38458781362;73,5462365591397;212;255
vpja40;1;9291;9551;423,48458781362;110,84623655914;260;255
vpja40;1;9565;9757;406,68458781362;118,94623655914;192;255
vpja40;1;9790;9961;428,58458781362;17,2462365591398;171;255
vpja40;1;9986;10000;448,58458781362;-30,9537634408603;14;0
vpja40;2;319;432;-49,5;-213,5;113;255000
vpja40;2;458;780;-86,5;-264,5;322;0
vpja40;2;821;978;-315;-224,7;157;0
vpja40;2;1019;1226;-88,5;-282,7;207;0
vpja40;2;1244;1676;-57,4;-284;432;255000
vpja40;2;1744;2101;302,3;118,2;357;0
vpja40;2;2128;2205;299,8;65;77;0
vpja40;2;2264;2453;40,2;333,7;189;255255000
vpja40;2;2476;2595;29,3;299,9;119;255255000
vpja40;2;2612;2749;0,200000000000045;291,6;137;255255000
vpja40;2;2806;2941;-412,2;296,7;135;0
vpja40;2;2978;3095;-490,9;310,4;117;255
vpja40;2;3119;3242;-502;256,6;123;255
vpja40;2;3273;3570;-421,3;166,8;297;0
vpja40;2;3602;3651;-329,3;108;49;0
vpja40;2;3712;3846;-278;-215,4;134;0
vpja40;2;3874;4152;-213,1;-246,3;278;0
vpja40;2;4213;4308;-175,4;202,7;95;2,55e+08
vpja40;2;4347;4562;-219,6;303,1;215;0
vpja40;2;4607;4655;31,2;232,2;48;255255000
vpja40;2;4879;4908;10;344;29;255255000
vpja40;2;4931;5164;31,8;313,8;233;255255000
vpja40;2;5229;5502;-492,4;298,3;273;255
vpja40;2;5525;5668;-491,4;259,6;143;255
vpja40;2;5701;5897;-337,2;167,9;196;0
vpja40;2;5923;6142;-275,4;136,4;219;0
vpja40;2;6197;6671;-494,6;271,6;474;255
vpja40;2;6738;6879;-565,7;-252,2;141;0
vpja40;2;6901;7136;-602,4;-279,2;235;0
vpja40;2;7159;7291;-613,1;-324,3;132;0
vpja40;2;7344;7560;-200,7;-349,8;216;0
vpja40;2;7588;7711;-116,9;-425,7;123;0
vpja40;2;7768;7896;315,9;-432,3;128;0
vpja40;2;7930;8121;441,2;-448,8;191;0
vpja40;2;8153;8340;573,4;-471,1;187;0
vpja40;2;8413;8600;539,1;115,9;187;0
vpja40;2;8645;8779;408,5;267,4;134;0
vpja40;2;8826;9050;283,1;68,4;224;2,55e+08
vpja40;2;9075;9287;319,3;102,8;212;0
vpja40;2;9341;9635;199,2;337,7;294;2,55e+08
vpja40;2;9674;9804;318,1;302,6;130;0
vpja40;2;9842;10000;142;269;158;2,55e+08
vpja40;3;200;299;-34,3;-38,8;99;2,55e+08
vpja40;3;347;574;-220,4;124;227;255
vpja40;3;609;688;-269,1;26,3000000000001;79;0
vpja40;3;729;1134;-230,7;160,2;405;255
vpja40;3;1156;1600;-256,4;108,2;444;255
vpja40;3;1630;1784;-334,3;158,4;154;255
vpja40;3;1825;1933;-277;-20,3;108;0
vpja40;3;1960;2105;-251,7;-72,7;145;0
vpja40;3;2145;2308;-277,9;159,3;163;0
vpja40;3;2379;2500;285;166;121;255255000
vpja40;3;2531;2856;401,9;179,9;325;255255000
vpja40;3;2901;2984;436,2;11,6;83;0
vpja40;3;3045;3237;-41;-263,3;192;255000
vpja40;3;3251;3579;-24,1;-257,2;328;255000
vpja40;3;3590;3713;-20;-272,5;123;255000
vpja40;3;3747;3950;-59,6;-376,7;203;0
vpja40;3;3976;4077;-111,7;-359;101;0
vpja40;3;4145;4414;-231,8;111,8;269;255
vpja40;3;4427;4571;-211;123,2;144;255
vpja40;3;4627;4867;-594;211,1;240;0
vpja40;3;4930;4984;-164,7;70,5;54;0
vpja40;3;5046;5214;-6,89999999999998;-247,9;168;255000
vpja40;3;5238;5604;-17;-267,4;366;255000
vpja40;3;5613;6035;-13,8;-278,2;422;255000
vpja40;3;6099;6239;313;57;140;0
vpja40;3;6271;6484;274,5;-69,1;213;0
vpja40;3;6533;6699;19,8;-121,3;166;2,55e+08
vpja40;3;6721;6994;-8;-109,2;273;2,55e+08
vpja40;3;7056;7205;327,1;166,5;149;255255000
vpja40;3;7233;7430;399,3;140,5;197;255255000
vpja40;3;7440;7762;411,6;151,1;322;255255000
vpja40;3;7771;8122;424,8;145,7;351;255255000
vpja40;3;8159;8328;269,4;178,8;169;255255000
vpja40;3;8342;8488;248,8;195,8;146;255255000
vpja40;3;8525;8707;393,8;168,4;182;255255000
vpja40;3;8773;9009;-193,6;132,8;236;255
vpja40;3;9025;9435;-209,6;153,1;410;255
vpja40;3;9459;9748;-248,6;164,3;289;255
vpja40;4;108;201;-22,4;11,9;93;0
vpja40;4;250;331;-224,6;76;81;2,55e+08
vpja40;4;352;546;-239,8;133,1;194;255255000
vpja40;4;605;777;228,9;81,1;172;255
vpja40;4;820;961;262;-120,7;141;0
vpja40;4;988;1320;308,4;-139,3;332;0
vpja40;4;1378;1524;-159,8;-199,1;146;0
vpja40;4;1547;1671;-201,7;-208,9;124;255000
vpja40;4;1699;2016;-285,7;-189,3;317;255000
vpja40;4;2030;2475;-266,6;-203,5;445;255000
vpja40;4;2485;2691;-264,6;-212,5;206;255000
vpja40;4;2727;2876;-282,8;-26,9;149;2,55e+08
vpja40;4;2914;3186;-267,8;-196,9;272;255000
vpja40;4;3243;3368;-535;-381;125;0
vpja40;4;3393;3525;-594,1;-386,7;132;0
vpja40;4;3555;3714;-625;-290,2;159;0
vpja40;4;3747;4040;-664,6;-140,9;293;NA
vpja40;4;4048;4224;-660,5;-124,4;176;NA
vpja40;4;4272;4382;-285,9;-209;110;255000
vpja40;4;4466;4589;524,4;-235,4;123;0
vpja40;4;4615;4837;581,8;-227,4;222;0
vpja40;4;4867;5144;508,8;-118;277;0
vpja40;4;5208;5377;600,5;328;169;0
vpja40;4;5403;5525;589;405,6;122;0
vpja40;4;5600;5810;-228,5;191,5;210;255255000
vpja40;4;5831;6088;-253,7;174,1;257;255255000
vpja40;4;6107;6331;-291,8;158,3;224;255255000
vpja40;4;6362;6596;-254,4;239,4;234;255255000
vpja40;4;6615;6815;-282,3;238,4;200;0
vpja40;4;6879;6979;43,4000000000001;125,1;100;0
vpja40;4;7023;7437;236,3;73,4;414;255
vpja40;4;7461;7578;282,2;59,6;117;255
vpja40;4;7635;7836;-188,5;-37,3000000000001;201;2,55e+08
vpja40;4;7864;8212;-116,7;4,29999999999995;348;0
vpja40;4;8249;8740;-267,6;15,6999999999999;491;2,55e+08
vpja40;4;8808;9015;225,8;88,1;207;255
vpja40;4;9043;9522;316,2;91,6;479;255
vpja40;4;9578;9814;437,1;384,5;236;0
vpja40;4;9850;10000;605,1;349;150;0
vpja40;5;240;379;-66,5;-111,4;139;2,55e+08
vpja40;5;402;619;-93;-139,1;217;2,55e+08
vpja40;5;675;875;-319,8;129,8;200;255255000
vpja40;5;898;1000;-319,6;161,9;102;255255000
vpja40;5;1054;1218;-18,6;155,8;164;255
vpja40;5;1240;1374;29,9;166,6;134;255
vpja40;5;1398;1585;-20,8;175,5;187;255
vpja40;5;1628;1889;-201,6;331,3;261;0
vpja40;5;1933;2091;-11,6;193;158;0
vpja40;5;2102;2209;-17,1999999999999;177,7;107;255
vpja40;5;2236;2348;61,9;165,4;112;0
vpja40;5;2410;2644;-419,4;-49,1;234;0
vpja40;5;2670;2826;-429,8;29,4;156;0
vpja40;5;2874;3209;-479,9;238,3;335;0
vpja40;5;3264;3475;-432;43,7;211;0
vpja40;5;3506;3712;-299,5;82,6;206;255255000
vpja40;5;3745;3844;-413,4;-1,5;99;0
vpja40;5;3879;4094;-427,4;-159,3;215;0
vpja40;5;4140;4288;-416,8;7,39999999999998;148;0
vpja40;5;4308;4556;-439,2;27,9;248;0
vpja40;5;4579;4875;-395,7;0,300000000000068;296;0
vpja40;5;4915;5169;-409,8;-174,6;254;0
vpja40;5;5237;5408;0,300000000000068;-258,8;171;0
vpja40;5;5437;5573;76,3000000000001;-340,2;136;0
vpja40;5;5600;5801;47,3000000000001;-410,8;201;0
vpja40;5;5846;6010;232,6;-458,6;164;0
vpja40;5;6048;6177;20,0000000000001;-438,6;129;0
vpja40;5;6234;6439;-79;-141,7;205;2,55e+08
vpja40;5;6480;6793;-69,1;-8,5;313;2,55e+08
vpja40;5;6820;6918;-148,2;3,89999999999998;98;2,55e+08
vpja40;5;6969;7128;-142;338,8;159;0
vpja40;5;7555;8030;-133,9;339,3;475;0
vpja40;5;8083;8315;-491;267,2;232;0
vpja40;5;8324;8463;-495,8;275;139;0
vpja40;5;8491;8665;-438,8;202;174;0
vpja40;5;8683;9224;-460,7;219,1;541;0
vpja40;5;9261;9397;-312,8;116,6;136;255255000
vpja40;5;9442;9592;-37,9;149,4;150;0
vpja40;5;9636;9785;-163,8;294,6;149;0
vpja40;5;9812;10000;-223,9;331,4;188;0
vpja40;6;249;413;-283,869863013699;160,423287671233;164;255255000
vpja40;6;424;586;-310,669863013699;201,223287671233;162;255255000
vpja40;6;650;875;274,330136986301;193,623287671233;225;0
vpja40;6;933;1096;77,2301369863013;-209,976712328767;163;255000
vpja40;6;1117;1601;46,1301369863014;-222,776712328767;484;255000
vpja40;6;1614;1721;53,7301369863013;-201,876712328767;107;255000
vpja40;6;1776;2014;117,330136986301;153,323287671233;238;0
vpja40;6;2024;2115;135,430136986301;164,123287671233;91;0
vpja40;6;2150;2460;291,830136986301;199,323287671233;310;255
vpja40;6;2479;2706;265,530136986301;162,523287671233;227;255
vpja40;6;2768;2970;-293,969863013699;191,023287671233;202;255255000
vpja40;6;2988;3173;-324,169863013699;191,623287671233;185;255255000
vpja40;6;3196;3307;-304,669863013699;160,123287671233;111;255255000
vpja40;6;3367;3551;-356,769863013699;-208,676712328767;184;0
vpja40;6;3608;3739;-318,369863013699;152,523287671233;131;255255000
vpja40;6;3763;4057;-307,269863013699;206,323287671233;294;255255000
vpja40;6;4072;4233;-280,969863013699;207,023287671233;161;255255000
vpja40;6;4252;4431;-302,769863013699;176,323287671233;179;255255000
vpja40;6;4440;4661;-289,569863013699;161,123287671233;221;255255000
vpja40;6;4689;4849;-337,869863013699;176,723287671233;160;255255000
vpja40;6;4872;5067;-369,469863013699;200,723287671233;195;255255000
vpja40;6;5086;5265;-339,169863013699;197,923287671233;179;255255000
vpja40;6;5282;5415;-308,969863013699;202,623287671233;133;255255000
vpja40;6;5438;5766;-306,469863013699;148,123287671233;328;255255000
vpja40;6;5788;6004;-261,669863013699;152,523287671233;216;255255000
vpja40;6;6018;6287;-248,369863013699;170,823287671233;269;255255000
vpja40;6;6297;6435;-234,469863013699;181,023287671233;138;255255000
vpja40;6;6457;6642;-275,969863013699;193,123287671233;185;255255000
vpja40;6;6655;6918;-280,669863013699;216,923287671233;263;255255000
vpja40;6;6935;7076;-305,369863013699;229,823287671233;141;255255000
vpja40;6;7098;7428;-315,869863013699;190,123287671233;330;255255000
vpja40;6;7505;7689;302,630136986301;172,923287671233;184;255
vpja40;6;7707;7973;273,030136986301;170,823287671233;266;255
vpja40;6;7981;8267;279,230136986301;166,323287671233;286;255
vpja40;6;8280;8568;289,330136986301;183,523287671233;288;255
vpja40;6;8609;8797;443,930136986301;132,423287671233;188;0
vpja40;6;8843;8902;256,530136986301;-11,776712328767;59;0
vpja40;6;8954;9308;241,730136986301;-267,776712328767;354;0
vpja40;6;9331;9634;293,630136986301;-253,476712328767;303;0
vpja40;6;9651;9796;329,130136986301;-238,476712328767;145;0
vpja40;6;9823;10000;252,530136986301;-269,776712328767;177;0
vpja40;7;271;358;-130;-68,1;87;2,55e+08
vpja40;7;384;517;-165,2;-106,4;133;2,55e+08
vpja40;7;532;648;-187,2;-121,9;116;2,55e+08
vpja40;7;695;975;-452,7;132;280;0
vpja40;7;1019;1154;-447,4;332,3;135;255255000
vpja40;7;1179;1427;-392,1;374,6;248;255255000
vpja40;7;1452;1678;-440,5;386,4;226;255255000
vpja40;7;1758;1915;373,7;300,5;157;0
vpja40;7;1947;2049;390,8;196,9;102;0
vpja40;7;2095;2214;346;25,1;119;255
vpja40;7;2246;2397;237,4;95,8;151;0
vpja40;7;2441;2582;367,5;253,4;141;0
vpja40;7;2607;2802;323,2;286,4;195;0
vpja40;7;2823;3070;329,8;315,9;247;0
vpja40;7;3088;3244;308,4;339,4;156;0
vpja40;7;3274;3498;296,5;434,4;224;0
vpja40;7;3521;3733;311,4;392,8;212;0
vpja40;7;3768;3972;317,3;283,2;204;0
vpja40;7;3985;4129;318,5;306,5;144;0
vpja40;7;4147;4610;335,9;337,6;463;0
vpja40;7;4629;4749;335,1;310,3;120;0
vpja40;7;4773;4974;378,5;301,9;201;0
vpja40;7;5030;5142;320,7;7,10000000000002;112;255
vpja40;7;5198;5296;55,8;-299,3;98;0
vpja40;7;5335;5486;32,6000000000001;-362,2;151;0
vpja40;7;5512;5649;-44,9;-350,7;137;0
vpja40;7;5672;5861;-25,4;-421,8;189;0
vpja40;7;5915;6149;393,8;-419,5;234;0
vpja40;7;6161;6500;393,9;-438,8;339;0
vpja40;7;6574;6716;-320,8;-193,9;142;0
vpja40;7;6741;7050;-360,3;-160,1;309;0
vpja40;7;7064;7230;-381,4;-150,1;166;0
vpja40;7;7278;7490;-385,6;63,9;212;0
vpja40;7;7515;7706;-409,4;118,6;191;0
vpja40;7;7728;7852;-446,2;135,4;124;0
vpja40;7;7880;8425;-357,2;104;545;0
vpja40;7;8450;8791;-349,7;40,9;341;0
vpja40;7;8815;8967;-352,9;92,1;152;0
vpja40;7;8996;9226;-431,9;84,5;230;0
vpja40;7;9254;10000;-356,6;81,6999999999999;746;0
vpja40;8;186;232;-39,8;-138,8;46;0
vpja40;8;280;351;11,3000000000001;-288,3;71;2,55e+08
vpja40;8;375;927;-10,4;-325;552;0
vpja40;8;996;1200;4,70000000000005;168,9;204;0
vpja40;8;1259;1384;-323;181,4;125;255
vpja40;8;1443;1591;23,6;142,5;148;2,55e+08
vpja40;8;1623;1755;35,8;16,4000000000001;132;2,55e+08
vpja40;8;1816;1956;-355,3;121,5;140;255
vpja40;8;1983;2056;-276,6;134,1;73;255
vpja40;8;2126;2232;-447,9;-239;106;0
vpja40;8;2264;2383;-455,6;-350,9;119;0
vpja40;8;2411;2499;-525,9;-368,1;88;0
vpja40;8;2544;2656;-272,5;-386,1;112;0
vpja40;8;2721;2833;-368;82,3000000000001;112;255
vpja40;8;2876;2990;-259,1;-155,3;114;0
vpja40;8;3068;3209;344,5;257;141;255255000
vpja40;8;3243;3541;356,8;320,4;298;255255000
vpja40;8;3588;3707;304;179;119;255255000
vpja40;8;3776;3958;372,4;-168,9;182;0
vpja40;8;4030;4158;-161,1;-202,5;128;0
vpja40;8;4180;4311;-210;-209;131;0
vpja40;8;4360;4573;-452,7;-269,8;213;0
vpja40;8;4632;4943;-18,5;-245,4;311;2,55e+08
vpja40;8;4956;5128;-41,1999999999999;-233,8;172;0
vpja40;8;5199;5409;302,9;198,2;210;255255000
vpja40;8;5449;5608;314,6;297;159;255255000
vpja40;8;5618;6062;345,4;291,9;444;255255000
vpja40;8;6312;6359;-27,4;319,6;47;0
vpja40;8;6394;6473;55,7;195,6;79;0
vpja40;8;6530;6734;343,5;276;204;255255000
vpja40;8;6742;7038;354,3;273,4;296;255255000
vpja40;8;7080;7292;332,5;199,5;212;255255000
vpja40;8;7313;7642;298,4;192,8;329;255255000
vpja40;8;7670;7883;255;118,6;213;0
vpja40;8;7938;8124;16,2;124,9;186;2,55e+08
vpja40;8;8148;8519;57,6000000000001;133,3;371;2,55e+08
vpja40;8;8577;8805;341,1;231,4;228;255255000
vpja40;8;8827;8988;350,3;269,2;161;255255000
vpja40;8;8996;9365;364,7;280,8;369;255255000
vpja40;8;9374;9725;374;269;351;255255000
vpja40;8;9800;9983;489,2;-239,8;183;0
vpja40;9;83;177;-2,67956204379573;-1,58613138686133;94;255255000
vpja40;9;225;344;-296,179562043796;-124,886131386861;119;255000
vpja40;9;368;808;-377,479562043796;-124,386131386861;440;255000
vpja40;9;847;973;-295,679562043796;87,6138686131387;126;255
vpja40;9;1018;1066;-45,6795620437957;36,2138686131387;48;0
vpja40;9;1135;1272;63,0204379562043;-406,986131386861;137;0
vpja40;9;1295;1450;12,8204379562043;-420,986131386861;155;0
vpja40;9;1495;1675;-222,879562043796;-265,386131386861;180;0
vpja40;9;1705;1840;-109,279562043796;-245,486131386861;135;0
vpja40;9;1863;1916;-59,2795620437956;-244,586131386861;53;0
vpja40;9;1969;2114;-11,7795620437956;34,5138686131387;145;0
vpja40;9;2138;2389;-12,7795620437956;-6,18613138686123;251;0
vpja40;9;2438;2556;-283,579562043796;130,913868613139;118;255
vpja40;9;2617;2804;-589,179562043796;424,413868613139;187;0
vpja40;9;2869;3061;-284,179562043796;149,213868613139;192;255
vpja40;9;3110;3776;-18,3795620437957;3,41386861313867;666;0
vpja40;9;3828;4026;-289,079562043796;130,313868613139;198;255
vpja40;9;4053;4281;-218,779562043796;125,713868613139;228;255
vpja40;9;4304;4485;-250,479562043796;155,113868613139;181;255
vpja40;9;4524;4704;-370,179562043796;104,113868613139;180;255
vpja40;9;4754;4892;-44,1795620437957;63,1138686131387;138;0
vpja40;9;4918;5166;-23,8795620437957;13,2138686131387;248;0
vpja40;9;5214;5330;193,320437956204;-38,1861313868612;116;0
vpja40;9;5376;5692;422,520437956204;-95,1861313868613;316;0
vpja40;9;5707;5849;434,220437956204;-116,386131386861;142;0
vpja40;9;5865;5973;428,920437956204;-140,186131386861;108;0
vpja40;9;6037;6162;-134,779562043796;46,1138686131387;125;0
vpja40;9;6198;6346;-289,679562043796;106,213868613139;148;255
vpja40;9;6381;6555;-200,279562043796;185,013868613139;174;255
vpja40;9;6618;6944;187,520437956204;228,213868613139;326;0
vpja40;9;6971;7125;247,020437956204;240,713868613139;154;0
vpja40;9;7199;7407;-334,579562043796;-109,886131386861;208;255000
vpja40;9;7435;7629;-264,679562043796;-61,7861313868613;194;2,55e+08
vpja40;9;7660;7800;-369,279562043796;-118,186131386861;140;255000
vpja40;9;7821;7983;-381,779562043796;-160,386131386861;162;255000
vpja40;9;8004;8060;-408,579562043796;-185,186131386861;56;0
vpja40;9;8117;8235;-311,979562043796;-488,786131386861;118;NA
vpja40;9;8289;8441;-100,679562043796;-363,586131386861;152;0
vpja40;9;8479;8594;-131,379562043796;-272,586131386861;115;0
vpja40;9;8624;8904;-228,179562043796;-282,886131386861;280;0
vpja40;9;8977;9167;511,720437956204;-340,186131386861;190;0
vpja40;9;9193;9306;498,720437956204;-394,786131386861;113;0
vpja40;9;9344;9552;446,120437956204;-166,886131386861;208;0
vpja40;9;9561;9730;447,020437956204;-152,186131386861;169;0
vpja40;9;9742;9822;437,120437956204;-164,186131386861;80;0
vpja40;9;9859;9966;587,520437956204;-157,186131386861;107;0
vpja40;10;204;711;-127,789781021898;-57,9627737226276;507;0
vpja40;10;764;978;-102,089781021898;-339,862773722628;214;0
vpja40;10;1044;1288;134,410218978102;150,637226277372;244;0
vpja40;10;1309;1528;173,910218978102;152,337226277372;219;255
vpja40;10;1548;1768;133,710218978102;149,737226277372;220;0
vpja40;10;1841;1976;-420,889781021898;148,237226277372;135;255255000
vpja40;10;2007;2149;-522,689781021898;168,737226277372;142;0
vpja40;10;2166;2408;-550,889781021898;175,637226277372;242;0
vpja40;10;2427;2549;-520,289781021898;165,937226277372;122;0
vpja40;10;2594;2738;-480,589781021898;-73,6627737226277;144;0
vpja40;10;2762;2989;-472,989781021898;-108,362773722628;227;0
vpja40;10;3015;3130;-467,089781021898;-44,5627737226276;115;0
vpja40;10;3158;3261;-475,189781021898;46,1372262773724;103;0
vpja40;10;3302;3410;-419,789781021898;167,737226277372;108;255255000
vpja40;10;3467;3628;-121,489781021898;329,737226277372;161;0
vpja40;10;3673;3815;-85,8897810218976;199,637226277372;142;0
vpja40;10;3840;3884;-64,7897810218976;148,437226277372;44;0
vpja40;10;3948;4070;319,710218978102;92,2372262773723;122;0
vpja40;10;4096;4231;347,510218978102;57,3372262773723;135;0
vpja40;10;4267;4435;167,610218978102;117,237226277372;168;255
vpja40;10;4511;4794;-66,0897810218977;-354,462773722628;283;0
vpja40;10;4872;4966;-577,689781021898;-148,362773722628;94;0
vpja40;10;4996;5253;-683,789781021898;-55,2627737226276;257;NA
vpja40;10;5266;5387;-706,089781021898;-53,1627737226277;121;NA
vpja40;10;5412;5530;-690,989781021898;8,43722627737236;118;NA
vpja40;10;5574;5775;-437,389781021898;179,937226277372;201;255255000
vpja40;10;5803;6076;-512,789781021898;190,037226277372;273;0
vpja40;10;6108;6294;-431,989781021898;288,437226277372;186;0
vpja40;10;6311;6415;-456,889781021898;297,637226277372;104;0
vpja40;10;6479;6623;-49,2897810218976;309,937226277372;144;0
vpja40;10;6658;6838;-122,889781021898;325,937226277372;180;0
vpja40;10;6847;6932;-134,789781021898;329,337226277372;85;0
vpja40;10;6987;7139;-96,3897810218976;107,037226277372;152;2,55e+08
vpja40;10;7161;7325;-63,4897810218977;126,537226277372;164;2,55e+08
vpja40;10;7375;7548;-139,989781021898;342,937226277372;173;0
vpja40;10;7565;7751;-127,689781021898;319,337226277372;186;0
vpja40;10;7805;8080;-398,989781021898;131,037226277372;275;255255000
vpja40;10;8109;8330;-491,389781021898;131,237226277372;221;255255000
vpja40;10;8349;8762;-510,989781021898;130,637226277372;413;0
vpja40;10;8799;8916;-342,089781021898;83,2372262773723;117;0
vpja40;10;8973;9111;-110,289781021898;-94,9627737226276;138;255000
vpja40;10;9125;9480;-97,7897810218976;-83,3627737226277;355;255000
vpja40;10;9546;9690;341,910218978102;80,9372262773724;144;0
vpja40;10;9714;9883;340,810218978102;40,7372262773723;169;0
vpja40;10;9914;10000;429,710218978102;118,937226277372;86;0
vpja40;11;181;243;26,5;-158,8;62;2,55e+08
vpja40;11;285;406;5;-237,6;121;255000
vpja40;11;426;648;4,70000000000005;-252,5;222;255000
vpja40;11;713;926;315,6;181,7;213;0
vpja40;11;994;1225;-348,9;154,6;231;255
vpja40;11;1243;1492;-328;140;249;255
vpja40;11;1524;1686;-485,7;199,9;162;0
vpja40;11;1757;1871;40;81,9000000000001;114;0
vpja40;11;1916;2229;287,8;144,7;313;255255000
vpja40;11;2302;2397;60;-257,3;95;255000
vpja40;11;2429;2575;19,5;-291,3;146;255000
vpja40;11;2608;2768;-13,3;-388,6;160;255000
vpja40;11;2794;2910;-71,3;-394,4;116;0
vpja40;11;2933;3164;-104;-431,9;231;0
vpja40;11;3179;3328;-80,9;-429;149;0
vpja40;11;3343;3734;-61,3;-439,4;391;0
vpja40;11;3755;3877;-80,4;-423;122;0
vpja40;11;3903;4038;-79;-358,2;135;0
vpja40;11;4064;4232;-112;-431,7;168;0
vpja40;11;4293;4396;263;-432,4;103;0
vpja40;11;4415;5246;291,1;-443,2;831;0
vpja40;11;5253;5496;298,8;-453,3;243;0
vpja40;11;5578;5758;-480,7;-456,2;180;0
vpja40;11;5781;5996;-467,4;-461,7;215;0
vpja40;11;6053;6245;-456,3;-82,4;192;0
vpja40;11;6338;6455;396,6;120;117;0
vpja40;11;6501;6627;629,4;267,7;126;0
vpja40;11;6668;6817;562,9;371,5;149;0
vpja40;11;6834;7102;545,9;377,5;268;0
vpja40;11;7161;7349;600,4;139,6;188;0
vpja40;11;7394;7586;634;294,7;192;0
vpja40;11;7631;7883;554,2;429,7;252;0
vpja40;11;7893;8485;565,2;437,8;592;0
vpja40;11;8510;8768;587,3;390,9;258;0
vpja40;11;8788;9050;566,7;429,4;262;0
vpja40;11;9058;9231;578,2;447;173;0
vpja40;11;9284;9417;295,2;166,4;133;0
vpja40;11;9441;9592;291,2;143,6;151;255255000
vpja40;11;9617;9696;230,3;156,3;79;255255000
vpja40;11;9766;10000;-321;160,1;234;255
vpja40;12;11;180;-9,80000000000007;7;169;2,55e+08
vpja40;12;228;341;0,399999999999977;-148,7;113;2,55e+08
vpja40;12;404;509;-315;262;105;255
vpja40;12;556;681;-575,8;408,4;125;0
vpja40;12;727;902;-280,6;275,4;175;255
vpja40;12;977;1099;419,1;386,5;122;0
vpja40;12;1126;1280;441,8;465,7;154;255255000
vpja40;12;1303;1460;386,5;465,8;157;0
vpja40;12;1535;1677;-280,9;290,1;142;0
vpja40;12;1725;1846;-450;340,2;121;255
vpja40;12;1876;2035;-535,9;403,3;159;0
vpja40;12;2063;2213;-602,7;410,9;150;255
vpja40;12;2298;2417;-226,1;-247,7;119;0
vpja40;12;2456;2610;-384,3;-320,9;154;0
vpja40;12;2639;2811;-535,3;-296,6;172;0
vpja40;12;2864;3068;-301,6;-346,3;204;0
vpja40;12;3095;3313;-293,1;-276,7;218;0
vpja40;12;3370;3533;-515;-297,8;163;0
vpja40;12;3592;3838;-269,5;-377,4;246;0
vpja40;12;3891;4180;-29,1;-382,2;289;255000
vpja40;12;4199;4328;-3,60000000000002;-371,7;129;255000
vpja40;12;4375;4576;245,6;-230,9;201;0
vpja40;12;4587;4701;260,2;-220,2;114;0
vpja40;12;4786;4956;-1,80000000000007;-348;170;255000
vpja40;12;4978;5589;-16,1;-364,7;611;255000
vpja40;12;5647;5883;123,8;-53,5;236;2,55e+08
vpja40;12;5919;6145;-17,6;-39,9;226;2,55e+08
vpja40;12;6186;6363;-28,8000000000001;96,2;177;2,55e+08
vpja40;12;6420;6470;207,6;-94;50;2,55e+08
vpja40;12;6521;6766;467,1;-211,1;245;0
vpja40;12;6807;7018;598,9;-98,1;211;0
vpja40;12;7071;7292;611,2;172,9;221;0
vpja40;12;7301;7424;606,5;165,1;123;0
vpja40;12;7499;7666;11,9;41,6;167;2,55e+08
vpja40;12;7732;7908;429,1;404,9;176;0
vpja40;12;7932;8149;430,4;449,9;217;255255000
vpja40;12;8370;8392;158;477,6;22;0
vpja40;12;8457;8603;-158,3;197,3;146;0
vpja40;12;8627;8806;-211,3;211,6;179;255
vpja40;12;8814;9017;-220,8;220,5;203;255
vpja40;12;9079;9312;-578,3;381,1;233;0
vpja40;12;9349;9499;-613,6;459,4;150;255
vpja40;12;9532;9729;-463;351;197;255
vpja40;12;9819;9968;310,6;307,5;149;0
vpja40;13;272;383;-5,13724779354561;-70,4875159199058;111;2,55e+08
vpja40;13;437;507;11,1627522064543;254,512484080094;70;0
vpja40;13;568;710;-536,237247793546;399,412484080094;142;255255000
vpja40;13;729;968;-537,937247793546;431,712484080094;239;0
vpja40;13;985;1151;-553,037247793546;419,512484080094;166;0
vpja40;13;1233;1352;234,162752206454;379,812484080094;119;0
vpja40;13;1376;1505;286,162752206454;371,912484080094;129;0
vpja40;13;1532;1650;234,762752206454;308,312484080094;118;0
vpja40;13;1704;1881;347,862752206454;116,512484080094;177;0
vpja40;13;1922;2090;539,662752206454;124,812484080094;168;0
vpja40;13;2175;2336;447,062752206454;-347,687515919906;161;0
vpja40;13;2360;2752;488,862752206454;-331,087515919906;392;0
vpja40;13;2763;2925;465,762752206454;-335,387515919906;162;0
vpja40;13;2935;3023;453,262752206454;-330,487515919906;88;0
vpja40;13;3083;3227;235,762752206454;-13,7875159199058;144;0
vpja40;13;3260;3498;352,362752206454;84,3124840800942;238;0
vpja40;13;3511;3559;371,662752206454;89,0124840800942;48;0
vpja40;13;3592;3798;241,462752206454;-1,98751591990583;206;0
vpja40;13;3810;3854;258,662752206454;3,11248408009419;44;0
vpja40;13;3910;4105;546,762752206454;122,512484080094;195;0
vpja40;13;4162;4339;231,462752206454;67,4124840800943;177;0
vpja40;13;4362;4569;234,162752206454;37,2124840800942;207;0
vpja40;13;4583;4811;216,262752206454;46,8124840800942;228;0
vpja40;13;4841;5053;330,162752206454;47,0124840800942;212;0
vpja40;13;5079;5298;366,962752206454;101,412484080094;219;0
vpja40;13;5322;5594;411,962752206454;113,012484080094;272;0
vpja40;13;5617;5830;470,062752206454;123,412484080094;213;0
vpja40;13;5865;6194;549,562752206454;27,2124840800942;329;0
vpja40;13;6221;6293;608,662752206454;-1,78751591990579;72;0
vpja40;13;6365;6602;18,3627522064544;-255,287515919906;237;255000
vpja40;13;6617;6749;-1,63724779354561;-234,387515919906;132;255000
vpja40;13;6778;6937;-11,1372477935456;-301,287515919906;159;255000
vpja40;13;6999;7242;-370,737247793546;-236,087515919906;243;0
vpja40;13;7299;7427;-115,737247793546;45,1124840800942;128;2,55e+08
vpja40;13;7453;7548;-55,7372477935456;105,512484080094;95;2,55e+08
vpja40;13;7599;7765;-37,3372477935457;-51,6875159199058;166;2,55e+08
vpja40;13;7812;7949;-93,3372477935457;120,812484080094;137;2,55e+08
vpja40;13;7997;8158;-77,5372477935456;-43,5875159199057;161;2,55e+08
vpja40;13;8230;8380;-434,037247793546;183,812484080094;150;0
vpja40;13;8422;8698;-472,937247793546;314,712484080094;276;255255000
vpja40;13;8786;8952;316,762752206454;320,012484080094;166;0
vpja40;13;8988;9267;401,762752206454;103,712484080094;279;0
vpja40;13;9304;9470;489,462752206454;122,312484080094;166;0
vpja40;13;9517;9736;624,662752206454;237,312484080094;219;0
vpja40;13;9809;9936;13,2627522064544;107,812484080094;127;2,55e+08
vpja40;14;243;333;-15,5713793103448;-131,193103448276;90;2,55e+08
vpja40;14;380;507;-32,4713793103448;-278,993103448276;127;255000
vpja40;14;563;752;-99,1713793103448;68,3068965517243;189;0
vpja40;14;813;967;30,2286206896551;456,506896551724;154;2,55e+08
vpja40;14;1046;1256;-25,5713793103448;-273,793103448276;210;255000
vpja40;14;1273;1630;-27,9713793103448;-286,293103448276;357;255000
vpja40;14;1684;1776;-194,571379310345;-27,8931034482757;92;0
vpja40;14;1841;1955;36,2286206896551;383,106896551724;114;2,55e+08
vpja40;14;1980;2244;22,5286206896552;430,606896551724;264;2,55e+08
vpja40;14;2261;2406;-3,87137931034488;433,106896551724;145;0
vpja40;14;2478;2613;-168,071379310345;4,2068965517243;135;0
vpja40;14;2652;2798;-69,1713793103448;-7,19310344827568;146;2,55e+08
vpja40;14;2827;3016;-161,171379310345;29,0068965517243;189;2,55e+08
vpja40;14;3080;3207;33,9286206896552;398,506896551724;127;2,55e+08
vpja40;14;3231;3566;24,4286206896552;424,606896551724;335;2,55e+08
vpja40;14;3642;3882;-195,371379310345;-14,5931034482758;240;255255000
vpja40;14;3940;4072;-475,171379310345;30,1068965517243;132;0
vpja40;14;4101;4196;-576,971379310345;27,2068965517243;95;0
vpja40;14;4261;4412;-221,671379310345;-252,993103448276;151;0
vpja40;14;4439;4614;-144,271379310345;-256,193103448276;175;0
vpja40;14;4660;4765;-207,571379310345;-106,193103448276;105;0
vpja40;14;4804;4982;-217,871379310345;-24,1931034482757;178;255255000
vpja40;14;5022;5113;-39,2713793103449;-49,3931034482757;91;255
vpja40;14;5156;5296;-209,071379310345;-199,193103448276;140;0
vpja40;14;5315;5565;-222,271379310345;-209,593103448276;250;0
vpja40;14;5621;5932;-10,0713793103448;-316,993103448276;311;255000
vpja40;14;6000;6225;458,028620689655;-61,2931034482757;225;0
vpja40;14;6259;6435;293,828620689655;-58,6931034482757;176;0
vpja40;14;6465;6686;169,028620689655;-50,6931034482757;221;0
vpja40;14;6729;6899;-53,2713793103449;-19,2931034482757;170;255
vpja40;14;6927;7093;-55,1713793103448;-79,7931034482757;166;255
vpja40;14;7144;7423;-249,671379310345;-17,8931034482757;279;255255000
vpja40;14;7443;7768;-232,371379310345;-28,6931034482757;325;255255000
vpja40;14;8233;8429;-47,9713793103448;10,2068965517243;196;255
vpja40;14;8472;8828;-54,1713793103448;-90,5931034482757;356;255
vpja40;14;8854;8923;9,92862068965519;-71,3931034482757;69;255
vpja40;14;8966;9093;67,2286206896553;28,4068965517242;127;2,55e+08
vpja40;14;9113;9225;49,4286206896551;51,1068965517243;112;2,55e+08
vpja40;14;9289;9404;-12,2713793103449;-315,093103448276;115;255000
vpja40;14;9420;9638;-18,1713793103448;-290,293103448276;218;255000
vpja40;14;9646;9883;-28,1713793103448;-280,693103448276;237;255000
vpja40;14;9898;10000;-13,7713793103449;-299,993103448276;102;255000
vpja40;15;56;163;-24,7035971223022;-1,89352517985606;107;0
vpja40;15;227;342;-348,503597122302;-225,693525179856;115;255000
vpja40;15;368;654;-435,503597122302;-220,693525179856;286;255000
vpja40;15;727;853;-509,403597122302;342,306474820144;126;255
vpja40;15;878;1054;-550,303597122302;332,306474820144;176;255
vpja40;15;1074;1352;-549,603597122302;295,406474820144;278;255
vpja40;15;1388;1673;-610,903597122302;199,306474820144;285;2,55e+08
vpja40;15;1691;1859;-629,303597122302;202,806474820144;168;0
vpja40;15;1935;2067;16,8964028776978;177,406474820144;132;255255000
vpja40;15;2099;2306;61,7964028776977;189,706474820144;207;255255000
vpja40;15;2326;2581;34,0964028776979;191,706474820144;255;255255000
vpja40;15;2667;2876;-511,703597122302;-143,693525179856;209;2,55e+08
vpja40;15;2951;3068;135,796402877698;178,806474820144;117;255255000
vpja40;15;3104;3211;64,6964028776978;193,906474820144;107;255255000
vpja40;15;3273;3374;282,396402877698;-34,1935251798561;101;0
vpja40;15;3404;3677;373,996402877698;-157,293525179856;273;0
vpja40;15;3743;3947;14,0964028776978;135,306474820144;204;255255000
vpja40;15;3987;4135;166,796402877698;84,0064748201439;148;0
vpja40;15;4197;4329;97,7964028776977;164,906474820144;132;255255000
vpja40;15;4360;4517;202,196402877698;50,4064748201439;157;0
vpja40;15;4537;4772;235,896402877698;38,2064748201439;235;0
vpja40;15;5077;5119;143,996402877698;120,806474820144;42;0
vpja40;15;5149;5267;192,996402877698;37,6064748201439;118;0
vpja40;15;5320;5629;-25,2035971223022;-22,8935251798561;309;0
vpja40;15;5682;5886;196,896402877698;91,3064748201439;204;0
vpja40;15;5916;6158;242,396402877698;41,6064748201439;242;0
vpja40;15;6212;6452;45,1964028776978;161,206474820144;240;255255000
vpja40;15;6476;6966;91,5964028776979;200,506474820144;490;255255000
vpja40;15;6998;7525;36,2964028776977;253,306474820144;527;0
vpja40;15;7536;7762;47,3964028776978;262,406474820144;226;0
vpja40;15;7793;7957;59,0964028776979;183,806474820144;164;255255000
vpja40;15;7983;8142;51,5964028776979;258,806474820144;159;0
vpja40;15;8170;8315;47,8964028776978;181,506474820144;145;255255000
vpja40;15;8362;8537;221,996402877698;98,8064748201439;175;0
vpja40;15;8564;9004;233,996402877698;35,8064748201439;440;0
vpja40;15;9058;9204;41,3964028776978;174,606474820144;146;255255000
vpja40;15;9263;9533;200,896402877698;37,6064748201439;270;0
vpja40;15;9564;9820;255,796402877698;81,2064748201439;256;0
vpja40;16;288;529;62,4405405405406;-197,142702702703;241;255000
vpja40;16;591;818;330,64054054054;189,557297297297;227;255
vpja40;16;840;964;279,440540540541;168,157297297297;124;255
vpja40;16;994;1180;398,940540540541;106,557297297297;186;255
vpja40;16;1192;1784;384,940540540541;78,5572972972974;592;255
vpja40;16;1826;1994;236,440540540541;105,157297297297;168;255
vpja40;16;2074;2220;-435,359459459459;180,857297297297;146;255255000
vpja40;16;2257;2424;-495,959459459459;185,157297297297;167;255255000
vpja40;16;2485;2615;-109,259459459459;101,857297297297;130;2,55e+08
vpja40;16;2678;3172;-495,359459459459;197,157297297297;494;255255000
vpja40;16;3257;3377;343,64054054054;173,857297297297;120;255
vpja40;16;3405;3556;408,740540540541;100,457297297297;151;255
vpja40;16;3575;4270;391,540540540541;80,8572972972974;695;255
vpja40;16;4302;4532;251,740540540541;97,3572972972974;230;255
vpja40;16;4558;5152;211,740540540541;141,857297297297;594;255
vpja40;16;5197;5442;422,14054054054;98,9572972972974;245;255
vpja40;16;5472;5637;454,940540540541;181,357297297297;165;255
vpja40;16;5650;5783;459,540540540541;205,357297297297;133;255
vpja40;16;5795;5847;443,34054054054;213,757297297297;52;255
vpja40;16;5890;6029;433,440540540541;119,057297297297;139;255
vpja40;16;6054;6309;427,540540540541;96,0572972972974;255;255
vpja40;16;6367;6516;87,9405405405406;32,6572972972973;149;2,55e+08
vpja40;16;6544;6679;9,9405405405405;10,0572972972974;135;2,55e+08
vpja40;16;6699;6839;9,34054054054047;-7,9427027027026;140;2,55e+08
vpja40;16;6902;7090;-503,05945945946;109,957297297297;188;0
vpja40;16;7120;7293;-511,359459459459;45,8572972972974;173;0
vpja40;16;7368;7512;109,14054054054;-233,742702702703;144;255000
vpja40;16;7534;7679;79,0405405405405;-210,742702702703;145;255000
vpja40;16;7696;7897;75,0405405405405;-236,042702702703;201;255000
vpja40;16;7966;8111;-461,65945945946;-16,6427027027026;145;0
vpja40;16;8138;8356;-384,05945945946;-34,2427027027027;218;0
vpja40;16;8365;8529;-395,759459459459;-35,1427027027026;164;0
vpja40;16;8556;8684;-404,459459459459;-96,5427027027026;128;0
vpja40;16;8715;8966;-320,65945945946;-24,3427027027027;251;0
vpja40;16;8987;9260;-361,05945945946;-42,1427027027026;273;0
vpja40;16;9291;9382;-403,15945945946;-109,942702702703;91;0
vpja40;16;9438;9570;-616,75945945946;123,757297297297;132;0
vpja40;16;9594;9713;-641,05945945946;158,857297297297;119;NA
vpja40;16;9753;9874;-531,659459459459;-0,042702702702627;121;0
vpja40;16;9910;10000;-441,359459459459;-77,9427027027027;90;0
vpja40;17;48;150;15,6999999999999;-507,3;102;NA
vpja40;17;208;345;-29,9000000000001;-164,1;137;2,55e+08
vpja40;17;393;540;-172,2;50,1;147;2,55e+08
vpja40;17;593;754;-356,5;238,1;161;0
vpja40;17;817;943;-142;-164,6;126;0
vpja40;17;960;1214;-118;-160,4;254;0
vpja40;17;1278;1432;-509,8;119,9;154;255
vpja40;17;1480;1659;-348,5;268,8;179;2,55e+08
vpja40;17;1713;1880;-248;79,2;167;2,55e+08
vpja40;17;1909;2046;-163,5;27,5;137;2,55e+08
vpja40;17;2087;2260;-43,6000000000001;52,9000000000001;173;255255000
vpja40;17;2288;2621;-17,9000000000001;130,9;333;0
vpja40;17;2681;2938;-333,6;246,8;257;2,55e+08
vpja40;17;2975;3074;-238,9;133,9;99;2,55e+08
vpja40;17;3104;3297;-201,3;69,4000000000001;193;2,55e+08
vpja40;17;3352;3503;-484,4;96,6;151;255
vpja40;17;3525;3746;-519,2;82,5;221;255
vpja40;17;3769;4173;-467,2;94,9000000000001;404;255
vpja40;17;4194;4368;-431;80,5;174;255
vpja40;17;4394;4672;-471,2;13,4000000000001;278;0
vpja40;17;4700;4879;-539,5;86,3000000000001;179;255
vpja40;17;4907;5171;-446,1;85;264;255
vpja40;17;5195;5778;-468,3;81,2;583;255
vpja40;17;5822;6177;-237,1;73,4000000000001;355;2,55e+08
vpja40;17;6225;6629;-29,1000000000001;81,3000000000001;404;255255000
vpja40;17;6652;6793;-48,4000000000001;36,4000000000001;141;255255000
vpja40;17;6810;7381;-35,1000000000001;71,8000000000001;571;255255000
vpja40;17;7412;7565;-30,9000000000001;-14,4;153;255255000
vpja40;17;7589;7748;-68,8000000000001;-13,0999999999999;159;255255000
vpja40;17;7778;8008;-29,0000000000001;87,2;230;255255000
vpja40;17;8039;8278;-63,6000000000001;-6,69999999999993;239;255255000
vpja40;17;8306;8575;-2,40000000000009;19,9000000000001;269;255255000
vpja40;17;8605;8919;-44,1000000000001;90,8000000000001;314;255255000
vpja40;17;8933;9329;-24,7;97,6;396;255255000
vpja40;17;9373;9426;137,5;60,2;53;0
vpja40;17;9489;9634;561,3;-86,4999999999999;145;0
vpja40;17;9657;9820;600,2;-94,6;163;0
vpja40;17;9868;9977;509,3;-343,8;109;0
vpja40;18;193;219;-14,8269961977186;41,2604562737644;26;0
vpja40;18;278;428;-174,026996197719;-213,139543726236;150;2,55e+08
vpja40;18;488;641;-158,226996197719;256,260456273764;153;0
vpja40;18;667;812;-228,826996197719;238,360456273764;145;0
vpja40;18;853;1058;-133,526996197719;335,360456273764;205;255
vpja40;18;1079;1276;-131,726996197719;305,060456273764;197;255
vpja40;18;1300;1490;-202,626996197719;253,860456273764;190;0
vpja40;18;1518;1866;-145,526996197719;311,660456273764;348;0
vpja40;18;1918;2124;-468,526996197719;315,060456273764;206;255255000
vpja40;18;2140;2537;-452,126996197719;304,760456273764;397;255255000
vpja40;18;2577;2739;-288,526996197719;203,660456273764;162;2,55e+08
vpja40;18;2807;2939;-239,026996197719;-262,339543726236;132;255000
vpja40;18;2955;3158;-225,226996197719;-242,039543726236;203;255000
vpja40;18;3170;3281;-238,426996197718;-229,839543726236;111;2,55e+08
vpja40;18;3351;3437;231,473003802281;-337,539543726236;86;0
vpja40;18;3463;3664;328,073003802282;-367,739543726236;201;0
vpja40;18;3694;3769;251,673003802281;-364,639543726236;75;0
vpja40;18;3820;3989;-129,126996197719;-219,239543726236;169;0
vpja40;18;4017;4279;-45,0269961977185;-233,739543726236;262;0
vpja40;18;4296;4554;-64,6269961977185;-227,139543726236;258;0
vpja40;18;4581;5479;-4,12699619771854;-272,939543726236;898;0
vpja40;18;5508;5674;-11,2269961977186;-192,239543726236;166;0
vpja40;18;5704;6008;4,47300380228148;-265,739543726236;304;0
vpja40;18;6079;6219;354,273003802282;-5,53954372623571;140;0
vpja40;18;6245;6400;308,873003802281;39,5604562737643;155;0
vpja40;18;6480;6597;-157,626996197719;-90,6395437262357;117;2,55e+08
vpja40;18;6655;6784;-432,226996197719;-117,039543726236;129;0
vpja40;18;6836;6945;-597,126996197719;25,8604562737644;109;0
vpja40;18;7001;7165;-310,026996197719;162,660456273764;164;2,55e+08
vpja40;18;7220;7251;-91,3269961977186;115,160456273764;31;2,55e+08
vpja40;18;7325;7429;-114,226996197719;-210,039543726236;104;0
vpja40;18;7460;7757;-220,226996197719;-268,139543726236;297;255000
vpja40;18;7816;7962;-131,126996197719;150,360456273764;146;2,55e+08
vpja40;18;7986;8134;-121,826996197719;178,660456273764;148;2,55e+08
vpja40;18;8141;8271;-129,126996197719;186,760456273764;130;2,55e+08
vpja40;18;8312;8698;-339,926996197718;189,160456273764;386;2,55e+08
vpja40;18;8735;8879;-479,726996197719;294,960456273764;144;255255000
vpja40;18;8937;9117;-145,526996197719;318,660456273764;180;0
vpja40;18;9137;9607;-142,026996197719;318,460456273764;470;255
vpja40;18;9627;9747;-148,726996197719;361,660456273764;120;0
vpja40;18;9797;10000;-449,326996197719;322,660456273764;203;255255000
vpja40;19;216;374;110,783561643836;-149,521917808219;158;255000
vpja40;19;430;670;154,483561643836;232,978082191781;240;255
vpja40;19;735;894;-453,516438356164;149,678082191781;159;255255000
vpja40;19;930;1066;-458,116438356164;-12,0219178082192;136;0
vpja40;19;1094;1225;-407,216438356164;-75,4219178082192;131;0
vpja40;19;1271;1459;-163,416438356164;-138,021917808219;188;0
vpja40;19;1503;1603;8,98356164383563;-236,721917808219;100;0
vpja40;19;1641;1764;99,7835616438357;-216,421917808219;123;255000
vpja40;19;1782;1885;128,583561643836;-205,421917808219;103;255000
vpja40;19;1943;2237;-149,316438356164;-353,421917808219;294;0
vpja40;19;2267;2406;-63,6164383561644;-307,821917808219;139;0
vpja40;19;2427;2502;-38,6164383561644;-286,021917808219;75;0
vpja40;19;2556;2686;204,583561643836;-258,821917808219;130;255000
vpja40;19;2713;2838;169,683561643836;-210,721917808219;125;255000
vpja40;19;2896;3025;319,583561643836;-346,021917808219;129;0
vpja40;19;3050;3194;347,483561643836;-390,421917808219;144;0
vpja40;19;3218;3417;343,783561643836;-422,021917808219;199;0
vpja40;19;3436;3579;371,883561643836;-426,621917808219;143;0
vpja40;19;3608;4146;347,483561643836;-337,221917808219;538;0
vpja40;19;4158;4470;365,883561643836;-336,821917808219;312;0
vpja40;19;4503;4785;355,683561643836;-425,021917808219;282;0
vpja40;19;4815;5406;354,283561643836;-338,721917808219;591;0
vpja40;19;5419;5720;330,883561643836;-335,221917808219;301;0
vpja40;19;5731;6291;348,583561643836;-333,421917808219;560;0
vpja40;19;6320;6676;342,383561643836;-423,521917808219;356;0
vpja40;19;6698;7108;318,783561643836;-387,721917808219;410;0
vpja40;19;7191;7315;277,883561643836;256,978082191781;124;255
vpja40;19;7349;7627;128,083561643836;221,178082191781;278;255
vpja40;19;7698;7981;-483,116438356164;190,378082191781;283;255255000
vpja40;19;8033;8250;-585,216438356164;369,478082191781;217;0
vpja40;19;8293;8434;-621,016438356164;465,878082191781;141;0
vpja40;19;8454;8680;-644,216438356164;466,578082191781;226;NA
vpja40;19;8716;8819;-535,116438356164;443,478082191781;103;0
vpja40;19;8899;9077;-89,2164383561643;-121,421917808219;178;0
vpja40;19;9106;9209;-143,616438356164;-205,521917808219;103;0
vpja40;19;9243;9482;-149,316438356164;-337,021917808219;239;0
vpja40;19;9512;9661;-251,716438356164;-300,121917808219;149;0
vpja40;19;9689;9869;-288,616438356164;-430,321917808219;180;0
vpja40;19;9902;10000;-184,716438356164;-327,521917808219;98;0
vpja40;20;181;251;129,6;-117,2;70;255000
vpja40;20;316;439;61,1;256;123;255
vpja40;20;499;700;-402,3;121,1;201;255255000
vpja40;20;723;824;-398,7;87;101;255255000
vpja40;20;865;960;-452,9;-99,2;95;0
vpja40;20;1007;1224;-381;92,6999999999999;217;255255000
vpja40;20;1237;1812;-392,8;88,4;575;255255000
vpja40;20;1838;2032;-342,6;44,1999999999999;194;0
vpja40;20;2059;2296;-377;87,9;237;255255000
vpja40;20;2303;2588;-386,3;89,8;285;255255000
vpja40;20;2610;2753;-376,6;59,5;143;255255000
vpja40;20;2778;2931;-335,9;29;153;0
vpja40;20;2998;3141;35,8;256,2;143;255
vpja40;20;3162;3474;56,1;242,5;312;255
vpja40;20;3508;3731;124,7;132,6;223;2,55e+08
vpja40;20;3762;3985;151,4;35,1999999999999;223;2,55e+08
vpja40;20;4026;4169;111;238,2;143;0
vpja40;20;4193;4280;69,1;240,8;87;255
vpja40;20;4319;4535;243,6;440,1;216;2,55e+08
vpja40;20;4593;4749;64,4;248,1;156;255
vpja40;20;4756;5236;59,6;241,8;480;255
vpja40;20;5290;5396;0,199999999999932;-81,6;106;2,55e+08
vpja40;20;5430;5528;21;-194,3;98;0
vpja40;20;5590;5702;393,3;-335;112;0
vpja40;20;5721;6341;426,9;-317,7;620;0
vpja40;20;6420;6549;575,2;237,9;129;0
vpja40;20;6593;6721;592,9;400,1;128;0
vpja40;20;6820;6897;-427,9;-11,4000000000001;77;0
vpja40;20;6935;7110;-567,8;-58,6;175;0
vpja40;20;7160;7261;-503;-247,6;101;0
vpja40;20;7286;7468;-435,4;-258,5;182;0
vpja40;20;7520;7683;-618,9;-118,3;163;0
vpja40;20;7708;7875;-572,9;-61,3000000000001;167;0
vpja40;20;7886;7975;-587,6;-60,4000000000001;89;0
vpja40;20;8022;8238;-432;-256;216;0
vpja40;20;8298;8504;-243,9;47,5;206;0
vpja40;20;8566;8799;-541,2;162,6;233;0
vpja40;20;8869;8965;-128,3;51,9;96;0
vpja40;20;9027;9139;142,3;-186,5;112;255000
vpja40;20;9164;9369;132,6;-148,4;205;255000
vpja40;20;9392;9619;125;-110,4;227;255000
vpja40;20;9699;9857;229;448,9;158;2,55e+08
vpja40;20;9884;9965;175,6;381,9;81;0
vpja40;21;206;298;-19,8614583333334;-116,030208333333;92;2,55e+08
vpja40;21;328;643;-49,1614583333335;-195,430208333333;315;255000
vpja40;21;718;985;483,538541666667;316,169791666667;267;255255000
vpja40;21;1045;1250;-56,5614583333335;41,2697916666667;205;2,55e+08
vpja40;21;1274;1464;-48,4614583333334;16,3697916666667;190;2,55e+08
vpja40;21;1530;1774;431,138541666666;287,969791666667;244;255255000
vpja40;21;1793;1936;427,538541666667;324,969791666667;143;255255000
vpja40;21;2008;2143;-365,661458333333;277,069791666667;135;255
vpja40;21;2167;2370;-412,361458333333;255,969791666667;203;255
vpja40;21;2393;2705;-394,661458333333;305,469791666667;312;255
vpja40;21;2730;3059;-403,161458333333;246,969791666667;329;255
vpja40;21;3083;3411;-377,861458333333;282,769791666667;328;255
vpja40;21;3431;3574;-397,261458333333;255,669791666667;143;255
vpja40;21;3633;3738;-473,461458333333;14,9697916666667;105;0
vpja40;21;3799;3936;-542,861458333333;-194,430208333333;137;0
vpja40;21;3997;4151;-167,861458333333;-198,930208333333;154;0
vpja40;21;4205;4439;-52,9614583333334;55,4697916666667;234;2,55e+08
vpja40;21;4478;4592;-49,4614583333334;125,769791666667;114;2,55e+08
vpja40;21;4652;4828;-372,561458333333;260,569791666667;176;255
vpja40;21;4850;5091;-400,561458333333;235,369791666667;241;255
vpja40;21;5115;5345;-364,761458333333;262,969791666667;230;255
vpja40;21;5363;5604;-382,661458333333;268,269791666667;241;255
vpja40;21;5624;5931;-358,961458333333;286,769791666667;307;255
vpja40;21;5956;6101;-384,361458333333;251,469791666667;145;255
vpja40;21;6368;6812;-387,661458333333;356,769791666667;444;255
vpja40;21;6871;7009;-128,361458333333;333,569791666667;138;0
vpja40;21;7057;7269;-368,261458333333;279,369791666667;212;255
vpja40;21;7306;7482;-254,861458333333;237,469791666667;176;0
vpja40;21;7512;8412;-354,461458333333;222,569791666667;900;255
vpja40;21;8425;9058;-361,661458333333;233,369791666667;633;255
vpja40;21;9189;9264;-135,361458333333;101,969791666667;75;2,55e+08
vpja40;21;9327;9553;-28,2614583333334;-188,830208333333;226;255000
vpja40;21;9632;9815;-338,761458333333;283,069791666667;183;255
vpja40;21;9838;10000;-371,761458333333;257,369791666667;162;255
vpja40;22;219;391;41,8;26,0999999999999;172;2,55e+08
vpja40;22;421;586;-48,4;121,9;165;255
vpja40;22;603;1019;-67,2;138,1;416;0
vpja40;22;1058;1172;27,4;19,8;114;2,55e+08
vpja40;22;1197;1491;50,4999999999999;-21;294;255000
vpja40;22;1570;1717;-557,5;208;147;0
vpja40;22;1743;1896;-566,4;165,6;153;0
vpja40;22;1970;2071;-20,1;-183,9;101;0
vpja40;22;2119;2223;85,6;-0,200000000000045;104;2,55e+08
vpja40;22;2246;2644;61,9;-28,2;398;255000
vpja40;22;2665;2881;73,3000000000001;-52,2;216;255000
vpja40;22;2895;3146;61,6999999999999;-36,9000000000001;251;255000
vpja40;22;3216;3407;409;-170,8;191;0
vpja40;22;3445;3547;323,2;-164,6;102;0
vpja40;22;3605;3792;327,7;171,3;187;255255000
vpja40;22;3815;3881;289;170,6;66;255255000
vpja40;22;3939;4085;78,1999999999999;-32,2;146;255000
vpja40;22;4111;4312;78,8000000000001;-57,5;201;255000
vpja40;22;4322;4534;93,6;-57,3000000000001;212;255000
vpja40;22;4549;4738;82,3000000000001;-44,4000000000001;189;255000
vpja40;22;4756;5016;87,1;-62,6;260;255000
vpja40;22;5032;5208;109,7;-64,5000000000001;176;0
vpja40;22;5226;5397;97,4;-49,2;171;255000
vpja40;22;5456;5631;336,2;150,2;175;0
vpja40;22;5687;5861;150,2;416,8;174;0
vpja40;22;5931;5978;-7,89999999999998;19,8;47;2,55e+08
vpja40;22;6040;6125;-117,4;-264,1;85;0
vpja40;22;6184;6302;107,5;-14,3000000000001;118;0
vpja40;22;6327;6631;96,4999999999999;-45,4000000000001;304;255000
vpja40;22;6647;6774;68,9999999999999;-60,7;127;255000
vpja40;22;6823;6981;14,3;-210,6;158;0
vpja40;22;7048;7179;309,1;132,4;131;0
vpja40;22;7201;7417;301,2;154,7;216;255255000
vpja40;22;7475;7502;317,2;-56,5;27;0
vpja40;22;7545;7864;326,2;-169,3;319;0
vpja40;22;7890;8163;405,2;-189;273;0
vpja40;22;8199;8353;280,9;-278,2;154;0
vpja40;22;8418;9127;302,2;151,7;709;255255000
vpja40;22;9184;9354;26,1;81,5999999999999;170;2,55e+08
vpja40;22;9390;9566;-37,3000000000001;80;176;255
vpja40;22;9620;9779;80,4999999999999;-58,8000000000001;159;255000
vpja40;22;9797;10000;88,6;-75,9;203;255000
vpja40;23;186;288;-47,3;-44,9;102;2,55e+08
vpja40;23;333;486;-100;-150;153;255000
vpja40;23;500;650;-131,9;-140,7;150;255000
vpja40;23;697;921;-306;157,6;224;0
vpja40;23;947;1074;-369,2;150,9;127;0
vpja40;23;1106;1244;-280;145,6;138;0
vpja40;23;1296;1572;38,5999999999999;125,4;276;0
vpja40;23;1585;1680;21,5999999999999;135,6;95;0
vpja40;23;1728;1924;-303,4;136,9;196;0
vpja40;23;1933;2256;-314,6;150,8;323;0
vpja40;23;2269;2563;-296,3;143,2;294;0
vpja40;23;2583;2830;-322,9;150,4;247;0
vpja40;23;2852;3072;-359,7;143,5;220;0
vpja40;23;3126;3237;-160,1;-104,3;111;2,55e+08
vpja40;23;3257;3413;-142,1;-128,2;156;2,55e+08
vpja40;23;3429;3726;-143;-146,8;297;255000
vpja40;23;3744;3935;-151,9;-120,2;191;2,55e+08
vpja40;23;3955;4227;-152,1;-152,8;272;0
vpja40;23;4248;4631;-108,6;-150,1;383;255000
vpja40;23;4649;4837;-132,5;-153,6;188;255000
vpja40;23;4860;4962;-124,5;-100,4;102;2,55e+08
vpja40;23;4994;5249;-95,8;18,1;255;2,55e+08
vpja40;23;5280;5617;-21;61,3;337;0
vpja40;23;5630;5761;-28,8;78,7;131;0
vpja40;23;5801;6030;-232,7;55,8;229;0
vpja40;23;6044;6191;-248,4;69,6;147;0
vpja40;23;6247;6403;72,0999999999999;150,8;156;0
vpja40;23;6420;6500;49,4000000000001;149,4;80;0
vpja40;23;6556;6764;273,8;3,20000000000005;208;0
vpja40;23;6786;6939;304,7;-20;153;0
vpja40;23;6992;7157;54,2;134,5;165;0
vpja40;23;7169;7346;38,3;145,3;177;0
vpja40;23;7427;7640;532,9;-131,1;213;0
vpja40;23;7661;7832;559,5;-167;171;0
vpja40;23;7851;7905;566,4;-199,9;54;0
vpja40;23;7979;8221;-134,8;-150;242;255000
vpja40;23;8278;8440;72;116,9;162;0
vpja40;23;8463;8722;45,2;135,5;259;0
vpja40;23;8789;9008;473,5;437,2;219;0
vpja40;23;9037;9220;565,2;434,2;183;0
vpja40;23;9230;9432;555,4;446,6;202;0
vpja40;23;9514;9627;48,7;117,2;113;0
vpja40;23;9690;9839;-114,3;-148,9;149;255000
vpja40;23;9855;10000;-144,1;-139,6;145;0
vpja40;24;0;153;-2,93724779354568;55,3124840800942;153;0
vpja40;24;201;281;-65,1372477935456;-147,887515919906;80;2,55e+08
vpja40;24;308;463;-99,9372477935457;-184,587515919906;155;255000
vpja40;24;475;601;-119,937247793546;-158,887515919906;126;255000
vpja40;24;612;828;-117,837247793546;-141,087515919906;216;2,55e+08
vpja40;24;851;936;-91,6372477935456;-195,087515919906;85;255000
vpja40;24;1002;1136;-175,137247793546;279,912484080094;134;0
vpja40;24;1156;1338;-143,037247793546;293,112484080094;182;0
vpja40;24;1375;1474;-55,8372477935457;164,712484080094;99;2,55e+08
vpja40;24;1521;1824;229,762752206454;210,212484080094;303;0
vpja40;24;1868;2029;-29,1372477935456;186,512484080094;161;2,55e+08
vpja40;24;2062;2226;-154,937247793546;288,712484080094;164;0
vpja40;24;2260;2488;-56,3372477935457;189,012484080094;228;2,55e+08
vpja40;24;2506;2671;-29,8372477935457;179,412484080094;165;2,55e+08
vpja40;24;2692;2857;-47,2372477935456;219,012484080094;165;0
vpja40;24;2880;3026;-36,3372477935457;181,812484080094;146;2,55e+08
vpja40;24;3050;3198;-89,2372477935456;186,512484080094;148;2,55e+08
vpja40;24;3223;3557;-37,9372477935457;218,612484080094;334;0
vpja40;24;3588;3795;-103,037247793546;187,712484080094;207;0
vpja40;24;3855;3993;-452,337247793546;145,512484080094;138;0
vpja40;24;4019;4150;-504,637247793546;171,712484080094;131;0
vpja40;24;4197;4288;-542,137247793546;-98,7875159199058;91;0
vpja40;24;4323;4468;-505,637247793546;-241,287515919906;145;0
vpja40;24;4493;4653;-456,637247793546;-285,287515919906;160;0
vpja40;24;4711;4853;-75,4372477935457;-350,687515919906;142;255000
vpja40;24;4890;5124;95,2627522064544;-307,387515919906;234;0
vpja40;24;5170;5264;146,462752206454;-183,087515919906;94;0
vpja40;24;5352;5519;-393,537247793546;437,312484080094;167;0
vpja40;24;5575;5730;-149,437247793546;254,812484080094;155;255
vpja40;24;5759;5945;-51,7372477935456;196,312484080094;186;2,55e+08
vpja40;24;5995;6253;237,362752206454;213,712484080094;258;0
vpja40;24;6301;6542;263,962752206454;66,8124840800942;241;0
vpja40;24;6571;6885;165,962752206454;113,812484080094;314;0
vpja40;24;6928;7134;-56,4372477935457;126,412484080094;206;2,55e+08
vpja40;24;7158;7376;-38,0372477935456;194,512484080094;218;2,55e+08
vpja40;24;7411;7543;-20,2372477935456;64,1124840800942;132;2,55e+08
vpja40;24;7570;7762;53,1627522064545;49,8124840800942;192;2,55e+08
vpja40;24;7805;8068;219,762752206454;207,712484080094;263;0
vpja40;24;8080;8180;235,362752206454;216,012484080094;100;0
vpja40;24;8233;8450;-26,9372477935457;178,312484080094;217;2,55e+08
vpja40;24;8463;8626;-30,5372477935456;195,312484080094;163;2,55e+08
vpja40;24;8638;8785;-16,3372477935457;199,612484080094;147;0
vpja40;24;8831;8980;-161,937247793546;286,512484080094;149;0
vpja40;24;8992;9184;-146,337247793546;300,512484080094;192;0
vpja40;24;9220;9476;-74,3372477935457;189,912484080094;256;2,55e+08
vpja40;24;9497;9647;-38,8372477935457;193,012484080094;150;2,55e+08
vpja40;24;9693;9893;211,562752206454;197,512484080094;200;0
vpja40;24;9909;10000;236,462752206454;216,812484080094;91;0
vpja40;25;247;331;122,8;-64;84;2,55e+08
vpja40;25;357;566;138,1;-103,6;209;2,55e+08
vpja40;25;580;836;153;-115,3;256;255000
vpja40;25;848;1145;137,4;-99,5;297;2,55e+08
vpja40;25;1170;1219;151,8;-147,7;49;255000
vpja40;25;1288;1378;-129,1;208,7;90;255
vpja40;25;1452;1611;-267,2;-168,9;159;0
vpja40;25;1675;1855;-142,9;269,3;180;255
vpja40;25;1871;2045;-132,8;294,7;174;255
vpja40;25;2062;2355;-152,9;310,4;293;255
vpja40;25;2371;2450;-168,6;300,9;79;255
vpja40;25;2474;2766;-206,8;286,3;292;255
vpja40;25;2839;2979;343,9;379,4;140;255255000
vpja40;25;3016;3160;251,7;412,9;144;255255000
vpja40;25;3204;3499;443,1;354,6;295;255255000
vpja40;25;3549;3756;411,8;187,2;207;255255000
vpja40;25;3826;3957;-43,5;159;131;0
vpja40;25;3997;4145;-77,6999999999999;249;148;255
vpja40;25;4203;4327;9,90000000000009;-18,7;124;0
vpja40;25;4367;4501;34,4000000000001;-131;134;0
vpja40;25;4540;4683;-75,5;-278,1;143;0
vpja40;25;4713;4877;-123,4;-351,4;164;0
vpja40;25;4913;5104;22,9000000000001;-358,4;191;0
vpja40;25;5120;5277;36,4000000000001;-371,1;157;0
vpja40;25;5332;5524;-209,9;-279,7;192;0
vpja40;25;5547;5688;-187,8;-235,6;141;0
vpja40;25;5730;5862;-259,8;-157,2;132;0
vpja40;25;5911;6010;-421,8;-167,7;99;0
vpja40;25;6105;6222;373,8;-141,1;117;0
vpja40;25;6269;6473;431,3;-235,6;204;0
vpja40;25;6502;6660;514,9;-203,7;158;0
vpja40;25;6685;6990;552,3;-143,2;305;0
vpja40;25;7018;7325;545,2;-221,6;307;0
vpja40;25;7344;7533;522,9;-189,9;189;0
vpja40;25;7561;7607;527,1;-112,8;46;0
vpja40;25;7662;8034;420,8;165,4;372;0
vpja40;25;8083;8240;567,2;405,1;157;0
vpja40;25;8299;8409;231,9;425,1;110;0
vpja40;25;8474;8637;-156,7;314,7;163;255
vpja40;25;8663;8866;-118,4;275,3;203;255
vpja40;25;8889;9213;-158,4;295,3;324;255
vpja40;25;9234;9461;-116,8;304,2;227;255
vpja40;25;9473;9664;-97,5;307,7;191;255
vpja40;25;9686;9847;-64,6999999999999;316,7;161;0
vpja40;25;9859;10000;-44,6999999999999;311,7;141;0
vpja40;26;292;378;-267,5;100,5;86;0
vpja40;26;405;490;-355,5;145,7;85;255255000
vpja40;26;553;663;-38,9;-216,4;110;2,55e+08
vpja40;26;686;970;-27,3;-261,4;284;255000
vpja40;26;1044;1391;564,7;38,1;347;0
vpja40;26;1405;1585;538,9;33,1;180;0
vpja40;26;1601;2187;540,7;14,3;586;0
vpja40;26;2242;2391;263,3;74,1;149;255
vpja40;26;2469;2626;-350;137,1;157;255255000
vpja40;26;2638;2839;-377;131,4;201;0
vpja40;26;2854;3144;-376,7;159,2;290;0
vpja40;26;3193;3423;-633;97,9;230;0
vpja40;26;3447;3949;-591,8;74,7;502;0
vpja40;26;3976;4350;-621,6;85,1;374;0
vpja40;26;4377;5021;-577,2;64,8;644;0
vpja40;26;5029;5133;-577,6;56,7;104;0
vpja40;26;5159;5472;-618,1;66,6;313;0
vpja40;26;5540;5605;-187,9;318,9;65;0
vpja40;26;5656;5739;-384;190;83;0
vpja40;26;5772;5918;-357,3;155,6;146;255255000
vpja40;26;5937;6306;-377,5;140,7;369;0
vpja40;26;6342;6613;-521;120,9;271;0
vpja40;26;6633;6743;-514,6;85,9;110;0
vpja40;26;6821;6927;175,2;120,8;106;0
vpja40;26;6953;7081;237;120,8;128;255
vpja40;26;7148;7393;-398,8;145,3;245;0
vpja40;26;7467;7590;-92,8;445,6;123;2,55e+08
vpja40;26;7621;7810;80,9;477,7;189;0
vpja40;26;7851;8065;-135,1;469,1;214;0
vpja40;26;8282;8323;-409,5;384,7;41;0
vpja40;26;8375;8480;-518,1;512,9;105;NA
vpja40;26;8552;8655;-243,6;222,3;103;0
vpja40;26;8698;8932;-82,6;105;234;0
vpja40;26;8968;9097;-14,1;125,5;129;0
vpja40;26;9124;9346;108,2;58,6;222;0
vpja40;26;9379;9641;247,8;110,7;262;255
vpja40;26;9683;9854;458;150,3;171;0
vpja40;26;9898;10000;613,6;84,3;102;0
