vp;trial;timest;timeend;x;y;duration;roi
vpja57;1;345;902;73,1;-200,2;557;255000
vpja57;1;913;1778;77,8000000000001;-211,9;865;255000
vpja57;1;1834;2124;-288,5;42,0999999999999;290;0
vpja57;1;2160;2416;-303,2;168,6;256;255255000
vpja57;1;2436;2721;-259,4;174,2;285;255255000
vpja57;1;2728;3129;-247,5;183,6;401;255255000
vpja57;1;3193;3469;273,7;120,6;276;255
vpja57;1;3477;3689;267;150;212;255
vpja57;1;3766;3891;120,2;-152,1;125;2,55e+08
vpja57;1;3919;4128;104,8;-216,2;209;255000
vpja57;1;4146;4323;74,7;-215,4;177;255000
vpja57;1;4367;4768;-152,5;-254,7;401;0
vpja57;1;4819;5188;-431,1;-267;369;0
vpja57;1;5207;5378;-389,1;-327,4;171;0
vpja57;1;5461;5974;393,4;-253,6;513;0
vpja57;1;5989;6451;347,3;-245,9;462;0
vpja57;1;6494;6708;909,6;-23,8000000000001;214;NA
vpja57;1;6757;7240;284,3;89,4;483;0
vpja57;1;7265;7597;248,8;120,3;332;255
vpja57;1;7607;8467;252,7;138,9;860;255
vpja57;1;8476;8853;245,1;119,8;377;255
vpja57;1;8934;9201;-328,7;125,4;267;0
vpja57;1;9224;9491;-263;162,3;267;255255000
vpja57;1;9551;9842;-568,6;9,39999999999998;291;0
vpja57;1;9868;10000;-576,6;-52,1;132;0
vpja57;2;283;384;-86,0644663054562;-120,828348222571;101;2,55e+08
vpja57;2;410;1794;-127,064466305456;-131,228348222571;1384;2,55e+08
vpja57;2;1860;2148;46,6355336945438;-340,628348222571;288;0
vpja57;2;2202;2354;13,6355336945438;-92,4283482225706;152;0
vpja57;2;2379;2503;32,5355336945438;-21,5283482225706;124;0
vpja57;2;2556;2830;-356,864466305456;89,2716517774294;274;0
vpja57;2;2841;3083;-363,364466305456;89,0716517774295;242;0
vpja57;2;3115;3376;-390,664466305456;209,771651777429;261;0
vpja57;2;3413;3664;-374,364466305456;352,971651777429;251;255255000
vpja57;2;3741;3871;-124,364466305456;-133,528348222571;130;2,55e+08
vpja57;2;3894;4123;-136,264466305456;-147,428348222571;229;255000
vpja57;2;4189;4490;426,535533694544;-26,3283482225706;301;255
vpja57;2;4518;4847;340,935533694544;-2,02834822257057;329;255
vpja57;2;4870;5153;299,835533694544;32,7716517774294;283;255
vpja57;2;5231;5549;382,735533694544;108,771651777429;318;0
vpja57;2;5583;5813;260,135533694544;54,6716517774294;230;0
vpja57;2;5849;6086;332,935533694544;208,471651777429;237;0
vpja57;2;6102;6526;297,935533694544;227,571651777429;424;0
vpja57;2;6580;6759;98,6355336945437;-16,3283482225706;179;0
vpja57;2;6787;6920;15,8355336945438;-31,4283482225705;133;0
vpja57;2;6968;7221;-150,764466305456;-155,128348222571;253;255000
vpja57;2;7231;7630;-155,664466305456;-150,428348222571;399;255000
vpja57;2;7640;8339;-141,664466305456;-156,528348222571;699;255000
vpja57;2;8379;8707;-298,364466305456;-188,828348222571;328;0
vpja57;2;8724;8951;-324,664466305456;-172,528348222571;227;0
vpja57;2;9014;9269;67,8355336945438;-372,028348222571;255;0
vpja57;2;9292;9532;11,7355336945438;-339,428348222571;240;0
vpja57;2;9545;9708;-12,8644663054562;-333,428348222571;163;0
vpja57;2;9769;9914;406,735533694544;-418,128348222571;145;0
vpja57;2;9932;10000;435,535533694544;-404,828348222571;68;0
vpja57;3;206;378;-8;-222,7;172;255000
vpja57;3;401;680;-20,4000000000001;-249;279;255000
vpja57;3;687;967;-6,60000000000002;-248,6;280;255000
vpja57;3;983;1262;-28,4000000000001;-210,5;279;255000
vpja57;3;1352;1708;121,7;60,1;356;2,55e+08
vpja57;3;1733;1910;59,8;92,4;177;255255000
vpja57;3;1992;2252;316,3;229,1;260;0
vpja57;3;2288;2462;192,7;327,5;174;2,55e+08
vpja57;3;2508;2752;-0,400000000000091;217,6;244;255255000
vpja57;3;2815;3495;-466;291,8;680;255
vpja57;3;3574;3778;72;296,1;204;255255000
vpja57;3;3794;4068;30;308;274;255255000
vpja57;3;4078;4390;16,5999999999999;308,9;312;255255000
vpja57;3;4507;4824;-140,5;-215,5;317;0
vpja57;3;4865;5346;7,59999999999991;-254,4;481;255000
vpja57;3;5366;5792;-41,2;-238,2;426;255000
vpja57;3;5805;5975;-49;-269,1;170;255000
vpja57;3;5991;6122;-79,3000000000001;-271,3;131;255000
vpja57;3;6167;6514;-378,1;-211,3;347;0
vpja57;3;6546;6901;-459,3;-139,4;355;0
vpja57;3;6970;7241;-485,8;320,5;271;255
vpja57;3;7255;7657;-469,5;274;402;255
vpja57;3;7680;7848;-430,6;299,5;168;255
vpja57;3;7906;8200;76,5999999999999;208,8;294;255255000
vpja57;3;8228;8676;18;303,2;448;255255000
vpja57;3;8699;9344;61,5;300,7;645;255255000
vpja57;3;9367;9539;7,09999999999991;314,6;172;255255000
vpja57;3;9646;9843;2,79999999999995;-164,9;197;2,55e+08
vpja57;3;9879;9999;-14,3000000000001;-241,6;120;255000
vpja57;4;53;258;-8,59999999999991;-4,10000000000002;205;0
vpja57;4;283;1337;64,3000000000001;-38,8;1054;255000
vpja57;4;1399;1748;-397,4;-264,4;349;0
vpja57;4;1789;2014;-534,3;-159,1;225;0
vpja57;4;2067;2232;-299,9;-264,1;165;0
vpja57;4;2273;2543;-124,4;-332,2;270;0
vpja57;4;2594;2819;145,3;-314,9;225;0
vpja57;4;2863;3015;390,6;-284,7;152;0
vpja57;4;3042;3282;402,8;-206,2;240;0
vpja57;4;3308;3581;317,4;-189,7;273;0
vpja57;4;3590;3824;314,7;-198,5;234;0
vpja57;4;3857;4120;425,7;-216,3;263;0
vpja57;4;4190;4376;297,4;85,7;186;0
vpja57;4;4396;4963;267,3;115,5;567;0
vpja57;4;5016;5211;35,2;-94,9;195;255000
vpja57;4;5222;5749;59,2;-73,1;527;255000
vpja57;4;5790;6555;-48,0999999999999;77,6;765;255255000
vpja57;4;6588;6954;4,40000000000009;125;366;255255000
vpja57;4;7008;7319;48,3000000000001;-43,1999999999999;311;255000
vpja57;4;7345;7619;67,4000000000001;19,5;274;0
vpja57;4;7703;7950;309;74,6;247;0
vpja57;4;7968;8300;271,3;97,5;332;0
vpja57;4;8363;8384;313,5;240,7;21;0
vpja57;4;8406;8971;263;92,8000000000001;565;0
vpja57;4;9052;9520;40,6;-88,6;468;255000
vpja57;4;9542;10000;-0,899999999999977;-72,5;458;255000
vpja57;5;116;189;5,74482758620684;-10,8931034482758;73;2,55e+08
vpja57;5;237;499;-34,8551724137932;-175,493103448276;262;255000
vpja57;5;509;725;-34,1551724137931;-166,793103448276;216;2,55e+08
vpja57;5;736;1350;-26,8551724137932;-171,493103448276;614;2,55e+08
vpja57;5;1359;1546;-36,8551724137932;-179,893103448276;187;255000
vpja57;5;1662;1882;-396,555172413793;207,906896551724;220;255
vpja57;5;1906;2203;-437,255172413793;217,506896551724;297;255
vpja57;5;2218;2423;-454,355172413793;216,806896551724;205;255
vpja57;5;2444;2469;-450,955172413793;219,806896551724;25;255
vpja57;5;2486;3052;-416,455172413793;209,006896551724;566;255
vpja57;5;3131;3479;327,144827586207;148,006896551724;348;255255000
vpja57;5;3503;3780;377,644827586207;185,906896551724;277;255255000
vpja57;5;3800;4243;417,944827586207;192,606896551724;443;255255000
vpja57;5;4282;5097;373,544827586207;97,3068965517242;815;255255000
vpja57;5;5134;5277;246,844827586207;170,806896551724;143;255255000
vpja57;5;5340;5452;9,04482758620691;-174,593103448276;112;2,55e+08
vpja57;5;5480;5660;-27,2551724137932;-199,593103448276;180;255000
vpja57;5;5672;6011;-44,9551724137931;-176,793103448276;339;255000
vpja57;5;6018;6209;-31,7551724137932;-179,293103448276;191;255000
vpja57;5;6262;6518;-467,255172413793;-38,8931034482758;256;0
vpja57;5;6542;6743;-476,855172413793;22,3068965517242;201;0
vpja57;5;6782;7211;-363,555172413793;-55,3931034482758;429;0
vpja57;5;7231;7414;-364,355172413793;-23,8931034482758;183;0
vpja57;5;7478;8009;-397,255172413793;-305,693103448276;531;0
vpja57;5;8039;8237;-293,155172413793;-307,393103448276;198;0
vpja57;5;8351;8548;500,444827586207;-228,793103448276;197;0
vpja57;5;8574;8702;556,844827586207;-157,993103448276;128;0
vpja57;5;8722;8746;576,244827586207;-155,493103448276;24;0
vpja57;5;8766;8816;601,244827586207;-151,093103448276;50;0
vpja57;5;8835;8867;604,844827586207;-151,193103448276;32;0
vpja57;5;8886;8920;587,844827586207;-152,093103448276;34;0
vpja57;5;8953;9033;738,744827586207;-131,593103448276;80;NA
vpja57;5;9051;9113;759,744827586207;-128,593103448276;62;NA
vpja57;5;9188;9567;320,544827586207;78,7068965517242;379;255255000
vpja57;5;9588;9896;281,444827586207;92,6068965517242;308;255255000
vpja57;5;9939;9999;282,944827586207;73,5068965517241;60;255255000
vpja57;6;160;250;1,09576719576717;16,7777777777777;90;2,55e+08
vpja57;6;301;1241;28,3957671957672;-210,522222222222;940;255000
vpja57;6;1263;1617;60,5957671957672;-246,522222222222;354;255000
vpja57;6;1675;1852;250,695767195767;81,3777777777777;177;0
vpja57;6;1870;2158;231,095767195767;128,077777777778;288;0
vpja57;6;2176;2582;280,095767195767;136,977777777778;406;0
vpja57;6;2604;2758;229,695767195767;135,877777777778;154;0
vpja57;6;2825;2987;-315,904232804233;143,077777777778;162;255255000
vpja57;6;3001;3243;-320,204232804233;138,477777777778;242;255255000
vpja57;6;3252;3545;-328,604232804233;147,177777777778;293;255255000
vpja57;6;3560;4240;-330,604232804233;138,977777777778;680;255255000
vpja57;6;4289;4487;-90,4042328042328;81,0777777777777;198;0
vpja57;6;4530;4705;4,09576719576717;-27,2222222222223;175;2,55e+08
vpja57;6;4752;4947;50,0957671957672;-240,522222222222;195;255000
vpja57;6;4958;5340;44,4957671957673;-249,522222222222;382;255000
vpja57;6;5356;5611;47,4957671957673;-210,222222222222;255;255000
vpja57;6;5650;5963;-52,8042328042328;-309,622222222222;313;255000
vpja57;6;5996;6201;63,2957671957672;-240,922222222222;205;255000
vpja57;6;6211;6646;63,6957671957672;-225,222222222222;435;255000
vpja57;6;6691;6885;-31,3042328042328;-331,822222222222;194;255000
vpja57;6;6905;7090;-84,3042328042328;-322,022222222222;185;0
vpja57;6;7128;7365;-8,60423280423277;-400,922222222222;237;0
vpja57;6;7383;7736;-44,5042328042327;-372,622222222222;353;0
vpja57;6;7780;7983;243,695767195767;-358,722222222222;203;0
vpja57;6;7998;8200;205,595767195767;-340,322222222222;202;0
vpja57;6;8244;8360;312,695767195767;-377,222222222222;116;0
vpja57;6;8372;8690;318,495767195767;-398,522222222222;318;0
vpja57;6;8787;8945;180,995767195767;82,9777777777778;158;0
vpja57;6;8971;9558;249,495767195767;128,077777777778;587;0
vpja57;6;9572;9779;217,495767195767;134,077777777778;207;0
vpja57;6;9848;10000;-360,604232804233;135,777777777778;152;255255000
vpja57;7;233;392;-46,4;-49,9;159;2,55e+08
vpja57;7;400;1640;-51,5999999999999;-47,6;1240;2,55e+08
vpja57;7;1696;1963;-451,2;178,9;267;255
vpja57;7;1987;2061;-383,7;144,8;74;255
vpja57;7;2086;2349;-383,5;145,6;263;255
vpja57;7;2388;2605;-491,3;174,4;217;255
vpja57;7;2615;2850;-496,1;178,7;235;255
vpja57;7;2885;3070;-353,2;147,9;185;255
vpja57;7;3144;3269;-418,7;-298,9;125;0
vpja57;7;3297;3546;-420,4;-367,1;249;0
vpja57;7;3571;3719;-346,3;-350,1;148;0
vpja57;7;3767;4078;-35,1999999999999;-326,1;311;0
vpja57;7;4097;4308;-65,5999999999999;-291,1;211;0
vpja57;7;4359;4641;-165,6;-63,1999999999999;282;0
vpja57;7;4699;4947;-77,0999999999999;-287,1;248;0
vpja57;7;4960;5135;-50,0999999999999;-288,2;175;0
vpja57;7;5193;5346;339,1;-31,3;153;0
vpja57;7;5372;5650;317,1;50,4000000000001;278;0
vpja57;7;5677;5957;383,7;99,5;280;0
vpja57;7;5986;6159;292,1;152;173;0
vpja57;7;6222;6242;276,3;216,9;20;0
vpja57;7;6252;6434;238,1;151,4;182;0
vpja57;7;6465;6856;137,7;165,5;391;0
vpja57;7;6878;7222;202,8;158,4;344;0
vpja57;7;7246;7985;139,6;159,7;739;0
vpja57;7;8021;8262;35;80,9000000000001;241;0
vpja57;7;8304;8711;-124,6;95,7;407;2,55e+08
vpja57;7;8726;8950;-138,3;103,5;224;2,55e+08
vpja57;7;9000;10000;-419,9;139,1;1000;255
vpja57;8;271;420;-74,1;-167,2;149;2,55e+08
vpja57;8;434;1104;-92,9000000000001;-152,3;670;2,55e+08
vpja57;8;1111;1220;-92,3000000000001;-157,8;109;2,55e+08
vpja57;8;1272;1513;-432,5;-23,6999999999999;241;255
vpja57;8;1539;1869;-435;37,5;330;255
vpja57;8;1906;2113;-432,4;148,3;207;0
vpja57;8;2169;2346;11,5;115,7;177;255255000
vpja57;8;2369;2657;-28,2;93,6;288;255255000
vpja57;8;2683;3368;63,0999999999999;84,5;685;255255000
vpja57;8;3396;4140;-34,7;91,6;744;255255000
vpja57;8;4172;4575;51,5;87,1;403;255255000
vpja57;8;4862;4887;-413,6;240,9;25;0
vpja57;8;4911;5005;-389,4;91,3000000000001;94;0
vpja57;8;5034;5310;-441,8;57,1;276;255
vpja57;8;5331;5531;-468;76,7;200;0
vpja57;8;5572;6033;-451,7;-52,6;461;255
vpja57;8;6069;6384;-452,2;84,3000000000001;315;0
vpja57;8;6417;6636;-452,2;152,7;219;0
vpja57;8;6709;6915;-52;-212,6;206;2,55e+08
vpja57;8;6937;7196;-91,6;-179,2;259;0
vpja57;8;7207;7472;-102,1;-168,8;265;2,55e+08
vpja57;8;7522;7714;-24,7;53,6;192;255255000
vpja57;8;7730;7958;-42,2;79,3000000000001;228;255255000
vpja57;8;7986;8692;52,3;65,5;706;255255000
vpja57;8;8748;9044;294,5;-51,4;296;0
vpja57;8;9071;9347;369,1;-46,8;276;0
vpja57;8;9415;9569;922,6;-33;154;NA
vpja57;8;9580;9789;908;-53,5;209;NA
vpja57;8;9848;9999;415,1;-344,9;151;0
vpja57;9;201;351;3,79999999999995;-223,8;150;255000
vpja57;9;361;1055;9,39999999999998;-236,6;694;255000
vpja57;9;1075;1333;-0,700000000000045;-211,3;258;2,55e+08
vpja57;9;1398;1604;399,6;-15;206;0
vpja57;9;1630;1858;528,2;-31;228;0
vpja57;9;1876;1964;575,1;-8,10000000000002;88;0
vpja57;9;2019;2506;224,2;86,5;487;255255000
vpja57;9;2572;2777;-311,5;122,2;205;255
vpja57;9;2794;3124;-331,2;128,3;330;255
vpja57;9;3134;3463;-338,4;130,6;329;255
vpja57;9;3531;3967;-353,1;-252,5;436;0
vpja57;9;4001;4276;-449,8;-217,5;275;0
vpja57;9;4314;4526;-312,7;-244,9;212;0
vpja57;9;4576;5285;11,8;-262,1;709;255000
vpja57;9;5294;6091;6,79999999999995;-261,1;797;255000
vpja57;9;6199;7266;-323,1;131,5;1067;255
vpja57;9;7345;7661;309,4;46,1999999999999;316;0
vpja57;9;7682;7956;276,4;79,9;274;255255000
vpja57;9;7979;8199;321,7;66,1999999999999;220;0
vpja57;9;8247;8530;453;-34,9000000000001;283;0
vpja57;9;8581;8769;516,9;-106,2;188;0
vpja57;9;8811;9683;464,8;-223,4;872;0
vpja57;9;9744;10000;-26,7;-253;256;255000
vpja57;10;243;389;-290,8;-157,3;146;255000
vpja57;10;417;651;-296;-187,8;234;255000
vpja57;10;669;878;-292,8;-220;209;255000
vpja57;10;888;1101;-272,9;-220,3;213;255000
vpja57;10;1124;1309;-293,2;-180,4;185;255000
vpja57;10;1402;1508;251,6;78,5;106;0
vpja57;10;1534;1796;202,4;145,9;262;255
vpja57;10;1813;1895;171,6;152;82;255
vpja57;10;1909;2224;170,9;157,3;315;255
vpja57;10;2238;2430;182,7;191;192;255
vpja57;10;2483;2605;-109,6;302,1;122;0
vpja57;10;2657;2966;224,5;157,1;309;255
vpja57;10;2976;3212;204,1;167,8;236;255
vpja57;10;3297;3482;-371,2;355,6;185;255255000
vpja57;10;3497;3909;-374,6;363,1;412;255255000
vpja57;10;3929;4220;-334,8;374,4;291;255255000
vpja57;10;4237;4420;-360,7;361,9;183;255255000
vpja57;10;4488;4641;-484,4;-50,4;153;2,55e+08
vpja57;10;4688;5032;-533;-210,3;344;0
vpja57;10;5084;5289;-482,2;-403,7;205;0
vpja57;10;5306;5549;-442,7;-402,5;243;255000
vpja57;10;5632;5803;383,2;-329;171;0
vpja57;10;5832;6124;430,3;-248,2;292;0
vpja57;10;6174;6466;310,3;-139,7;292;0
vpja57;10;6505;6710;415;-227,8;205;0
vpja57;10;6779;7076;188,9;136,7;297;255
vpja57;10;7086;7454;185,7;156,1;368;255
vpja57;10;7463;7931;179,3;140,1;468;255
vpja57;10;7946;8023;202,2;150,1;77;255
vpja57;10;8127;8148;-307,2;605,2;21;NA
vpja57;10;8215;8366;-320,3;440,3;151;255255000
vpja57;10;8392;8594;-375,5;366,3;202;255255000
vpja57;10;8674;8891;-346,9;-238,3;217;255000
vpja57;10;8912;9093;-305,1;-212;181;255000
vpja57;10;9110;9506;-280,7;-258,2;396;255000
vpja57;10;9529;9795;-311,8;-210,9;266;255000
vpja57;10;9808;10000;-302,4;-186,9;192;255000
vpja57;11;192;414;79,7082191780822;-232,931506849315;222;255000
vpja57;11;436;661;133,208219178082;-221,331506849315;225;255000
vpja57;11;685;1064;136,708219178082;-277,831506849315;379;255000
vpja57;11;1108;1265;69,0082191780823;-130,031506849315;157;2,55e+08
vpja57;11;1291;1516;39,4082191780823;-59,131506849315;225;2,55e+08
vpja57;11;1577;1877;-274,991780821918;-234,731506849315;300;0
vpja57;11;1898;2062;-226,291780821918;-223,131506849315;164;0
vpja57;11;2110;2289;-488,091780821918;-223,631506849315;179;0
vpja57;11;2491;2555;729,008219178082;838,068493150685;64;NA
vpja57;11;2675;2838;488,108219178082;407,568493150685;163;0
vpja57;11;2945;3269;113,808219178082;-23,631506849315;324;2,55e+08
vpja57;11;3305;3427;13,0082191780823;74,4684931506849;122;2,55e+08
vpja57;11;3486;3706;-461,991780821918;302,768493150685;220;255255000
vpja57;11;3725;4032;-417,091780821918;280,068493150685;307;0
vpja57;11;4054;4251;-434,791780821918;274,168493150685;197;0
vpja57;11;4287;4621;-534,291780821918;175,768493150685;334;0
vpja57;11;4661;5035;-411,991780821918;298,368493150685;374;0
vpja57;11;5055;5260;-444,891780821918;342,668493150685;205;0
vpja57;11;5353;5615;-446,291780821918;-219,131506849315;262;0
vpja57;11;5659;5966;-252,191780821918;-238,631506849315;307;0
vpja57;11;6015;6383;-486,491780821918;-218,831506849315;368;0
vpja57;11;6451;6708;159,508219178082;-274,231506849315;257;255000
vpja57;11;6726;7024;169,608219178082;-291,931506849315;298;255000
vpja57;11;7047;7544;125,208219178082;-246,231506849315;497;255000
vpja57;11;7609;7724;350,908219178082;-293,831506849315;115;0
vpja57;11;7772;8034;1005,20821917808;-323,031506849315;262;NA
vpja57;11;8073;8433;961,208219178082;-453,231506849315;360;NA
vpja57;11;8496;8880;372,408219178082;-57,331506849315;384;0
vpja57;11;8970;9329;-361,591780821918;-251,231506849315;359;0
vpja57;11;9378;9531;-193,291780821918;-227,031506849315;153;0
vpja57;11;9580;10000;171,608219178082;-267,931506849315;420;255000
vpja57;12;269;426;-312,4;-117,9;157;255000
vpja57;12;445;900;-339;-87,7;455;2,55e+08
vpja57;12;957;1155;-261,3;79,2;198;255
vpja57;12;1171;1375;-274,6;110,3;204;255
vpja57;12;1438;1637;-292,1;-127;199;0
vpja57;12;1659;2001;-327,6;-117;342;255000
vpja57;12;2049;2259;-130,2;-228,7;210;0
vpja57;12;2282;2511;-164,4;-246,5;229;0
vpja57;12;2522;2679;-141,6;-252,2;157;0
vpja57;12;2726;2951;131,8;-363,9;225;0
vpja57;12;2980;3257;150,9;-418,5;277;0
vpja57;12;3280;3422;104,5;-392,7;142;0
vpja57;12;3480;3708;503,4;-283,9;228;0
vpja57;12;3748;4009;440,7;-137,9;261;0
vpja57;12;4043;4195;948;-48,6999999999999;152;NA
vpja57;12;4265;4640;26,8000000000001;-16;375;255255000
vpja57;12;4667;5211;12,5;115,4;544;255255000
vpja57;12;5257;7025;-236;98,7;1768;255
vpja57;12;7073;7095;-326;-120,8;22;255000
vpja57;12;7149;7357;-332,9;-165;208;255000
vpja57;12;7369;7641;-332,3;-126,1;272;255000
vpja57;12;7650;8276;-308;-127,2;626;255000
vpja57;12;8299;8443;-340,8;-142;144;255000
vpja57;12;8497;8844;-430,5;-327,3;347;0
vpja57;12;8936;9134;-226,3;144,3;198;255
vpja57;12;9158;10000;-275,9;102,3;842;255
vpja57;13;27;188;8,20000000000005;18,2;161;0
vpja57;13;239;388;-185,8;-159,6;149;2,55e+08
vpja57;13;408;834;-228,5;-143,4;426;2,55e+08
vpja57;13;852;1227;-223,7;-206,5;375;255000
vpja57;13;1250;1707;-220,1;-156;457;255000
vpja57;13;1772;1963;-400,4;293,6;191;255
vpja57;13;1985;2387;-413,6;358;402;255
vpja57;13;2397;2525;-418,4;368,3;128;255
vpja57;13;2586;2835;-108,3;400,2;249;255255000
vpja57;13;2849;3170;-81,8;380,6;321;0
vpja57;13;3182;3240;-98;379,4;58;255255000
vpja57;13;3317;3357;-101,9;429,1;40;0
vpja57;13;3463;3927;-101,9;396,9;464;255255000
vpja57;13;3937;4164;-91,9;404,1;227;0
vpja57;13;4215;4445;-418;354,6;230;255
vpja57;13;4486;4781;-245,7;238,7;295;2,55e+08
vpja57;13;4831;5130;-197,9;48,6;299;2,55e+08
vpja57;13;5186;5406;-216,2;-214,7;220;255000
vpja57;13;5419;5940;-202,4;-157,5;521;255000
vpja57;13;5973;6218;-81,4;-180,4;245;0
vpja57;13;6242;6791;-16,8;-149,8;549;0
vpja57;13;6833;7155;236,6;-160,4;322;0
vpja57;13;7199;7489;348,8;-265,4;290;0
vpja57;13;7538;8113;-29,5;-149,6;575;0
vpja57;13;8157;8358;-215,4;-188,5;201;255000
vpja57;13;8374;8892;-218,8;-169,3;518;255000
vpja57;13;8908;9119;-188,9;-179,7;211;255000
vpja57;13;9141;9647;-228,5;-166,1;506;255000
vpja57;13;9722;9999;-431,6;307,1;277;255
vpja57;14;60;219;-0,223148148148198;-31,749074074074;159;2,55e+08
vpja57;14;272;506;-64,7231481481482;-236,649074074074;234;255000
vpja57;14;525;745;-26,1231481481482;-214,049074074074;220;255000
vpja57;14;763;1107;-45,9231481481481;-182,249074074074;344;2,55e+08
vpja57;14;1396;1440;159,076851851852;236,850925925926;44;0
vpja57;14;1451;1745;173,076851851852;139,450925925926;294;255
vpja57;14;1796;2108;-188,523148148148;216,350925925926;312;0
vpja57;14;2122;2381;-150,723148148148;235,550925925926;259;0
vpja57;14;2437;2694;201,776851851852;108,750925925926;257;0
vpja57;14;2707;3303;163,976851851852;125,450925925926;596;255
vpja57;14;3354;3676;-196,523148148148;207,450925925926;322;0
vpja57;14;3696;3829;-156,323148148148;229,950925925926;133;0
vpja57;14;3899;4118;-68,9231481481481;-246,049074074074;219;255000
vpja57;14;4136;4350;-36,7231481481482;-223,749074074074;214;255000
vpja57;14;4360;4683;-43,2231481481482;-205,349074074074;323;255000
vpja57;14;4722;4973;-141,223148148148;-40,349074074074;251;2,55e+08
vpja57;14;5035;5278;207,876851851852;113,150925925926;243;0
vpja57;14;5291;5495;179,976851851852;122,250925925926;204;0
vpja57;14;5552;5818;252,876851851852;-153,949074074074;266;0
vpja57;14;5863;6179;21,6768518518518;-160,049074074074;316;0
vpja57;14;6239;6415;-490,523148148148;-112,449074074074;176;0
vpja57;14;6464;7116;-538,723148148148;-280,349074074074;652;0
vpja57;14;7241;7510;-21,5231481481482;53,950925925926;269;2,55e+08
vpja57;14;7531;8758;-40,6231481481482;91,850925925926;1227;2,55e+08
vpja57;14;8952;9194;146,276851851852;112,750925925926;242;0
vpja57;14;9208;9973;165,176851851852;109,150925925926;765;0
vpja57;15;226;573;161,6;-74,4487364620938;347;2,55e+08
vpja57;15;586;817;147,9;-57,7487364620939;231;2,55e+08
vpja57;15;825;1705;154,9;-64,9487364620938;880;2,55e+08
vpja57;15;1716;1987;150,5;-77,5487364620939;271;255000
vpja57;15;2002;2329;172,4;-96,9487364620938;327;255000
vpja57;15;2342;2615;154,5;-86,6487364620938;273;255000
vpja57;15;2626;2856;156,8;-66,0487364620939;230;2,55e+08
vpja57;15;2924;3178;-96,8000000000001;311,451263537906;254;255
vpja57;15;3204;3497;-160,9;315,651263537906;293;255
vpja57;15;3591;3695;128,3;-47,5487364620939;104;2,55e+08
vpja57;15;3725;3920;198,1;-84,3487364620938;195;255000
vpja57;15;3970;4175;145,4;131,151263537906;205;2,55e+08
vpja57;15;4235;4493;608;627,851263537906;258;NA
vpja57;15;4515;5032;555,3;683,651263537906;517;NA
vpja57;15;5044;5188;549;667,551263537906;144;NA
vpja57;15;5246;5559;345,4;89,7512635379062;313;0
vpja57;15;5582;5663;372,7;141,551263537906;81;0
vpja57;15;5715;5910;205,7;-129,348736462094;195;255000
vpja57;15;5934;6291;153,3;-79,6487364620938;357;255000
vpja57;15;6307;6419;180,2;-73,1487364620938;112;2,55e+08
vpja57;15;6466;6820;-96,8000000000001;-35,8487364620938;354;0
vpja57;15;6862;7093;-253,5;45,5512635379062;231;0
vpja57;15;7134;7521;-425;-2,2487364620938;387;0
vpja57;15;7603;7853;-125,8;237,851263537906;250;255
vpja57;15;7875;8265;-155,2;296,151263537906;390;255
vpja57;15;8319;8339;124,8;162,951263537906;20;2,55e+08
vpja57;15;8412;8588;57,1;92,6512635379062;176;2,55e+08
vpja57;15;8635;8783;169,7;-103,548736462094;148;255000
vpja57;15;8797;9005;168,1;-68,8487364620938;208;2,55e+08
vpja57;15;9013;9324;177,1;-66,7487364620939;311;2,55e+08
vpja57;15;9333;9653;162,1;-62,3487364620938;320;2,55e+08
vpja57;15;9669;9955;180,3;-79,9487364620938;286;255000
vpja57;15;9969;10000;160;-78,4487364620938;31;2,55e+08
vpja57;16;201;316;-61,3;-118,4;115;2,55e+08
vpja57;16;332;688;-82,3;-143,1;356;255000
vpja57;16;712;888;-106,2;-109,6;176;2,55e+08
vpja57;16;909;1385;-88,6999999999999;-154,1;476;255000
vpja57;16;1440;1636;29,8000000000001;159,2;196;0
vpja57;16;1656;1859;-3,5;157;203;0
vpja57;16;1884;2099;69,3000000000001;163,8;215;255255000
vpja57;16;2110;2317;81,9;169,3;207;0
vpja57;16;2343;2439;0,600000000000023;168,6;96;0
vpja57;16;2488;2549;16,8000000000001;249,9;61;0
vpja57;16;2557;2659;2,80000000000007;167,8;102;0
vpja57;16;2709;3182;-298,3;106,2;473;255
vpja57;16;3202;3885;-278,3;167,8;683;255
vpja57;16;3911;4054;-290,5;106,7;143;255
vpja57;16;4106;4383;-66,6999999999999;-154,4;277;255000
vpja57;16;4392;4822;-79,6999999999999;-147;430;255000
vpja57;16;4854;5009;5,39999999999998;-215,7;155;0
vpja57;16;5037;5297;86,4;-262,7;260;0
vpja57;16;5324;5597;105,2;-334,7;273;0
vpja57;16;5612;5775;129,8;-312,4;163;0
vpja57;16;5816;6236;-35,6999999999999;-428,7;420;0
vpja57;16;6295;6522;-70,6;-139,2;227;255000
vpja57;16;6540;6732;-92,9;-156,2;192;255000
vpja57;16;6785;7088;-440;-197,5;303;0
vpja57;16;7109;7539;-438,5;-140,2;430;0
vpja57;16;7656;8110;-84,1;27,9;454;0
vpja57;16;8129;8275;-58,3;13,6;146;2,55e+08
vpja57;16;8326;8385;-78,6;-185,5;59;255000
vpja57;16;8623;8910;-89,1;-172,2;287;255000
vpja57;16;8958;9338;-282,6;86,3000000000001;380;255
vpja57;16;9355;9618;-294,6;123,4;263;255
vpja57;16;9630;10000;-281,5;148,3;370;255
vpja57;17;2;238;7,99999999999989;2,10000000000002;236;0
vpja57;17;289;460;-329,8;-27,1;171;255000
vpja57;17;479;539;-364,2;-5,89999999999998;60;255000
vpja57;17;1056;1277;-282;351,8;221;255
vpja57;17;1289;1579;-294,5;307,7;290;255
vpja57;17;1616;1881;-294,3;201,7;265;2,55e+08
vpja57;17;1943;2242;228,9;188,6;299;255255000
vpja57;17;2266;2778;157,5;201,4;512;255255000
vpja57;17;2798;3028;200,2;198,8;230;255255000
vpja57;17;3041;3062;220,1;197,6;21;255255000
vpja57;17;3072;3115;195,2;168,6;43;255255000
vpja57;17;3136;3500;196,9;186,4;364;255255000
vpja57;17;3557;3773;-26,3000000000001;-25,8000000000001;216;0
vpja57;17;3819;3940;-264,8;-83,8;121;0
vpja57;17;4669;4889;-562,4;-180;220;0
vpja57;17;4900;5057;-533,3;-174,1;157;0
vpja57;17;5108;5470;-585,8;-369,1;362;0
vpja57;17;5480;5685;-597,5;-370,8;205;0
vpja57;17;5728;5977;-609;-143,7;249;0
vpja57;17;5995;6156;-613,1;-109,2;161;0
vpja57;17;6199;6348;-366,6;-48,9;149;255000
vpja57;17;6363;6695;-347,3;-26;332;255000
vpja57;17;6705;7437;-351,9;-7,20000000000005;732;255000
vpja57;17;7522;9876;-269;328,5;2354;255
vpja57;17;9943;10000;228,9;144,2;57;255255000
vpja57;18;283;672;193,7;-188,7;389;255000
vpja57;18;689;961;167,1;-189,3;272;255000
vpja57;18;970;1282;182,8;-196,3;312;255000
vpja57;18;1290;1596;175,6;-198,2;306;255000
vpja57;18;1604;2012;190,6;-197,8;408;255000
vpja57;18;2026;2291;184,2;-213,7;265;255000
vpja57;18;2354;2671;-370,3;-193,8;317;0
vpja57;18;2717;2962;-366,7;24,1;245;255255000
vpja57;18;2987;3229;-320,1;81,4;242;255255000
vpja57;18;3274;3520;-365,7;267,2;246;0
vpja57;18;3561;3899;-516,5;245,7;338;0
vpja57;18;3967;4139;-49,1999999999999;-151;172;0
vpja57;18;4189;4269;-23;-261,6;80;0
vpja57;18;4311;4575;-52,6999999999999;-375,4;264;0
vpja57;18;4588;4838;-27,0999999999999;-384,1;250;0
vpja57;18;4863;5076;-110,9;-391,2;213;0
vpja57;18;5141;5604;439,9;-364,1;463;0
vpja57;18;5617;5801;400,3;-355,9;184;0
vpja57;18;5812;6007;423,3;-371,8;195;0
vpja57;18;6138;6513;333,6;231,9;375;255
vpja57;18;6541;6981;270,7;172,8;440;255
vpja57;18;7008;7224;353,7;225;216;255
vpja57;18;7241;7882;345;251,7;641;255
vpja57;18;7918;8111;603,2;457,7;193;0
vpja57;18;8328;8353;-304;213,1;25;255255000
vpja57;18;8369;8581;-295,4;98,4;212;255255000
vpja57;18;8609;8778;-314;46,9;169;255255000
vpja57;18;8827;9225;-81,1999999999999;-101,1;398;0
vpja57;18;9277;9596;-214,3;-338,6;319;0
vpja57;18;9619;9803;-269,9;-322,2;184;0
vpja57;18;9845;10000;-457,4;-322,3;155;0
vpja57;19;189;230;-17,9;23,6;41;2,55e+08
vpja57;19;279;427;-42,1999999999999;-297,7;148;2,55e+08
vpja57;19;447;1058;-2,69999999999993;-297,6;611;2,55e+08
vpja57;19;1115;1357;-428,7;-322,2;242;0
vpja57;19;1383;1545;-420,5;-237;162;0
vpja57;19;1625;1774;289,1;163,6;149;0
vpja57;19;1800;1994;304,9;266,2;194;255
vpja57;19;2017;2642;335,6;322,6;625;255
vpja57;19;2690;2818;109,5;212,6;128;0
vpja57;19;2860;3191;-41,0999999999999;173,3;331;2,55e+08
vpja57;19;3241;3564;340,3;255,3;323;255
vpja57;19;3576;3716;321,6;276,2;140;255
vpja57;19;3863;3979;11,9000000000001;-321,3;116;255000
vpja57;19;3999;4529;-19,1999999999999;-311,4;530;2,55e+08
vpja57;19;4537;5001;-16,3;-327;464;255000
vpja57;19;5048;5281;-239,9;-376,1;233;0
vpja57;19;5290;5465;-244,1;-371,3;175;0
vpja57;19;5512;5938;-490,6;-368,3;426;0
vpja57;19;5959;6233;-453,8;-321,2;274;0
vpja57;19;6296;6501;-346,5;166,7;205;255255000
vpja57;19;6547;6718;-70,1999999999999;170,1;171;2,55e+08
vpja57;19;6733;7651;-43,5;179,1;918;2,55e+08
vpja57;19;7697;8132;-283,7;178,5;435;255255000
vpja57;19;8250;8438;332,8;276,3;188;255
vpja57;19;8458;8852;329,5;322,3;394;255
vpja57;19;8889;9291;296,2;232,2;402;255
vpja57;19;9337;9475;328,8;97,3000000000001;138;0
vpja57;19;9536;9682;-30,8;-296,7;146;2,55e+08
vpja57;19;9701;10000;-10,5;-318,1;299;255000
vpja57;20;277;390;-28,3;-266,3;113;255000
vpja57;20;401;761;-23,3;-274,3;360;255000
vpja57;20;808;1146;-45,2;-47,8000000000001;338;255
vpja57;20;1171;1479;-93;11,6999999999999;308;0
vpja57;20;1513;1892;-228,6;-3,10000000000002;379;255255000
vpja57;20;1907;2662;-240,2;10;755;255255000
vpja57;20;2673;3015;-226;12,5;342;255255000
vpja57;20;3083;3493;-211,6;-207,4;410;0
vpja57;20;3548;3824;-528,5;-34;276;0
vpja57;20;3841;4136;-494,4;-16,5;295;0
vpja57;20;4246;4477;319,3;-116,3;231;0
vpja57;20;4501;4761;352,1;-47,9;260;0
vpja57;20;4790;5007;284,1;42,8;217;0
vpja57;20;5022;5419;316,4;52,4;397;0
vpja57;20;5452;5660;187,8;60,5;208;0
vpja57;20;5703;5970;318,3;-87,1;267;0
vpja57;20;5992;6230;353,6;-47,6;238;0
vpja57;20;6282;6480;258,5;-252,8;198;0
vpja57;20;6526;6726;-7,29999999999995;-292,4;200;255000
vpja57;20;6743;6956;-25,2;-274,8;213;255000
vpja57;20;6965;7244;-10,8;-269,4;279;255000
vpja57;20;7253;8026;-12;-277,8;773;255000
vpja57;20;8034;8219;-1,89999999999998;-288,1;185;255000
vpja57;20;8284;8463;-106,9;1,10000000000002;179;2,55e+08
vpja57;20;8489;8960;-39,6;-58,8;471;255
vpja57;20;8999;9392;-229,9;39,6;393;255255000
vpja57;20;9428;9601;-344,3;90,1999999999999;173;0
vpja57;20;9653;9823;-486,9;-5,60000000000002;170;0
vpja57;20;9862;10000;-242,8;-24,4;138;255255000
vpja57;21;234;602;90;-247,1;368;2,55e+08
vpja57;21;611;842;89,0999999999999;-248,6;231;2,55e+08
vpja57;21;857;1028;99,3;-251,6;171;255000
vpja57;21;1074;1205;-94,8000000000001;-50,7;131;0
vpja57;21;1234;1693;-119,4;48,1;459;255
vpja57;21;1720;1969;-23;-20,3000000000001;249;255
vpja57;21;2028;2346;98,3999999999999;-275,1;318;255000
vpja57;21;2441;2669;401;-6,60000000000002;228;0
vpja57;21;2693;3020;396,8;76,6;327;255255000
vpja57;21;3030;3475;408,7;66,3;445;255255000
vpja57;21;3548;3832;79,0999999999999;-278,7;284;255000
vpja57;21;3852;4314;69,8;-256,8;462;255000
vpja57;21;4329;4882;81;-269,9;553;255000
vpja57;21;4957;5111;-112;-11,7;154;0
vpja57;21;5132;5552;-151,6;77,1;420;255
vpja57;21;5595;5884;-339,1;93,6999999999999;289;0
vpja57;21;5920;6106;-178,9;84,4;186;255
vpja57;21;6154;6583;97,2;123,5;429;0
vpja57;21;6637;6978;418,3;104,3;341;255255000
vpja57;21;6997;7608;406,7;147,9;611;255255000
vpja57;21;7635;7888;291,3;155,4;253;0
vpja57;21;7929;8340;414,3;93,5;411;255255000
vpja57;21;8452;8836;-157,9;83,1999999999999;384;255
vpja57;21;8896;9129;72,8;-257,1;233;255000
vpja57;21;9147;9448;93,8;-263;301;255000
vpja57;21;9461;9764;80,9;-244,1;303;2,55e+08
vpja57;21;9773;10000;85,4;-231,1;227;2,55e+08
vpja57;22;121;225;51,4;-110,6;104;2,55e+08
vpja57;22;270;670;67,3;-284;400;255000
vpja57;22;684;882;54,3;-258,6;198;255000
vpja57;22;891;1163;56,5;-244,7;272;255000
vpja57;22;1195;1399;58,6;-302,8;204;255000
vpja57;22;1414;1578;54,1;-271,6;164;255000
vpja57;22;1632;1910;-331,6;-45,3000000000001;278;0
vpja57;22;1936;2055;-257,7;-77;119;0
vpja57;22;2140;2356;313,1;214,7;216;255
vpja57;22;2381;2665;354,6;181;284;255
vpja57;22;2692;2967;265,8;225,5;275;0
vpja57;22;2976;3166;276,4;235,3;190;255
vpja57;22;3252;3405;-241,9;242,2;153;255255000
vpja57;22;3445;3738;-361,9;149,5;293;255255000
vpja57;22;3759;3930;-317,6;117,2;171;0
vpja57;22;3977;4112;-313,3;-36,7;135;0
vpja57;22;4137;4402;-255,4;-99,7;265;0
vpja57;22;4454;4626;-298,8;-318,8;172;0
vpja57;22;4672;5237;-44,9;-413,8;565;0
vpja57;22;5258;5470;-106,8;-393,8;212;0
vpja57;22;5508;5742;69,8;-293,2;234;255000
vpja57;22;5753;5973;61,4;-276,3;220;255000
vpja57;22;6048;6193;172,5;-247,6;145;0
vpja57;22;6233;6607;56,2;-285,8;374;255000
vpja57;22;6626;6987;59,3;-246,2;361;255000
vpja57;22;7108;7238;267,9;-173;130;0
vpja57;22;7250;7537;264,1;-146,9;287;0
vpja57;22;7588;7968;869;31,6999999999999;380;NA
vpja57;22;8073;8293;337;269,1;220;255
vpja57;22;8321;8638;213,3;192;317;255
vpja57;22;8658;8968;256,9;220,5;310;0
vpja57;22;9057;9400;304,8;191,1;343;0
vpja57;22;9421;9606;338,3;180,7;185;255
vpja57;22;9632;9821;245,9;197,8;189;0
vpja57;22;9894;10000;-252,1;274,9;106;255255000
vpja57;23;211;372;-35,9;-231,4;161;255000
vpja57;23;389;594;-18,2;-245,6;205;255000
vpja57;23;603;1007;1;-255,5;404;255000
vpja57;23;1139;1229;389,6;178,9;90;255
vpja57;23;1258;1353;456,6;241,1;95;255
vpja57;23;1381;1755;373,4;140,1;374;255
vpja57;23;1829;1966;-361,7;272,6;137;255255000
vpja57;23;1987;2415;-362,2;212,6;428;255255000
vpja57;23;2430;2768;-342,4;232;338;255255000
vpja57;23;2788;3180;-367,7;181;392;255255000
vpja57;23;3191;3347;-391,5;189,6;156;255255000
vpja57;23;3418;3589;-54,8;-273,4;171;255000
vpja57;23;3610;3811;-9,79999999999995;-263,9;201;255000
vpja57;23;3820;4005;-8,60000000000002;-276,3;185;255000
vpja57;23;4024;4470;8,29999999999995;-245,3;446;255000
vpja57;23;4496;4729;-4,70000000000005;-337,3;233;255000
vpja57;23;4745;5044;16,9;-302;299;255000
vpja57;23;5087;5384;252;-404,1;297;0
vpja57;23;5459;5841;26,3;-289,4;382;255000
vpja57;23;5859;6816;-2,89999999999998;-247;957;255000
vpja57;23;6833;7277;-14,1;-276,1;444;255000
vpja57;23;7395;8647;-2,89999999999998;-265,8;1252;255000
vpja57;23;8745;9110;368,9;86,8;365;0
vpja57;23;9256;9750;625,8;426;494;0
vpja57;23;9771;9999;596,3;413,6;228;0
vpja57;24;214;296;27,7;-248,8;82;2,55e+08
vpja57;24;325;662;37,2;-321,7;337;255000
vpja57;24;676;1154;9,39999999999998;-325,8;478;255000
vpja57;24;1170;1521;19,6;-295,5;351;255000
vpja57;24;1540;1765;0,700000000000045;-307,6;225;255000
vpja57;24;1787;1997;20;-336,9;210;255000
vpja57;24;2011;2665;9,39999999999998;-353,9;654;255000
vpja57;24;2682;2900;14,2;-324,3;218;255000
vpja57;24;2924;3207;6,60000000000002;-377,2;283;255000
vpja57;24;3216;3490;23;-368,8;274;255000
vpja57;24;3559;3721;99;-84,3;162;2,55e+08
vpja57;24;4004;4043;605,6;653,6;39;NA
vpja57;24;4057;4314;571;568;257;NA
vpja57;24;4337;4615;543,4;552,3;278;NA
vpja57;24;4693;4866;-384,6;382,1;173;0
vpja57;24;4907;5190;-539,7;400,2;283;0
vpja57;24;5210;5351;-491,2;406,2;141;255
vpja57;24;5535;5939;-348,5;-72,6;404;0
vpja57;24;6005;6355;-328;328,3;350;0
vpja57;24;6399;6647;-517,5;389,2;248;255
vpja57;24;6752;6894;-105,1;-170,4;142;2,55e+08
vpja57;24;6942;7125;16,4;-342;183;255000
vpja57;24;7146;7402;14,5;-379;256;255000
vpja57;24;7412;7583;30,1;-371;171;255000
vpja57;24;7606;8166;8,79999999999995;-291,3;560;255000
vpja57;24;8222;8413;-429,1;-298,5;191;0
vpja57;24;8449;8613;-521,8;-307,5;164;0
vpja57;24;8839;8864;-381;414;25;0
vpja57;24;8875;9999;-381,1;290,7;1124;255
vpja57;25;18;162;-7,26446630545615;16,1716517774294;144;2,55e+08
vpja57;25;206;364;33,0355336945438;-157,028348222571;158;255000
vpja57;25;390;662;-31,9644663054562;-116,028348222571;272;255000
vpja57;25;681;1208;-21,9644663054562;-89,2283482225706;527;255000
vpja57;25;1268;2504;-497,164466305456;141,471651777429;1236;255
vpja57;25;2564;2784;-253,164466305456;312,571651777429;220;0
vpja57;25;2824;3076;-28,7644663054562;336,571651777429;252;255255000
vpja57;25;3150;3360;12,5355336945438;-120,128348222571;210;255000
vpja57;25;3437;3720;-137,064466305456;-325,428348222571;283;0
vpja57;25;3766;3954;43,8355336945438;-136,328348222571;188;255000
vpja57;25;3979;4343;-16,1644663054562;-121,128348222571;364;255000
vpja57;25;4352;4739;-8,9644663054562;-129,328348222571;387;255000
vpja57;25;4749;4929;8,33553369454376;-142,528348222571;180;255000
vpja57;25;4968;5183;94,5355336945438;-230,428348222571;215;255000
vpja57;25;5241;5518;93,2355336945438;46,2716517774294;277;2,55e+08
vpja57;25;5537;6220;54,9355336945438;83,2716517774294;683;2,55e+08
vpja57;25;6261;6287;24,0355336945438;231,371651777429;26;2,55e+08
vpja57;25;6306;6514;15,2355336945438;158,371651777429;208;2,55e+08
vpja57;25;6550;6820;-99,5644663054562;158,371651777429;270;2,55e+08
vpja57;25;6876;7137;-494,864466305456;172,571651777429;261;255
vpja57;25;7150;8264;-486,764466305456;155,671651777429;1114;255
vpja57;25;8398;8582;0,535533694543801;388,271651777429;184;255255000
vpja57;25;8606;8745;-19,3644663054562;335,871651777429;139;255255000
vpja57;25;8756;10000;-36,2644663054562;341,271651777429;1244;255255000
vpja57;26;225;339;-65,7728571428572;-131,435714285714;114;2,55e+08
vpja57;26;355;624;-88,2728571428572;-137,535714285714;269;255000
vpja57;26;648;895;-104,572857142857;-159,535714285714;247;255000
vpja57;26;903;1239;-91,6728571428572;-161,535714285714;336;255000
vpja57;26;1258;1710;-113,172857142857;-159,935714285714;452;255000
vpja57;26;1729;2234;-69,0728571428572;-165,535714285714;505;255000
vpja57;26;2279;2327;-249,172857142857;40,8642857142858;48;0
vpja57;26;2336;2457;-249,572857142857;65,3642857142858;121;0
vpja57;26;2476;3048;-259,872857142857;126,964285714286;572;0
vpja57;26;3096;3307;-11,1728571428572;150,964285714286;211;0
vpja57;26;3335;3753;76,0271428571428;146,664285714286;418;0
vpja57;26;3801;4065;248,727142857143;55,4642857142858;264;0
vpja57;26;4103;4408;97,3271428571428;127,164285714286;305;0
vpja57;26;4423;4530;74,3271428571428;134,564285714286;107;0
vpja57;26;4583;4814;337,427142857143;-70,0357142857142;231;0
vpja57;26;4870;5050;946,427142857143;-132,735714285714;180;NA
vpja57;26;5065;5513;931,527142857143;-172,235714285714;448;NA
vpja57;26;5559;5876;306,127142857143;-69,5357142857142;317;0
vpja57;26;5930;6412;-32,0728571428572;-290,235714285714;482;0
vpja57;26;6421;6512;-17,5728571428572;-291,035714285714;91;0
vpja57;26;6600;6803;-297,172857142857;-297,535714285714;203;0
vpja57;26;6841;7147;-86,8728571428572;-179,335714285714;306;255000
vpja57;26;7162;7465;-106,372857142857;-170,435714285714;303;255000
vpja57;26;7473;7757;-91,5728571428572;-152,935714285714;284;255000
vpja57;26;7807;8436;-260,972857142857;111,764285714286;629;255
vpja57;26;8451;8889;-246,572857142857;91,4642857142858;438;255
vpja57;26;8902;9117;-265,272857142857;99,1642857142857;215;255
vpja57;26;9154;9419;-111,872857142857;31,2642857142857;265;2,55e+08
vpja57;26;9438;9783;-143,672857142857;26,2642857142857;345;2,55e+08
vpja57;26;9877;10000;-369,372857142857;384,464285714286;123;0
