vp;trial;timest;timeend;x;y;duration;roi
vpja64;1;310;453;29,8;-240,5;143;255000
vpja64;1;471;915;60;-238,6;444;255000
vpja64;1;929;1224;48;-255,6;295;255000
vpja64;1;1295;1415;289,7;134,5;120;0
vpja64;1;1432;1542;289;161,6;110;255
vpja64;1;1626;1766;-331,1;94,2;140;0
vpja64;1;1846;1930;-17,2;-277,4;84;255000
vpja64;1;1956;2276;41,5;-280,4;320;255000
vpja64;1;2298;2863;33,3;-317,7;565;255000
vpja64;1;2889;3044;34,5999999999999;-262,3;155;255000
vpja64;1;3052;3654;47,5999999999999;-256,2;602;255000
vpja64;1;3689;4123;44,8;-343;434;255000
vpja64;1;4363;4455;50,5999999999999;-287,2;92;255000
vpja64;1;4475;4528;56,9;-244,6;53;255000
vpja64;1;5018;5104;128,6;-319,7;86;0
vpja64;1;5381;5734;67,2;-301,5;353;255000
vpja64;1;5754;6213;40,1999999999999;-316,1;459;255000
vpja64;1;6240;6494;48,8;-250,2;254;255000
vpja64;1;6536;6717;34,9;-125,8;181;2,55e+08
vpja64;1;6769;6963;38,0999999999999;-292,5;194;255000
vpja64;1;6977;7746;25,8;-299,8;769;255000
vpja64;1;7758;8169;44,5;-298;411;255000
vpja64;1;8181;8734;44,5;-320,7;553;255000
vpja64;1;8928;8964;59,3;-298,9;36;255000
vpja64;1;8971;9082;55,5999999999999;-259,4;111;255000
vpja64;1;9093;9394;41;-241,9;301;255000
vpja64;1;9427;9613;66,5;-160;186;2,55e+08
vpja64;1;9630;9736;35,1999999999999;-144,4;106;2,55e+08
vpja64;1;9782;10000;33,6999999999999;-266,1;218;255000
vpja64;2;237;364;-0,399999999999864;-240,8;127;255000
vpja64;2;384;679;-13,4999999999999;-260,6;295;255000
vpja64;2;695;1007;-18,5999999999999;-286,2;312;255000
vpja64;2;1079;1121;-219,1;55,6;42;0
vpja64;2;1172;1312;-345,4;165,8;140;0
vpja64;2;1394;1566;274,9;144,7;172;255255000
vpja64;2;1592;1708;290,6;111,8;116;255255000
vpja64;2;1776;2156;2,90000000000009;-262,4;380;255000
vpja64;2;2181;2520;-11,7999999999998;-305,2;339;255000
vpja64;2;2534;3088;2,10000000000014;-285,6;554;255000
vpja64;2;3099;3300;-14,3999999999999;-274,4;201;255000
vpja64;2;3316;3575;-1,39999999999986;-296,7;259;255000
vpja64;2;3583;4114;6,90000000000009;-297,9;531;255000
vpja64;2;4136;4496;-15,6999999999998;-248;360;255000
vpja64;2;4616;4636;-4,29999999999984;-313,5;20;255000
vpja64;2;4644;4676;-5,69999999999982;-273,8;32;255000
vpja64;2;4904;5201;-1,89999999999986;-283,6;297;255000
vpja64;2;5219;5738;3,80000000000018;-250,3;519;255000
vpja64;2;5756;6026;-8,49999999999989;-273,3;270;255000
vpja64;2;6046;6316;-5,69999999999982;-302,3;270;255000
vpja64;2;6333;6569;24,4000000000001;-287,3;236;255000
vpja64;2;6588;6836;0,200000000000159;-256,3;248;255000
vpja64;2;6863;7085;-5,69999999999982;-310,9;222;255000
vpja64;2;7099;7295;16,9000000000001;-312,1;196;255000
vpja64;2;7517;7653;13,9000000000001;-302,5;136;255000
vpja64;2;7669;8281;4,50000000000011;-301,1;612;255000
vpja64;2;8302;9162;-3,39999999999986;-251,1;860;255000
vpja64;2;9182;9291;4,10000000000014;-286,3;109;255000
vpja64;2;9371;9560;540,7;-197,2;189;0
vpja64;2;9617;9857;596,3;6,30000000000007;240;0
vpja64;2;9904;9999;452,4;173,1;95;0
vpja64;3;263;351;-400,157192982456;-107,662807017544;88;0
vpja64;3;371;981;-456,457192982456;-84,2628070175438;610;255000
vpja64;3;992;1262;-459,057192982456;-106,162807017544;270;255000
vpja64;3;1279;1723;-438,357192982456;-76,6628070175439;444;255000
vpja64;3;1838;2015;487,842807017544;-263,962807017544;177;0
vpja64;3;2078;2193;7,04280701754385;-272,762807017544;115;0
vpja64;3;2224;2394;-55,8571929824561;-204,862807017544;170;0
vpja64;3;2458;2569;-82,9571929824561;128,837192982456;111;0
vpja64;3;2648;2729;-443,457192982456;-27,3628070175438;81;2,55e+08
vpja64;3;2756;2886;-464,257192982456;-84,1628070175439;130;255000
vpja64;3;2896;3321;-454,057192982456;-79,4628070175438;425;255000
vpja64;3;3361;3508;-323,557192982456;1,93719298245617;147;0
vpja64;3;3558;3732;-462,857192982456;-96,1628070175439;174;255000
vpja64;3;3739;3959;-453,557192982456;-96,7628070175438;220;255000
vpja64;3;3981;4341;-468,157192982456;-135,162807017544;360;255000
vpja64;3;4366;4558;-450,357192982456;-93,4628070175438;192;255000
vpja64;3;4630;4941;24,5428070175439;103,237192982456;311;255
vpja64;3;5173;5316;-471,557192982456;-50,1628070175439;143;2,55e+08
vpja64;3;5329;5539;-476,357192982456;-74,3628070175438;210;2,55e+08
vpja64;3;5564;5788;-488,157192982456;-132,362807017544;224;255000
vpja64;3;5803;6030;-473,357192982456;-106,662807017544;227;255000
vpja64;3;6437;6652;-498,857192982456;-128,462807017544;215;255000
vpja64;3;6659;7362;-484,757192982456;-133,062807017544;703;255000
vpja64;3;7556;7848;-180,957192982456;-232,962807017544;292;0
vpja64;3;7904;8145;-449,257192982456;-150,062807017544;241;255000
vpja64;3;8251;8388;442,442807017544;-264,562807017544;137;0
vpja64;3;8422;8575;484,242807017544;-324,662807017544;153;0
vpja64;3;8646;8675;286,442807017544;28,2371929824561;29;0
vpja64;3;8770;8864;-384,357192982456;319,937192982456;94;0
vpja64;3;8923;9114;-578,457192982456;472,737192982456;191;0
vpja64;3;9186;9510;-485,457192982456;-126,062807017544;324;255000
vpja64;3;9523;9830;-460,757192982456;-120,562807017544;307;255000
vpja64;4;230;322;24,8;-297;92;255000
vpja64;4;345;889;13,5999999999999;-334,3;544;255000
vpja64;4;957;1016;241,6;171,5;59;0
vpja64;4;1055;1260;396,5;288,1;205;255
vpja64;4;1357;1545;-356,2;275,6;188;255255000
vpja64;4;1581;1720;-261,5;216,1;139;255255000
vpja64;4;1790;1986;-5,80000000000007;-355,4;196;255000
vpja64;4;2005;2280;21,8;-354,3;275;255000
vpja64;4;2310;2734;0;-404,6;424;255000
vpja64;4;2743;3217;-12,4000000000001;-412,8;474;255000
vpja64;4;3240;3526;20,3;-376,4;286;255000
vpja64;4;3579;3811;-298;-325,1;232;0
vpja64;4;3847;3975;-397,4;-358,7;128;0
vpja64;4;4065;4259;365,1;-316,6;194;0
vpja64;4;4341;4414;-125,2;-420,2;73;0
vpja64;4;4447;4603;-19,8000000000001;-409,4;156;255000
vpja64;4;4812;5021;-17,6;-435;209;255000
vpja64;4;5037;5263;6,09999999999991;-426,3;226;255000
vpja64;4;5278;5513;35,6999999999999;-427;235;255000
vpja64;4;5546;5767;23,4;-317,7;221;255000
vpja64;4;5790;6142;11,6999999999999;-370,9;352;255000
vpja64;4;6197;6854;68,5999999999999;-140,6;657;2,55e+08
vpja64;4;6905;7102;17,3;-365,7;197;255000
vpja64;4;7129;7859;-9,90000000000009;-425,8;730;255000
vpja64;4;8105;8312;25,5999999999999;-422,9;207;255000
vpja64;4;8764;8972;28,6999999999999;-441,1;208;255000
vpja64;4;9233;9542;48,5;-392,9;309;255000
vpja64;4;9561;9794;15,5;-412,4;233;255000
vpja64;5;64;119;-3,96153846153857;-14,2102564102563;55;2,55e+08
vpja64;5;131;158;-3,1615384615385;15,3897435897437;27;2,55e+08
vpja64;5;209;335;-87,7615384615385;-122,110256410256;126;2,55e+08
vpja64;5;348;610;-110,961538461539;-113,610256410256;262;2,55e+08
vpja64;5;668;792;58,4384615384615;167,189743589744;124;0
vpja64;5;845;1122;-260,961538461539;180,389743589744;277;0
vpja64;5;1761;1858;-154,661538461538;-52,7102564102563;97;2,55e+08
vpja64;5;1885;2347;-117,961538461539;-123,710256410256;462;2,55e+08
vpja64;5;2365;2757;-125,961538461539;-143,410256410256;392;255000
vpja64;5;2840;2956;380,038461538461;-112,210256410256;116;0
vpja64;5;3003;3283;566,338461538461;-148,510256410256;280;0
vpja64;5;3370;3611;-117,661538461538;-142,210256410256;241;255000
vpja64;5;3676;3863;-299,161538461538;176,189743589744;187;0
vpja64;5;3925;4039;81,8384615384614;210,589743589744;114;0
vpja64;5;4104;4245;496,438461538462;396,989743589744;141;0
vpja64;5;4333;4939;-125,461538461539;-119,510256410256;606;2,55e+08
vpja64;5;4997;5150;62,2384615384615;148,689743589744;153;0
vpja64;5;5164;5223;85,5384615384614;147,289743589744;59;0
vpja64;5;5288;5417;-287,061538461538;171,889743589744;129;0
vpja64;5;5641;5916;-99,8615384615385;-159,110256410256;275;255000
vpja64;5;6155;6221;-141,861538461539;-137,510256410256;66;2,55e+08
vpja64;5;6230;6733;-130,161538461538;-114,010256410256;503;2,55e+08
vpja64;5;6761;7747;-137,561538461538;-160,310256410256;986;255000
vpja64;5;7768;7940;-108,261538461539;-137,410256410256;172;2,55e+08
vpja64;5;8201;9319;-122,561538461538;-148,310256410256;1118;255000
vpja64;5;9333;9835;-135,161538461538;-163,510256410256;502;255000
vpja64;5;9867;10000;-57,8615384615385;-141,210256410256;133;255000
vpja64;6;346;412;-31,8000000000001;-38,3000000000001;66;2,55e+08
vpja64;6;465;550;70,3999999999999;-231,5;85;255000
vpja64;6;568;752;99,2;-206,8;184;255000
vpja64;6;1017;1570;405,4;179,2;553;255
vpja64;6;1645;1808;116,5;-212,1;163;255000
vpja64;6;1837;2106;95,2;-276,9;269;255000
vpja64;6;2131;2559;100,2;-226,7;428;255000
vpja64;6;2583;3749;97,8999999999999;-258,4;1166;255000
vpja64;6;3778;3958;109;-195,6;180;255000
vpja64;6;3997;4133;45,3;-46,7;136;2,55e+08
vpja64;6;4160;4458;9,59999999999991;-9,5;298;2,55e+08
vpja64;6;4479;4560;-20,7;22,6;81;2,55e+08
vpja64;6;4638;4943;-470,4;249,6;305;255255000
vpja64;6;5028;5419;98,7;-232,9;391;255000
vpja64;6;5441;8211;102,2;-275,5;2770;255000
vpja64;6;8221;8340;108,4;-304,3;119;255000
vpja64;6;8649;8955;379,9;122,9;306;255
vpja64;6;9025;9154;126,4;-233,8;129;255000
vpja64;6;9172;9313;105,8;-240,6;141;255000
vpja64;6;9337;10000;89;-278,6;663;255000
vpja64;7;199;307;64,3093867518409;-143,134848141218;108;255000
vpja64;7;325;483;91,3093867518407;-103,334848141218;158;255000
vpja64;7;541;731;388,509386751841;218,965151858782;190;0
vpja64;7;774;970;360,609386751841;355,765151858782;196;255
vpja64;7;1045;1210;-173,290613248159;228,065151858782;165;255255000
vpja64;7;1234;1373;-222,890613248159;254,465151858782;139;255255000
vpja64;7;1612;2218;94,9093867518409;-102,934848141218;606;255000
vpja64;7;2235;2571;96,6093867518409;-129,734848141218;336;255000
vpja64;7;2611;2829;81,3093867518407;39,7651518587825;218;2,55e+08
vpja64;7;2906;3062;370,409386751841;145,965151858782;156;0
vpja64;7;3084;3377;405,009386751841;170,765151858782;293;0
vpja64;7;3432;3558;128,109386751841;-181,134848141218;126;0
vpja64;7;3619;3710;-143,490613248159;-298,734848141218;91;0
vpja64;7;3764;3964;-358,090613248159;-259,634848141218;200;0
vpja64;7;3992;4146;-419,690613248159;-269,734848141218;154;0
vpja64;7;4175;4323;-345,990613248159;-337,534848141218;148;0
vpja64;7;4524;4543;64,6093867518408;-198,034848141218;19;255000
vpja64;7;4555;4611;67,5093867518408;-166,634848141218;56;255000
vpja64;7;4633;4789;93,7093867518408;-135,834848141218;156;255000
vpja64;7;4845;5075;-148,190613248159;-136,634848141218;230;0
vpja64;7;5127;5250;27,5093867518408;-125,434848141218;123;255000
vpja64;7;5275;5547;69,1093867518409;-117,434848141218;272;255000
vpja64;7;5556;5853;84,4093867518409;-111,234848141218;297;255000
vpja64;7;5873;6291;90,1093867518409;-140,734848141218;418;255000
vpja64;7;6352;6601;-243,590613248159;-82,0348481412175;249;0
vpja64;7;6662;7322;95,1093867518409;-116,934848141218;660;255000
vpja64;7;7363;7575;180,409386751841;-223,934848141218;212;0
vpja64;7;7610;7953;104,609386751841;-138,434848141218;343;255000
vpja64;7;7984;8115;79,0093867518408;-58,6348481412175;131;2,55e+08
vpja64;7;8165;8268;105,309386751841;205,465151858782;103;0
vpja64;7;8337;8488;450,809386751841;389,765151858782;151;255
vpja64;7;8511;8676;390,109386751841;357,165151858782;165;255
vpja64;7;8694;9118;378,509386751841;379,265151858782;424;255
vpja64;7;9128;9304;391,609386751841;377,265151858782;176;255
vpja64;7;9358;9475;156,809386751841;-51,2348481412175;117;2,55e+08
vpja64;7;9503;10000;100,009386751841;-103,434848141218;497;255000
vpja64;8;209;277;76,1999999999999;-231,1;68;2,55e+08
vpja64;8;305;462;141,8;-267,2;157;255000
vpja64;8;475;815;159,5;-253,4;340;2,55e+08
vpja64;8;875;986;339,7;167,7;111;255
vpja64;8;1047;1284;-118,3;77,9;237;255255000
vpja64;8;1304;1463;-78,3;56,5;159;255255000
vpja64;8;1516;1633;123,9;-255,7;117;255000
vpja64;8;1652;1811;153;-259,1;159;255000
vpja64;8;1836;2561;152,5;-303,4;725;255000
vpja64;8;2602;2842;120,7;-118,9;240;2,55e+08
vpja64;8;2854;3023;136,3;-123,7;169;2,55e+08
vpja64;8;3035;3222;155,6;-119,5;187;2,55e+08
vpja64;8;3269;3435;156,5;-277,8;166;255000
vpja64;8;3452;4003;149,4;-301,9;551;255000
vpja64;8;4260;4280;-79,1;-16,1999999999999;20;0
vpja64;8;4299;4450;-99,8;39,1;151;255255000
vpja64;8;4511;4729;330,1;134,9;218;255
vpja64;8;4774;4947;456,3;28,1;173;255
vpja64;8;5037;5182;-233,2;-2,19999999999993;145;0
vpja64;8;5211;5408;-306,9;-5,19999999999993;197;0
vpja64;8;5434;5629;-253;-65,1;195;0
vpja64;8;5699;5951;150,8;-264;252;255000
vpja64;8;6048;6210;-442,5;41,4;162;0
vpja64;8;6282;6428;127,4;-290,7;146;255000
vpja64;8;6450;6776;151,6;-284,6;326;255000
vpja64;8;6788;7499;147,6;-296,5;711;255000
vpja64;8;7778;7801;129,1;-334,3;23;255000
vpja64;8;7826;8010;147,8;-278,3;184;255000
vpja64;8;8077;9452;133,7;60,9;1375;0
vpja64;8;9500;9818;-55,9;37,2;318;255255000
vpja64;9;14;148;-24,1;-31,6;134;2,55e+08
vpja64;9;202;320;2,20000000000005;-259;118;255000
vpja64;9;335;506;-23;-273,4;171;255000
vpja64;9;583;767;-536,8;177,3;184;255
vpja64;9;838;1134;-25,1;-280,5;296;255000
vpja64;9;1161;1333;-39,1999999999999;-339,7;172;255000
vpja64;9;1370;1420;64,8000000000001;-289,7;50;255000
vpja64;9;1490;1737;427,9;188,9;247;0
vpja64;9;1806;1954;8,89999999999998;263;148;2,55e+08
vpja64;9;2012;2165;-161,1;112,8;153;0
vpja64;9;2195;2303;-205,9;65,7;108;0
vpja64;9;2363;2548;-294,2;-303,8;185;0
vpja64;9;2607;2799;-32,4;-355,4;192;255000
vpja64;9;2815;3064;1,20000000000005;-345,2;249;255000
vpja64;9;3095;3311;-23,1;-268,8;216;255000
vpja64;9;3321;3759;-38,4;-266,6;438;255000
vpja64;9;3771;3877;-29,1;-268,4;106;255000
vpja64;9;3910;4093;-52,3;-345,3;183;255000
vpja64;9;4111;4828;-3,69999999999993;-346,3;717;255000
vpja64;9;4859;5117;-20,8;-281,5;258;255000
vpja64;9;5431;5500;208,2;164,3;69;2,55e+08
vpja64;9;5603;5868;-19,1999999999999;-310;265;255000
vpja64;9;5951;6030;63,5;209;79;2,55e+08
vpja64;9;6077;6265;172,7;277,9;188;255255000
vpja64;9;6333;6548;-228,6;204;215;0
vpja64;9;6614;6857;-7,89999999999998;-294;243;255000
vpja64;9;6887;7077;-29,1999999999999;-372,1;190;255000
vpja64;9;7093;7525;5,20000000000005;-360,5;432;255000
vpja64;9;7558;7934;-17,1999999999999;-272,6;376;255000
vpja64;9;7975;8197;2,30000000000007;-65,3;222;2,55e+08
vpja64;9;8234;8342;99,4;-41,1;108;2,55e+08
vpja64;9;8575;8704;-32,4;-345,3;129;255000
vpja64;9;8728;9225;10,1;-359,6;497;255000
vpja64;9;9257;9424;89,4;-353,1;167;255000
vpja64;9;9705;9766;23,9;-329,3;61;255000
vpja64;9;9793;10000;-12,1999999999999;-362;207;255000
vpja64;10;191;324;-183,419298245614;-124,369736842105;133;2,55e+08
vpja64;10;339;689;-199,519298245614;-127,569736842105;350;255000
vpja64;10;765;1016;412,980701754386;277,130263157895;251;0
vpja64;10;1055;1181;375,880701754386;143,730263157895;126;255
vpja64;10;1277;1526;-359,919298245614;382,830263157895;249;255255000
vpja64;10;1560;1788;-411,719298245614;320,230263157895;228;255255000
vpja64;10;1823;1974;-439,019298245614;453,130263157895;151;0
vpja64;10;2040;2164;-163,819298245614;54,5302631578946;124;2,55e+08
vpja64;10;2213;2318;-192,719298245614;-74,6697368421053;105;2,55e+08
vpja64;10;2340;3044;-188,419298245614;-114,169736842105;704;2,55e+08
vpja64;10;3058;3385;-190,019298245614;-132,369736842105;327;255000
vpja64;10;3430;3627;-153,219298245614;71,0302631578946;197;2,55e+08
vpja64;10;3652;4048;-99,719298245614;122,930263157895;396;2,55e+08
vpja64;10;4093;4219;-198,819298245614;-78,3697368421053;126;2,55e+08
vpja64;10;4244;4622;-196,819298245614;-120,669736842105;378;2,55e+08
vpja64;10;4639;4763;-225,819298245614;-131,569736842105;124;0
vpja64;10;4828;5018;-430,319298245614;143,530263157895;190;0
vpja64;10;5250;5361;-186,919298245614;-160,569736842105;111;255000
vpja64;10;5375;6078;-186,619298245614;-127,069736842105;703;255000
vpja64;10;6099;6477;-173,219298245614;-157,769736842105;378;255000
vpja64;10;6491;6675;-177,719298245614;-123,669736842105;184;2,55e+08
vpja64;10;6718;6865;-360,019298245614;-161,569736842105;147;0
vpja64;10;7089;7127;-160,819298245614;-171,269736842105;38;255000
vpja64;10;7135;7648;-183,319298245614;-127,669736842105;513;255000
vpja64;10;7706;7923;-4,81929824561405;-310,969736842105;217;0
vpja64;10;7945;8115;38,180701754386;-322,669736842105;170;0
vpja64;10;8170;8277;-197,919298245614;-50,1697368421053;107;2,55e+08
vpja64;10;8303;8427;-199,419298245614;-101,769736842105;124;2,55e+08
vpja64;10;8441;8998;-191,119298245614;-118,069736842105;557;2,55e+08
vpja64;10;9031;9136;-97,619298245614;-76,0697368421053;105;2,55e+08
vpja64;10;9386;9417;-141,819298245614;-196,269736842105;31;255000
vpja64;10;9447;9828;-193,019298245614;-126,769736842105;381;255000
vpja64;10;9840;10000;-192,219298245614;-147,669736842105;160;255000
vpja64;11;301;385;-89,9;-228,5;84;255000
vpja64;11;407;603;-61,1999999999999;-217,9;196;255000
vpja64;11;678;952;191,8;191,9;274;0
vpja64;11;1012;1400;-221,3;258,4;388;0
vpja64;11;1416;1768;-205,1;281,5;352;0
vpja64;11;1827;2065;173,3;193,1;238;0
vpja64;11;2121;2298;-75,5;-232,8;177;255000
vpja64;11;2317;2880;-65,3;-192;563;255000
vpja64;11;2914;3165;-177,3;-207,9;251;2,55e+08
vpja64;11;3197;3355;-81,0999999999999;-193,1;158;255000
vpja64;11;3367;3656;-67;-177;289;255000
vpja64;11;3667;3860;-71;-193;193;255000
vpja64;11;3894;4402;-86,9;-304,4;508;255000
vpja64;11;4692;4774;-118,2;-87,2;82;2,55e+08
vpja64;11;4805;5101;-158;3,29999999999995;296;2,55e+08
vpja64;11;5112;5319;-140,8;5,5;207;2,55e+08
vpja64;11;5352;5611;-138,5;-74,8000000000001;259;2,55e+08
vpja64;11;5667;5967;-74,4;156,9;300;2,55e+08
vpja64;11;5995;6174;-147;159;179;2,55e+08
vpja64;11;6181;6460;-141,3;161,1;279;2,55e+08
vpja64;11;6491;6950;-66,8;151,1;459;2,55e+08
vpja64;11;7009;7362;-64,9;-202,1;353;255000
vpja64;11;7375;7719;-74;-180,8;344;255000
vpja64;11;7756;7914;-97,4;-290,8;158;255000
vpja64;11;7930;8096;-75,8;-313,4;166;255000
vpja64;11;8126;8512;-55,6999999999999;-247,4;386;255000
vpja64;11;8528;8685;-70,5999999999999;-276,4;157;255000
vpja64;11;8696;9110;-56,5;-268,5;414;255000
vpja64;11;9134;9487;-87,4;-315,7;353;255000
vpja64;11;9733;9931;-128,5;-119,6;198;2,55e+08
vpja64;11;9950;10000;-145,5;-81,3000000000001;50;2,55e+08
vpja64;12;49;173;-17,0445544554456;16,5841584158416;124;0
vpja64;12;228;334;134,655445544554;-157,515841584158;106;255000
vpja64;12;357;916;101,555445544555;-149,615841584158;559;255000
vpja64;12;973;1092;373,455445544554;-288,515841584158;119;0
vpja64;12;1146;1307;144,755445544554;-218,515841584158;161;255000
vpja64;12;1388;1566;347,955445544554;250,584158415842;178;255255000
vpja64;12;1657;1835;-292,644554455445;55,6841584158416;178;255
vpja64;12;1903;2035;112,455445544554;-143,215841584158;132;255000
vpja64;12;2049;2451;90,2554455445544;-146,415841584158;402;2,55e+08
vpja64;12;2491;2616;-2,94455445544554;-212,515841584158;125;0
vpja64;12;2645;2758;72,1554455445545;-179,715841584158;113;2,55e+08
vpja64;12;2812;2953;-69,3445544554455;-346,115841584158;141;0
vpja64;12;2972;3140;-36,4445544554455;-337,815841584158;168;0
vpja64;12;3359;3528;458,755445544554;-326,215841584158;169;0
vpja64;12;3548;3828;415,355445544555;-291,215841584158;280;0
vpja64;12;3857;4204;423,355445544555;-342,215841584158;347;0
vpja64;12;4301;4460;-336,644554455445;-214,715841584158;159;0
vpja64;12;4494;4770;-326,344554455446;-66,0158415841585;276;0
vpja64;12;4853;4965;-465,244554455445;362,684158415842;112;0
vpja64;12;5009;5110;-525,244554455445;431,884158415842;101;0
vpja64;12;5186;5368;15,9554455445544;76,5841584158416;182;0
vpja64;12;5406;5703;145,355445544555;-30,4158415841584;297;2,55e+08
vpja64;12;5750;5857;105,055445544555;-137,215841584158;107;2,55e+08
vpja64;12;5907;6162;154,355445544555;40,8841584158415;255;2,55e+08
vpja64;12;6178;6357;174,455445544554;32,8841584158415;179;2,55e+08
vpja64;12;6375;6734;139,855445544555;23,8841584158415;359;2,55e+08
vpja64;12;6786;6902;125,155445544554;-136,715841584158;116;2,55e+08
vpja64;12;6917;7072;92,1554455445545;-141,115841584158;155;2,55e+08
vpja64;12;7403;7565;-302,944554455446;127,284158415842;162;255
vpja64;12;7831;8239;-326,544554455446;35,8841584158415;408;255
vpja64;12;8510;8589;387,555445544555;225,484158415842;79;255255000
vpja64;12;8656;8754;156,255445544554;-81,7158415841585;98;2,55e+08
vpja64;12;8801;8927;114,155445544554;-205,015841584158;126;255000
vpja64;12;8954;9444;89,0554455445546;-153,415841584158;490;255000
vpja64;12;9464;9929;91,8554455445545;-192,015841584158;465;255000
vpja64;12;9961;10000;20,1554455445545;-196,215841584158;39;0
vpja64;13;362;879;-246,5;-194;517;255000
vpja64;13;896;1300;-259;-218,3;404;255000
vpja64;13;1317;1617;-240,2;-194,6;300;255000
vpja64;13;1650;1799;-292,8;-229,7;149;255000
vpja64;13;1870;2095;281,2;6,10000000000002;225;255
vpja64;13;2175;2375;-260,3;158,1;200;255255000
vpja64;13;2446;2566;-265,4;-200;120;255000
vpja64;13;2584;2823;-241,2;-195,9;239;255000
vpja64;13;2844;3098;-233,4;-228,3;254;255000
vpja64;13;3110;3478;-244,9;-233,5;368;255000
vpja64;13;3520;3642;-405,5;-283,4;122;0
vpja64;13;3678;3819;-276,7;-221;141;255000
vpja64;13;3946;4152;567,1;-204,2;206;0
vpja64;13;4169;4283;589,3;-217,9;114;0
vpja64;13;4334;4581;295,5;-164,3;247;0
vpja64;13;4639;4742;-45,8;-207,9;103;0
vpja64;13;4787;4967;-263,6;-209,3;180;255000
vpja64;13;4981;5346;-246,1;-192,8;365;255000
vpja64;13;5392;5718;-294,8;1,10000000000002;326;2,55e+08
vpja64;13;5731;5894;-312,3;5,79999999999995;163;2,55e+08
vpja64;13;6194;6471;240,8;30,6999999999999;277;255
vpja64;13;6555;6680;-279,1;-232,9;125;255000
vpja64;13;6699;7018;-250,8;-221,9;319;255000
vpja64;13;7033;7199;-262,2;-241,8;166;255000
vpja64;13;7254;7431;-544,4;-314,7;177;0
vpja64;13;7458;7616;-615,3;-300;158;0
vpja64;13;7647;7912;-576,3;-392,6;265;0
vpja64;13;8128;8179;275,2;-297,5;51;0
vpja64;13;8240;8345;561,3;-139,2;105;0
vpja64;13;8407;8692;580,7;283,5;285;0
vpja64;13;8713;8909;596,3;316,6;196;0
vpja64;13;9010;9264;-219,4;138,6;254;255255000
vpja64;13;9316;9543;-295,5;-21,2;227;2,55e+08
vpja64;13;9555;9738;-310,2;-15,9;183;2,55e+08
vpja64;13;9792;9907;-288,6;-217,4;115;255000
vpja64;13;9925;10000;-251,2;-207,3;75;255000
vpja64;14;203;301;58,2342105263158;-225,88552631579;98;255000
vpja64;14;321;644;90,7342105263158;-191,28552631579;323;255000
vpja64;14;676;1073;81,2342105263158;-267,38552631579;397;255000
vpja64;14;1171;1293;398,634210526316;373,41447368421;122;255
vpja64;14;1400;1558;-464,765789473684;378,51447368421;158;0
vpja64;14;1587;1728;-467,465789473684;319,01447368421;141;255255000
vpja64;14;1756;1787;-394,865789473684;331,61447368421;31;0
vpja64;14;1893;2269;453,134210526316;381,11447368421;376;255
vpja64;14;2526;2621;72,5342105263157;-205,28552631579;95;255000
vpja64;14;2651;3286;101,434210526316;-281,78552631579;635;255000
vpja64;14;3303;3782;92,2342105263158;-256,68552631579;479;255000
vpja64;14;3848;4098;414,634210526316;-67,7855263157895;250;0
vpja64;14;4154;4353;580,034210526316;102,11447368421;199;0
vpja64;14;4417;4638;565,434210526316;-307,18552631579;221;0
vpja64;14;4671;4834;544,034210526316;-402,18552631579;163;0
vpja64;14;4924;4983;-201,265789473684;-334,78552631579;59;0
vpja64;14;5034;5196;-343,665789473684;-278,18552631579;162;0
vpja64;14;5230;5269;-229,765789473684;-247,38552631579;39;0
vpja64;14;5533;5798;77,2342105263158;-225,58552631579;265;255000
vpja64;14;5823;6272;77,5342105263157;-268,98552631579;449;255000
vpja64;14;6302;6856;84,8342105263159;-188,08552631579;554;255000
vpja64;14;6891;7524;77,8342105263159;-280,08552631579;633;255000
vpja64;14;7543;7925;121,634210526316;-265,18552631579;382;255000
vpja64;14;7951;8600;82,4342105263158;-203,78552631579;649;255000
vpja64;14;8655;8902;40,8342105263158;10,5144736842104;247;2,55e+08
vpja64;14;8958;9194;87,5342105263157;-245,38552631579;236;255000
vpja64;14;9211;9302;73,3342105263159;-267,98552631579;91;255000
vpja64;14;9546;9569;77,5342105263157;-322,78552631579;23;255000
vpja64;14;9590;9671;75,8342105263159;-291,28552631579;81;255000
vpja64;14;9687;10000;97,2342105263158;-272,48552631579;313;255000
vpja64;15;72;109;-1,29999999999995;-76,2;37;0
vpja64;15;132;168;-2,60000000000002;-41,2;36;0
vpja64;15;191;630;50,7;-16,4;439;255000
vpja64;15;674;1058;14;201,7;384;255
vpja64;15;1113;1382;51,8000000000001;-16,7;269;255000
vpja64;15;1642;1674;53,5;-101;32;255000
vpja64;15;1692;1835;46,8000000000001;-62,2;143;255000
vpja64;15;1878;1985;-108,3;-78,2;107;0
vpja64;15;2020;2238;-8,5;-178,9;218;0
vpja64;15;2287;2415;65,7;-49,1;128;255000
vpja64;15;2432;2581;45,4;-26,2;149;255000
vpja64;15;2828;2856;37,8000000000001;-104;28;255000
vpja64;15;2874;3300;51,1;-45;426;255000
vpja64;15;3358;3568;316,3;71,1;210;0
vpja64;15;3585;3791;292,9;95;206;255255000
vpja64;15;3848;4220;57,4;-50,7;372;255000
vpja64;15;4236;4636;48,2;-74,7;400;255000
vpja64;15;4651;4787;60,8000000000001;-50,4;136;255000
vpja64;15;4843;5040;300;70,7;197;0
vpja64;15;5094;5338;27;152,4;244;2,55e+08
vpja64;15;5390;5727;51;-40,4;337;255000
vpja64;15;5744;5904;52,7;-60,5;160;255000
vpja64;15;5988;6104;-494,7;51,3;116;0
vpja64;15;6134;6436;-556,2;139,8;302;0
vpja64;15;6770;6907;425,4;-179,8;137;0
vpja64;15;6961;7103;24,2;-186,3;142;0
vpja64;15;7126;7315;-20;-177,7;189;0
vpja64;15;7366;7488;72,4;-8;122;2,55e+08
vpja64;15;7502;7852;54,8000000000001;-22,9;350;255000
vpja64;15;7864;8119;58,1;-42,4;255;255000
vpja64;15;8171;8428;54,3000000000001;146,8;257;2,55e+08
vpja64;15;8480;8558;51,7;-17,3;78;255000
vpja64;15;8834;8882;55,4;-118,8;48;255000
vpja64;15;8957;9266;80,3000000000001;139;309;2,55e+08
vpja64;15;9325;9737;61,3000000000001;-39,2;412;255000
vpja64;15;9785;9927;26,4;-147,1;142;0
vpja64;15;9952;10000;0,100000000000023;-195,4;48;0
vpja64;16;191;293;-197,4;-189,1;102;255000
vpja64;16;320;608;-269,7;-177,1;288;0
vpja64;16;669;776;-418,6;310,2;107;255
vpja64;16;810;1092;-471,6;386;282;255
vpja64;16;1140;1348;-185,8;374,7;208;0
vpja64;16;1366;1522;-150,4;369,2;156;255255000
vpja64;16;1601;1772;223,4;-196,6;171;0
vpja64;16;1811;1933;301,2;-314,8;122;0
vpja64;16;1948;1977;322,5;-298,7;29;0
vpja64;16;2034;2311;-60,4;-220,2;277;0
vpja64;16;2355;2516;-263,7;-212,1;161;255000
vpja64;16;2557;2696;-110,5;-160,9;139;0
vpja64;16;2719;2876;-72,5;-171,9;157;0
vpja64;16;2914;3038;-221,6;-189,2;124;255000
vpja64;16;3065;3250;-282,7;-196,2;185;0
vpja64;16;3270;3485;-274,9;-231,8;215;255000
vpja64;16;3509;4020;-275,4;-174,2;511;0
vpja64;16;4049;4156;-278,9;-96,6999999999999;107;2,55e+08
vpja64;16;4186;4349;-274,7;-183,6;163;0
vpja64;16;4606;4729;-246,7;181,2;123;2,55e+08
vpja64;16;4775;4943;-128,5;301,5;168;255255000
vpja64;16;4956;5077;-153;298;121;2,55e+08
vpja64;16;5142;5511;-484,3;343;369;255
vpja64;16;5557;5733;-286,5;223;176;2,55e+08
vpja64;16;5796;5920;-258,9;-177,5;124;0
vpja64;16;5932;6182;-276,6;-177;250;0
vpja64;16;6204;6603;-277,5;-220,6;399;0
vpja64;16;6622;6820;-259,1;-254,2;198;255000
vpja64;16;6884;7092;173,2;-284,9;208;0
vpja64;16;7110;7386;171,8;-247,4;276;0
vpja64;16;7459;7890;-290,9;-230,1;431;0
vpja64;16;7913;8087;-282,1;-275;174;0
vpja64;16;8377;8463;-92,3;-203,1;86;0
vpja64;16;8479;9549;-72,3;-182,7;1070;0
vpja64;16;9599;10000;-261;-210,5;401;255000
vpja64;17;168;528;-80,9;-76,5;360;255000
vpja64;17;577;702;172,4;139,9;125;255
vpja64;17;724;958;204,5;175,7;234;0
vpja64;17;976;1100;217,1;147,6;124;0
vpja64;17;1452;1522;-382,7;155,2;70;255255000
vpja64;17;1576;1757;-69,9;223,9;181;2,55e+08
vpja64;17;1786;1862;-84;159,1;76;0
vpja64;17;1928;2108;-426,5;116,5;180;255255000
vpja64;17;2144;2474;-509,9;152,8;330;0
vpja64;17;2544;2666;-92,8;-6,20000000000005;122;2,55e+08
vpja64;17;2697;3017;-91,6;-81,3;320;255000
vpja64;17;3063;3302;-111,1;128,9;239;2,55e+08
vpja64;17;3330;3532;-52;143,3;202;2,55e+08
vpja64;17;3592;3682;-0,100000000000023;-101,3;90;0
vpja64;17;3718;3901;-93,3;-88,7;183;255000
vpja64;17;3956;4065;-381,2;-43,8;109;0
vpja64;17;4126;4271;-359,2;-343,3;145;0
vpja64;17;4341;4469;224,8;-350;128;0
vpja64;17;4556;4683;13,1;276,9;127;0
vpja64;17;4719;4883;-63,8;366,6;164;0
vpja64;17;4954;5264;380,4;88,9;310;0
vpja64;17;5293;5561;363,4;41,8;268;0
vpja64;17;5627;5885;-77,3;-69,3;258;2,55e+08
vpja64;17;5944;6387;-438,4;-104,9;443;0
vpja64;17;6587;6735;-404,2;-361,5;148;0
vpja64;17;6803;6942;-15,6;-277,6;139;0
vpja64;17;6976;7342;-28,6;-368,5;366;0
vpja64;17;7393;7645;217,3;-340,1;252;0
vpja64;17;7673;7827;302,8;-356,7;154;0
vpja64;17;7896;8002;-48,1999999999999;-69,6;106;255000
vpja64;17;8025;8384;-87,1;-70,5;359;2,55e+08
vpja64;17;8431;8587;84,8000000000001;-96;156;0
vpja64;17;8629;8927;-90,1999999999999;-81;298;255000
vpja64;17;8966;9201;-99,9;101,2;235;2,55e+08
vpja64;17;9225;9367;-48,3;115;142;2,55e+08
vpja64;17;9420;9717;-99,6;306,3;297;0
vpja64;18;85;149;23,1;-38,6999999999999;64;255
vpja64;18;230;334;-218,3;-168,5;104;2,55e+08
vpja64;18;354;509;-226;-185,8;155;2,55e+08
vpja64;18;573;803;-53,9;173,4;230;0
vpja64;18;836;952;-82,6;274,5;116;2,55e+08
vpja64;18;1009;1229;-214,2;54,5;220;2,55e+08
vpja64;18;1246;1406;-232,2;74,1;160;2,55e+08
vpja64;18;1470;1748;-225,7;-189,5;278;2,55e+08
vpja64;18;1815;1941;310;-73,8;126;0
vpja64;18;1976;2165;359,7;21,9;189;0
vpja64;18;2205;2383;214,5;47,4;178;0
vpja64;18;2453;2611;612,6;-135;158;0
vpja64;18;2839;2909;-250,6;-181,6;70;2,55e+08
vpja64;18;2965;3261;-426,5;79,7;296;255255000
vpja64;18;3306;3480;-233;133,7;174;0
vpja64;18;3556;3833;326,5;161,4;277;0
vpja64;18;3873;4018;443,3;122;145;0
vpja64;18;4104;4311;-207,6;-193,6;207;255000
vpja64;18;4319;4426;-204,9;-193,3;107;255000
vpja64;18;4489;4717;-484,8;51,7;228;255255000
vpja64;18;4737;4965;-452,6;64,9;228;255255000
vpja64;18;4982;5137;-409,3;69,9;155;255255000
vpja64;18;5377;5415;-177,5;-228,8;38;255000
vpja64;18;5429;5581;-215,9;-199,5;152;255000
vpja64;18;5631;5905;-51,3;59,1;274;255
vpja64;18;5958;6093;-199;-177,4;135;2,55e+08
vpja64;18;6103;6483;-210,2;-185,9;380;2,55e+08
vpja64;18;6575;7015;359;-83,7;440;0
vpja64;18;7087;7206;-166,5;-196,4;119;0
vpja64;18;7230;7461;-207,2;-187,7;231;2,55e+08
vpja64;18;7488;7799;-217,5;-233,5;311;255000
vpja64;18;7812;8020;-214,9;-248,4;208;255000
vpja64;18;8237;8425;-201,6;-223,3;188;255000
vpja64;18;8438;8736;-205,1;-198,5;298;255000
vpja64;18;8791;9032;-55,9;-35,6;241;255
vpja64;18;9063;9756;-10,4;41,7;693;255
vpja64;18;9779;9945;32,4;95,9;166;0
vpja64;18;9966;10000;4,5;130,7;34;255
vpja64;19;217;313;-89,9000000000001;-302,7;96;2,55e+08
vpja64;19;339;1093;-80,6000000000001;-340,9;754;255000
vpja64;19;1176;1423;442,4;-128;247;0
vpja64;19;1467;1613;248,1;-131,8;146;0
vpja64;19;1700;1869;-417,1;-270,6;169;0
vpja64;19;1898;2236;-501,9;-288,3;338;0
vpja64;19;2268;2502;-511,5;-353,2;234;0
vpja64;19;2543;2711;-321,9;-350,1;168;0
vpja64;19;2732;2921;-282,2;-357,9;189;0
vpja64;19;2965;3129;-220,6;-208;164;0
vpja64;19;3182;3423;-479;-283,1;241;0
vpja64;19;3460;3752;-508,6;-399,5;292;0
vpja64;19;3769;3954;-483,5;-415,9;185;0
vpja64;19;4028;4171;60,3999999999999;-420,6;143;0
vpja64;19;4219;4319;-111,4;-322,8;100;2,55e+08
vpja64;19;4339;4700;-79,3000000000002;-332,7;361;255000
vpja64;19;4755;4956;-108,3;-109,6;201;2,55e+08
vpja64;19;4991;5312;-107;-9,20000000000005;321;2,55e+08
vpja64;19;5348;5542;-107,9;-116,4;194;2,55e+08
vpja64;19;5590;5789;-135;-226,9;199;2,55e+08
vpja64;19;6029;6061;381,3;-20,5;32;0
vpja64;19;6079;6105;391,8;28,1;26;255
vpja64;19;6157;6356;488,4;-58,7;199;0
vpja64;19;6395;6591;507,6;-180,7;196;0
vpja64;19;6638;6813;338,2;-156,8;175;0
vpja64;19;6840;7001;294,9;-108,8;161;0
vpja64;19;7046;7311;72,2999999999998;-140,8;265;0
vpja64;19;7376;7512;-75,9000000000001;127,1;136;0
vpja64;19;7546;7633;-149,8;174,4;87;0
vpja64;19;7690;7863;-391,1;202,9;173;255255000
vpja64;19;7923;8207;-108,8;144,4;284;2,55e+08
vpja64;19;8272;8364;-114,6;-282,1;92;2,55e+08
vpja64;19;8402;8646;-103,8;-340,3;244;255000
vpja64;19;8686;8915;-97,1000000000001;-168,7;229;2,55e+08
vpja64;19;8924;9131;-91,4000000000001;-184,1;207;2,55e+08
vpja64;19;9178;9316;-113,5;-299,2;138;2,55e+08
vpja64;19;9356;9834;-85,6000000000001;-373,8;478;255000
vpja64;19;9843;10000;-82,3000000000002;-360,4;157;255000
vpja64;20;215;555;0,140206185567081;-106,885567010309;340;255000
vpja64;20;704;768;-81,5597938144329;224,814432989691;64;255
vpja64;20;788;1062;-102,759793814433;263,914432989691;274;255
vpja64;20;1142;1275;-548,559793814433;167,814432989691;133;255255000
vpja64;20;1510;1710;9,14020618556708;-134,485567010309;200;255000
vpja64;20;1739;2133;4,14020618556708;-70,4855670103092;394;255000
vpja64;20;2182;2386;42,3402061855671;73,9144329896908;204;2,55e+08
vpja64;20;2438;2757;17,3402061855671;-95,9855670103092;319;255000
vpja64;20;2779;2993;-17,8597938144329;-126,285567010309;214;255000
vpja64;20;3050;3197;-300,859793814433;29,7144329896907;147;0
vpja64;20;3225;3441;-358,759793814433;71,8144329896908;216;0
vpja64;20;3498;3773;-583,159793814433;-230,285567010309;275;0
vpja64;20;3840;3984;-201,759793814433;-285,685567010309;144;0
vpja64;20;4004;4127;-176,559793814433;-308,085567010309;123;0
vpja64;20;4194;4438;-332,059793814433;84,2144329896907;244;0
vpja64;20;4458;4902;-374,059793814433;90,8144329896908;444;0
vpja64;20;4960;5441;-7,15979381443287;-46,7855670103093;481;2,55e+08
vpja64;20;5465;5618;26,7402061855671;-70,3855670103092;153;255000
vpja64;20;5681;5834;414,240206185567;-164,485567010309;153;0
vpja64;20;5874;5999;323,940206185567;-265,685567010309;125;0
vpja64;20;6012;6234;335,940206185567;-247,385567010309;222;0
vpja64;20;6317;6449;602,140206185567;173,614432989691;132;0
vpja64;20;6508;6556;653,840206185567;281,414432989691;48;NA
vpja64;20;6934;7053;42,7402061855671;-100,085567010309;119;255000
vpja64;20;7106;7252;14,0402061855671;203,814432989691;146;2,55e+08
vpja64;20;7311;7479;277,140206185567;297,314432989691;168;0
vpja64;20;7509;7661;352,440206185567;326,914432989691;152;0
vpja64;20;7710;7896;61,8402061855671;170,414432989691;186;2,55e+08
vpja64;20;7928;8106;31,5402061855671;87,3144329896908;178;2,55e+08
vpja64;20;8137;8538;7,7402061855671;172,414432989691;401;255
vpja64;20;8591;8851;-136,959793814433;73,5144329896908;260;2,55e+08
vpja64;20;8906;9113;26,6402061855671;-70,3855670103092;207;255000
vpja64;20;9125;9632;9,54020618556706;-62,5855670103092;507;255000
vpja64;20;9665;10000;19,9402061855671;-144,585567010309;335;255000
vpja64;21;189;262;-15,7;-175,1;73;0
vpja64;21;293;735;-28,9;-260,8;442;0
vpja64;21;778;908;-49,6;-76,2;130;255255000
vpja64;21;973;1074;43,4;253,6;101;2,55e+08
vpja64;21;1113;1299;20,1;386;186;0
vpja64;21;1385;1577;407,1;-108,9;192;0
vpja64;21;1633;1773;464,1;-299,5;140;0
vpja64;21;1817;1950;263,8;-368,1;133;0
vpja64;21;2126;2269;-300,2;-265;143;0
vpja64;21;2320;2554;-245,2;-2,10000000000002;234;255
vpja64;21;2593;2757;-87,2;10,4;164;2,55e+08
vpja64;21;2788;3059;-52,9;-66,3;271;255255000
vpja64;21;3113;3399;-35,5;-284,2;286;255000
vpja64;21;3412;3861;-23,1;-261,4;449;0
vpja64;21;3881;4008;-17,8000000000001;-296,1;127;255000
vpja64;21;4096;4405;-562,8;20,1;309;0
vpja64;21;4501;4618;1,5;304,7;117;2,55e+08
vpja64;21;4663;5023;54,6;412;360;2,55e+08
vpja64;21;5108;5384;389,6;19,5;276;0
vpja64;21;5428;5577;413,8;-52,5;149;0
vpja64;21;5844;5878;388,1;-143,8;34;0
vpja64;21;5925;6107;274;-52,6;182;0
vpja64;21;6119;6322;295,7;-39,3;203;0
vpja64;21;6351;6592;211;-56,1;241;0
vpja64;21;6652;6771;24,6;-258,3;119;2,55e+08
vpja64;21;6790;6909;-7,60000000000002;-271,2;119;255000
vpja64;21;7176;7500;-19,8000000000001;-313,8;324;255000
vpja64;21;7561;7815;85,3000000000001;-11,6;254;2,55e+08
vpja64;21;7848;8048;43,1;46,6;200;2,55e+08
vpja64;21;8379;8419;62,3;-94,4;40;2,55e+08
vpja64;21;8484;8615;7,10000000000002;-283,3;131;255000
vpja64;21;8624;9222;-11,3000000000001;-282,1;598;255000
vpja64;21;9239;9480;2;-305,4;241;255000
vpja64;21;9713;9759;5,29999999999995;-366,5;46;255000
vpja64;21;9771;10000;-0,5;-319,1;229;255000
vpja64;22;208;543;-67,5;-146,8;335;255000
vpja64;22;758;910;-66,9;-155;152;255000
vpja64;22;923;1450;-67,5;-170,2;527;255000
vpja64;22;1519;1783;-423,4;-125,5;264;0
vpja64;22;1817;2081;-357,4;-41,6999999999999;264;0
vpja64;22;2111;2216;-409;-11,6;105;0
vpja64;22;2268;2539;-464,2;-144,6;271;0
vpja64;22;2770;2819;-25,8;105,4;49;0
vpja64;22;2843;2916;-6;87;73;2,55e+08
vpja64;22;2929;3061;-13,5;118;132;0
vpja64;22;3123;3338;-308,6;108,9;215;255255000
vpja64;22;3394;3598;-172,8;329,1;204;0
vpja64;22;3654;3808;-22,4;133,3;154;0
vpja64;22;3832;4014;13,6;156;182;0
vpja64;22;4086;4208;-369,9;166;122;0
vpja64;22;4250;4467;-507,8;267,9;217;0
vpja64;22;4720;4780;-62,1999999999999;-184,1;60;255000
vpja64;22;4787;5077;-70,0999999999999;-158,1;290;255000
vpja64;22;5135;5268;93,8;-292,1;133;0
vpja64;22;5335;5511;376,5;37,8000000000001;176;0
vpja64;22;5815;6332;-58,9;-169,7;517;255000
vpja64;22;6351;6827;-62,0999999999999;-198,4;476;255000
vpja64;22;6856;7008;-42,4;-135,5;152;2,55e+08
vpja64;22;7019;7230;-57,9;-142,3;211;255000
vpja64;22;7289;7427;22,4000000000001;98,1;138;2,55e+08
vpja64;22;7451;7690;35,4000000000001;134,5;239;0
vpja64;22;7741;8002;-147,7;304,8;261;0
vpja64;22;8058;8211;-301,1;102,2;153;255255000
vpja64;22;8532;8549;-26,5;-242,2;17;0
vpja64;22;8577;9208;-54,5;-168,5;631;255000
vpja64;22;9218;10000;-66,4;-169,8;782;255000
vpja64;23;212;494;-32,42787456446;-240,149825783972;282;255000
vpja64;23;570;713;443,77212543554;212,250174216028;143;255
vpja64;23;732;919;433,17212543554;245,150174216028;187;255
vpja64;23;942;1168;446,97212543554;206,350174216028;226;255
vpja64;23;1195;1362;482,77212543554;251,450174216028;167;255
vpja64;23;1377;1595;515,27212543554;262,750174216028;218;255
vpja64;23;1625;1747;434,17212543554;278,350174216028;122;255
vpja64;23;1974;2111;-24,1278745644599;-270,649825783972;137;255000
vpja64;23;2124;2376;-8,82787456445999;-242,449825783972;252;255000
vpja64;23;2387;2600;-19,0278745644599;-232,849825783972;213;255000
vpja64;23;2650;2902;-29,72787456446;-33,8498257839722;252;2,55e+08
vpja64;23;2916;3165;-27,32787456446;-14,6498257839721;249;2,55e+08
vpja64;23;3214;3389;-50,72787456446;-146,449825783972;175;2,55e+08
vpja64;23;3425;3594;-46,22787456446;-254,249825783972;169;255000
vpja64;23;3618;4177;-46,72787456446;-299,849825783972;559;255000
vpja64;23;4199;4435;-27,32787456446;-242,049825783972;236;255000
vpja64;23;4451;4769;-26,32787456446;-218,749825783972;318;255000
vpja64;23;4805;5079;-67,5278745644599;-119,949825783972;274;2,55e+08
vpja64;23;5113;5314;-130,92787456446;-56,1498257839721;201;2,55e+08
vpja64;23;5347;5505;-60,5278745644599;-90,0498257839721;158;2,55e+08
vpja64;23;5556;5876;-38,42787456446;-289,749825783972;320;255000
vpja64;23;5891;6033;-44,32787456446;-307,049825783972;142;255000
vpja64;23;6117;6269;-431,02787456446;213,850174216028;152;255255000
vpja64;23;6290;6435;-391,72787456446;207,550174216028;145;255255000
vpja64;23;6718;6825;440,07212543554;-13,9498257839721;107;0
vpja64;23;6887;7011;8,67212543554001;-270,449825783972;124;255000
vpja64;23;7033;7381;-27,82787456446;-247,349825783972;348;255000
vpja64;23;7424;7588;-60,92787456446;-67,4498257839721;164;2,55e+08
vpja64;23;7615;7925;-30,0278745644599;-24,7498257839721;310;2,55e+08
vpja64;23;8008;8171;416,87212543554;145,650174216028;163;255
vpja64;23;8185;8413;443,37212543554;153,350174216028;228;255
vpja64;23;8443;8631;501,77212543554;234,750174216028;188;255
vpja64;23;8883;8910;14,9721254355401;-277,849825783972;27;255000
vpja64;23;8923;9118;-17,6278745644599;-252,149825783972;195;255000
vpja64;23;9192;9435;-409,82787456446;42,4501742160279;243;0
vpja64;23;9512;9623;-50,32787456446;-220,049825783972;111;255000
vpja64;23;9646;9866;-21,6278745644599;-231,249825783972;220;255000
vpja64;23;9896;10000;-48,92787456446;-310,349825783972;104;255000
vpja64;24;223;367;-329,4;-164,5;144;255000
vpja64;24;448;569;199,4;191,1;121;255
vpja64;24;592;693;215,4;253,7;101;255
vpja64;24;766;1135;-403,9;444,2;369;255255000
vpja64;24;1199;1321;-393,5;-145;122;2,55e+08
vpja64;24;1340;1840;-353,7;-156,3;500;255000
vpja64;24;1921;2150;-406,5;418,3;229;255255000
vpja64;24;2404;2468;-383,5;-263,4;64;255000
vpja64;24;2575;2744;358,7;-293,8;169;0
vpja64;24;2788;2982;427,2;-191,3;194;0
vpja64;24;3032;3136;196,2;-71,3;104;0
vpja64;24;3218;3376;-350,3;-221,7;158;255000
vpja64;24;3448;3722;-592,9;-171,6;274;0
vpja64;24;3773;3903;-355,9;-192,6;130;255000
vpja64;24;3924;4274;-317,9;-177,8;350;255000
vpja64;24;4340;4490;2,80000000000007;-224,5;150;0
vpja64;24;4528;4780;-19,9;-96,9;252;0
vpja64;24;5027;5178;-352,5;-246,7;151;255000
vpja64;24;5199;5436;-317,1;-197,8;237;255000
vpja64;24;5448;6268;-312;-170,5;820;255000
vpja64;24;6541;6611;-277,2;-254,3;70;255000
vpja64;24;6692;6794;118,4;78,1;102;0
vpja64;24;6828;7153;170,7;148,8;325;255
vpja64;24;7164;7248;178,4;107,8;84;255
vpja64;24;7260;7545;172,4;158,7;285;255
vpja64;24;7621;7774;-292,8;-173,5;153;255000
vpja64;24;7790;7955;-332;-169,3;165;255000
vpja64;24;8179;8540;-318,8;-214,5;361;255000
vpja64;24;8616;8840;-326,3;239,2;224;0
vpja64;24;8876;9109;-355,6;349,6;233;255255000
vpja64;24;9182;9311;-283,3;-130,4;129;2,55e+08
vpja64;24;9332;9670;-313,2;-161,5;338;255000
vpja64;24;9694;9955;-317,1;-207,7;261;255000
vpja64;25;176;225;13,8093867518409;-25,3348481412175;49;2,55e+08
vpja64;25;277;385;26,2093867518408;-155,234848141218;108;255000
vpja64;25;410;575;66,8093867518407;-156,834848141218;165;2,55e+08
vpja64;25;637;906;253,209386751841;163,765151858782;269;255
vpja64;25;924;1127;237,109386751841;188,165151858782;203;255
vpja64;25;1199;1340;-285,490613248159;141,465151858782;141;255255000
vpja64;25;1381;1432;-335,090613248159;162,765151858782;51;255255000
vpja64;25;1547;1671;5,20938675184084;-168,034848141218;124;255000
vpja64;25;1691;1920;41,8093867518409;-170,934848141218;229;255000
vpja64;25;1938;2105;39,2093867518408;-203,034848141218;167;255000
vpja64;25;2183;2635;503,209386751841;-74,8348481412175;452;0
vpja64;25;2709;2993;39,7093867518408;-207,434848141218;284;255000
vpja64;25;3008;3236;26,3093867518409;-191,234848141218;228;255000
vpja64;25;3259;3718;33,0093867518408;-151,934848141218;459;255000
vpja64;25;3778;4024;104,309386751841;146,565151858782;246;2,55e+08
vpja64;25;4042;4195;85,1093867518409;132,165151858782;153;2,55e+08
vpja64;25;4257;4378;41,1093867518408;-185,434848141218;121;255000
vpja64;25;4628;4702;7,60938675184082;-216,134848141218;74;255000
vpja64;25;4719;5247;28,0093867518408;-197,134848141218;528;255000
vpja64;25;5260;7068;45,8093867518409;-208,834848141218;1808;255000
vpja64;25;7087;7290;33,4093867518409;-175,834848141218;203;255000
vpja64;25;7550;7602;40,3093867518409;-245,334848141218;52;255000
vpja64;25;7611;7804;36,4093867518409;-209,634848141218;193;255000
vpja64;25;7823;9541;42,0093867518408;-222,234848141218;1718;255000
vpja64;25;9615;9792;240,809386751841;99,3651518587825;177;0
vpja64;25;9817;9954;253,209386751841;140,765151858782;137;255
vpja64;25;9969;10000;223,609386751841;159,365151858782;31;255
vpja64;26;25;155;16,5613240418118;8,94320557491289;130;2,55e+08
vpja64;26;209;343;-22,3386759581882;-224,556794425087;134;255000
vpja64;26;356;592;-37,4386759581882;-233,056794425087;236;255000
vpja64;26;662;813;-240,138675958188;111,743205574913;151;0
vpja64;26;844;1025;-286,338675958188;199,643205574913;181;255
vpja64;26;1103;1391;333,761324041812;258,143205574913;288;255255000
vpja64;26;1405;1594;318,461324041812;261,543205574913;189;255255000
vpja64;26;1641;1779;205,661324041812;-51,256794425087;138;0
vpja64;26;1807;1995;271,361324041812;-60,4567944250871;188;0
vpja64;26;2055;2170;-13,1386759581882;-237,256794425087;115;255000
vpja64;26;2187;2500;-45,8386759581882;-233,056794425087;313;255000
vpja64;26;2523;2888;-33,9386759581882;-269,256794425087;365;255000
vpja64;26;2909;3063;-25,6386759581882;-221,656794425087;154;255000
vpja64;26;3314;3345;-12,3386759581882;-154,956794425087;31;2,55e+08
vpja64;26;3623;3662;-20,3386759581882;-287,056794425087;39;255000
vpja64;26;3672;3746;-21,7386759581882;-244,056794425087;74;255000
vpja64;26;3755;4041;-27,4386759581882;-247,156794425087;286;255000
vpja64;26;4070;4458;-25,2386759581882;-298,056794425087;388;255000
vpja64;26;4552;4740;-364,438675958188;246,443205574913;188;255
vpja64;26;4795;4908;-198,938675958188;193,743205574913;113;255
vpja64;26;4961;5153;-333,338675958188;-38,256794425087;192;0
vpja64;26;5180;5297;-298,038675958188;-79,556794425087;117;0
vpja64;26;5373;5606;377,861324041812;-29,756794425087;233;0
vpja64;26;5648;5915;345,361324041812;201,943205574913;267;255255000
vpja64;26;5982;6092;9,46132404181174;-189,156794425087;110;2,55e+08
vpja64;26;6114;6239;-24,0386759581883;-216,956794425087;125;255000
vpja64;26;6540;6593;510,361324041812;97,6432055749129;53;0
vpja64;26;6635;6875;354,961324041812;131,043205574913;240;0
vpja64;26;6956;7212;-201,038675958188;142,143205574913;256;255
vpja64;26;7277;7560;-41,7386759581882;-236,356794425087;283;255000
vpja64;26;7590;8420;-44,0386759581883;-284,456794425087;830;255000
vpja64;26;8610;8838;-310,338675958188;-853,956794425087;228;NA
vpja64;26;8905;9001;22,5613240418118;-273,056794425087;96;255000
vpja64;26;9259;9487;-35,9386759581882;-276,056794425087;228;255000
vpja64;26;9500;10000;-14,9386759581882;-272,256794425087;500;255000
