vp;trial;timest;timeend;x;y;duration;roi
vpja66;1;25;287;-6,29999999999995;4,09999999999991;262;0
vpja66;1;352;441;-68,6999999999999;-289;89;2,55e+08
vpja66;1;465;823;-92,4;-360,3;358;255000
vpja66;1;916;1046;-90;-356,5;130;255000
vpja66;1;1207;1369;-71,1;-356,1;162;255000
vpja66;1;1463;1648;-389,2;250,4;185;255255000
vpja66;1;1732;2077;-75,4;31,1999999999999;345;2,55e+08
vpja66;1;2127;2303;-95,9;131,5;176;2,55e+08
vpja66;1;2378;2747;238,5;134,7;369;0
vpja66;1;2778;3082;297,9;217,4;304;255
vpja66;1;3143;3333;23;125,3;190;0
vpja66;1;3407;3502;-58,4;-331;95;255000
vpja66;1;3530;3865;-72,1;-381,7;335;255000
vpja66;1;3884;4477;-60,6;-370,9;593;255000
vpja66;1;4573;4694;-319,3;196,5;121;0
vpja66;1;4748;4882;-445,7;237,7;134;255255000
vpja66;1;4908;5058;-469,8;260,8;150;255255000
vpja66;1;5149;5303;-13,5;-253,2;154;0
vpja66;1;5354;5703;-69,6;-373;349;255000
vpja66;1;5783;6147;-428,6;-249,9;364;0
vpja66;1;6230;6414;23,6;-54,9000000000001;184;0
vpja66;1;6488;6790;-69,1;-368;302;255000
vpja66;1;6855;7071;250;152,1;216;255
vpja66;1;7127;7339;526,2;-73;212;0
vpja66;1;7385;7793;447,6;-147,5;408;0
vpja66;1;7856;8059;264,2;96,0999999999999;203;0
vpja66;1;8101;8300;259,7;166;199;255
vpja66;1;8389;8604;-240;182;215;0
vpja66;1;8678;8897;-56,8;-269,5;219;2,55e+08
vpja66;1;8948;9181;-63,9;-378,4;233;255000
vpja66;1;9198;9896;-56,4;-383,6;698;255000
vpja66;1;9979;10000;-295;132,8;21;0
vpja66;2;310;461;31,1999999999999;-107,5;151;255000
vpja66;2;483;827;60,4999999999999;-130;344;255000
vpja66;2;1036;1238;339,2;318,4;202;255
vpja66;2;1288;1309;282,7;419,8;21;0
vpja66;2;1398;1576;-269,4;311,6;178;255255000
vpja66;2;1599;1844;-236,1;266,1;245;255255000
vpja66;2;1905;2132;-518,1;56,6;227;0
vpja66;2;2190;2390;-429,1;-78,3;200;0
vpja66;2;2461;2648;-154,6;-211,8;187;0
vpja66;2;2721;2836;143,1;-110,9;115;0
vpja66;2;2912;3063;417;189,9;151;0
vpja66;2;3114;3411;344,9;363,9;297;255
vpja66;2;3437;3629;367,6;387,4;192;255
vpja66;2;3701;3824;190,8;-24;123;0
vpja66;2;3876;4208;81,6;-107,8;332;255000
vpja66;2;4224;4400;66,6;-126,1;176;255000
vpja66;2;4481;4763;-338,3;-76,5;282;0
vpja66;2;4853;4968;80,1999999999999;42,4;115;2,55e+08
vpja66;2;5049;5193;-218,3;270,6;144;255255000
vpja66;2;5277;5480;76,8000000000001;-148,5;203;255000
vpja66;2;5520;5718;179,8;-163,8;198;0
vpja66;2;5783;5949;-146,8;-271,8;166;0
vpja66;2;6023;6210;-456,3;-246,1;187;0
vpja66;2;6267;6444;-336;-324,1;177;0
vpja66;2;6526;6691;-532;237,1;165;0
vpja66;2;6808;7056;396,9;322,3;248;255
vpja66;2;7086;7790;361,1;389,9;704;255
vpja66;2;7824;8008;366,1;204,4;184;0
vpja66;2;8053;8225;369;142,1;172;0
vpja66;2;8273;8375;432,7;240,1;102;0
vpja66;2;8459;8616;43,8;-146,5;157;255000
vpja66;2;8648;8955;69,1;-131,6;307;255000
vpja66;2;8963;9462;71,9;-136,2;499;255000
vpja66;2;9488;9786;139,8;-145,5;298;0
vpja66;2;9803;9965;156,1;-160;162;0
vpja66;3;253;449;-83,5;-268;196;255000
vpja66;3;693;786;-400,5;416,6;93;0
vpja66;3;839;990;-547,9;378,7;151;0
vpja66;3;1102;1308;384,5;339,6;206;255255000
vpja66;3;1650;1713;506,7;26,4;63;0
vpja66;3;1737;1914;517,1;81,8000000000001;177;0
vpja66;3;1973;2278;375,2;284,6;305;255255000
vpja66;3;2303;2693;402,1;334,5;390;255255000
vpja66;3;2804;3000;-440,6;305,6;196;0
vpja66;3;3107;3355;-55,7;-267,6;248;255000
vpja66;3;3392;3690;-15,6;-72,8;298;2,55e+08
vpja66;3;3749;3961;-102,6;-315,3;212;255000
vpja66;3;3983;4278;-65,9000000000001;-344,1;295;255000
vpja66;3;4395;4588;-489,3;317,6;193;0
vpja66;3;4610;4885;-449,2;279,9;275;255
vpja66;3;4984;5135;-52,3000000000001;-273,7;151;255000
vpja66;3;5158;5488;-81,2;-321,7;330;255000
vpja66;3;5502;6340;-70;-334,5;838;255000
vpja66;3;6369;6589;-125,8;-341,5;220;255000
vpja66;3;6615;6821;-55;-343,3;206;255000
vpja66;3;6917;7619;-451,8;276,6;702;255
vpja66;3;7647;7901;-500,6;349,3;254;255
vpja66;3;7923;8081;-469,5;298,3;158;255
vpja66;3;8203;8388;439,5;-55,1999999999999;185;0
vpja66;3;8415;8546;344,4;-69,1999999999999;131;0
vpja66;3;8617;8895;541,4;-385,6;278;0
vpja66;3;8920;9060;546,7;-352,6;140;0
vpja66;3;9130;9305;534,8;168,9;175;0
vpja66;3;9373;9610;331,8;313,3;237;255255000
vpja66;3;9673;10000;478;61,4;327;0
vpja66;4;253;433;-7,10000000000002;-181,7;180;255000
vpja66;4;512;701;-336,2;154,7;189;255255255
vpja66;4;726;880;-316;202,4;154;255
vpja66;4;956;1177;-26,9;-238,8;221;255000
vpja66;4;1194;1599;-6,20000000000005;-245,8;405;255000
vpja66;4;1686;1809;-293,5;251,1;123;255255255
vpja66;4;1838;2104;-288,3;189,7;266;255
vpja66;4;2357;2490;-260,5;161,4;133;255
vpja66;4;2544;2705;-349;311,2;161;255255255
vpja66;4;2739;3225;-284,6;177,4;486;255
vpja66;4;3252;3500;-218,6;204,6;248;255
vpja66;4;3518;3606;-242,8;209,8;88;255
vpja66;4;3702;3957;350,4;185,7;255;255255255
vpja66;4;3991;4284;299,1;208,6;293;255255255
vpja66;4;4307;4837;302,1;149,8;530;255255000
vpja66;4;4889;5040;394,2;122,9;151;255255255
vpja66;4;5083;5241;467,8;112,6;158;255255255
vpja66;4;5317;5502;374;-218,2;185;255255255
vpja66;4;5553;5755;242,9;-247;202;255255255
vpja66;4;5827;6074;-7,29999999999995;-255,3;247;255000
vpja66;4;6085;6536;-11;-245,7;451;255000
vpja66;4;6557;6777;-2,79999999999995;-247,4;220;255000
vpja66;4;6857;6971;-426,6;-138,6;114;255255255
vpja66;4;7044;7236;-431,7;-391,9;192;255255255
vpja66;4;7320;7452;24,7;-268,2;132;255000
vpja66;4;7475;7837;4;-237,1;362;255000
vpja66;4;7860;8140;-17,3;-241,8;280;255000
vpja66;4;8161;8364;-1,39999999999998;-240,9;203;255000
vpja66;4;8441;10000;-277,8;164,6;1559;255
vpja66;5;334;541;-184,4;-225,9;207;255000
vpja66;5;558;780;-215,5;-245,5;222;0
vpja66;5;853;1301;-84,8000000000001;41,8000000000001;448;255
vpja66;5;1359;1554;-118,5;241,8;195;2,55e+08
vpja66;5;1626;1769;-112,3;0,5;143;2,55e+08
vpja66;5;1813;1942;-166,7;-209,3;129;2,55e+08
vpja66;5;1962;2122;-192,4;-236,2;160;255000
vpja66;5;2200;2474;-529,2;144;274;0
vpja66;5;2538;2674;-477,3;455,2;136;0
vpja66;5;2957;3030;423,1;-131,8;73;0
vpja66;5;3053;3087;422,9;-65,9;34;0
vpja66;5;3150;3358;601,5;-182,4;208;0
vpja66;5;3614;3722;609,4;-171,5;108;0
vpja66;5;3816;4020;32;220,6;204;0
vpja66;5;4075;4358;-23,5;33,9000000000001;283;255
vpja66;5;4385;4606;35;32,7;221;255
vpja66;5;4673;4914;325,8;-90,5999999999999;241;0
vpja66;5;4967;5293;595,4;-205,2;326;0
vpja66;5;5319;5552;635,4;-172,8;233;0
vpja66;5;5574;5683;625,8;-199,7;109;0
vpja66;5;5795;6042;-172,6;-287,7;247;255000
vpja66;5;6115;6295;-457,9;-19,0999999999999;180;255255000
vpja66;5;6353;6544;-129,2;-267,3;191;0
vpja66;5;6570;6971;-156,6;-262,6;401;255000
vpja66;5;7019;7225;-76,4;112;206;255
vpja66;5;7268;7624;-173,3;-24,4;356;2,55e+08
vpja66;5;7671;7921;-79,1;238,5;250;2,55e+08
vpja66;5;7946;8186;-51,9;252,3;240;0
vpja66;5;8241;8649;-47,8000000000001;51,1;408;255
vpja66;5;8698;9061;-79,7;244,8;363;2,55e+08
vpja66;5;9147;9315;-486;-129,1;168;0
vpja66;5;9389;9542;-192,4;-242;153;255000
vpja66;5;9562;9942;-184,3;-253,6;380;255000
vpja66;6;253;374;-8,10000000000002;-217;121;2,55e+08
vpja66;6;396;590;-23,7;-275,1;194;255000
vpja66;6;601;808;-15,4000000000001;-297,2;207;255000
vpja66;6;903;1118;-350,8;131,3;215;255
vpja66;6;1142;1783;-367,2;125,1;641;255
vpja66;6;1879;2137;257,4;106,3;258;255255000
vpja66;6;2156;2398;276,7;94,4;242;255255000
vpja66;6;2484;2639;-26,2;-250,6;155;255000
vpja66;6;2660;2939;-14,8000000000001;-277,4;279;255000
vpja66;6;2958;3322;5,89999999999998;-282,8;364;255000
vpja66;6;3405;3547;-406;225,1;142;0
vpja66;6;3580;3737;-371,7;130,5;157;255
vpja66;6;4008;4125;148,7;48,1;117;0
vpja66;6;4182;4375;-44,9000000000001;47,3;193;2,55e+08
vpja66;6;4416;4439;-7,90000000000009;-228,3;23;255000
vpja66;6;4461;4587;-13,7;-213,7;126;2,55e+08
vpja66;6;4614;4724;-8,70000000000005;-287;110;255000
vpja66;6;4816;5074;526,8;-194,3;258;0
vpja66;6;5161;5378;-18,4000000000001;-283,3;217;255000
vpja66;6;5465;5621;-485,2;-92,6;156;0
vpja66;6;5699;5919;-35,1;-244,7;220;255000
vpja66;6;5943;7358;8;-286,6;1415;255000
vpja66;6;7383;7699;-11,5;-293,6;316;255000
vpja66;6;7779;7948;-358;90,9;169;0
vpja66;6;8011;8524;-95,8000000000001;14,3;513;2,55e+08
vpja66;6;8585;8791;-375,1;115,5;206;255
vpja66;6;8805;8937;-366,3;105,9;132;255
vpja66;6;8999;9267;-615,9;86;268;0
vpja66;6;9358;9646;-99,7;-96,9;288;2,55e+08
vpja66;6;9708;10000;15,0999999999999;-276,8;292;255000
vpja66;7;288;506;-240,3;-247,2;218;255000
vpja66;7;574;914;-187,9;375,6;340;0
vpja66;7;1191;1264;118,6;-193,5;73;0
vpja66;7;1348;1488;-252,5;386,6;140;0
vpja66;7;1546;1676;-390,4;248,5;130;0
vpja66;7;1731;2176;-258,3;190,2;445;2,55e+08
vpja66;7;2205;2452;-213,5;124,6;247;2,55e+08
vpja66;7;2536;2704;-221,4;-235,9;168;255000
vpja66;7;2718;2851;-237,6;-249;133;255000
vpja66;7;2934;3178;-239,1;233,5;244;2,55e+08
vpja66;7;3197;3371;-243,5;216,3;174;2,55e+08
vpja66;7;3422;3654;-139,1;343,6;232;255
vpja66;7;3672;4330;-154,2;327,8;658;255
vpja66;7;4351;4481;-135,7;362,2;130;255
vpja66;7;4561;4839;-510,7;332,2;278;0
vpja66;7;4919;5080;-235,8;-218,4;161;255000
vpja66;7;5101;5272;-253;-240,9;171;255000
vpja66;7;5355;5523;166,4;-253,8;168;0
vpja66;7;5585;5735;356,4;78,5999999999999;150;0
vpja66;7;5760;5953;412,9;55,0999999999999;193;0
vpja66;7;6008;6207;503,8;443,6;199;0
vpja66;7;6316;6437;-287,3;56,4;121;2,55e+08
vpja66;7;6509;6701;-571,1;77,6999999999999;192;0
vpja66;7;6770;6931;-588,3;-190;161;0
vpja66;7;6964;7117;-585,8;-308,4;153;0
vpja66;7;7194;7360;-491,6;217,2;166;0
vpja66;7;7401;8017;-464,7;282,7;616;255255000
vpja66;7;8095;8233;-279;-118,6;138;2,55e+08
vpja66;7;8294;8458;-236,4;-256,6;164;255000
vpja66;7;8495;9054;-76,2;-222,8;559;0
vpja66;7;9082;9268;-91,9;-169,2;186;0
vpja66;7;9336;9514;-262,2;-257,4;178;255000
vpja66;7;9530;10000;-247,2;-246,7;470;255000
vpja66;8;320;509;-301,7;-173,9;189;255000
vpja66;8;526;593;-291,6;-180,7;67;255000
vpja66;8;677;906;115;337,5;229;255
vpja66;8;928;1382;100;294,7;454;255
vpja66;8;1427;1491;191,8;367,7;64;255
vpja66;8;1591;1751;-528,1;394,3;160;255255000
vpja66;8;1844;1983;-295;-158,5;139;255000
vpja66;8;2016;2287;-252,6;-221,2;271;255000
vpja66;8;2375;2553;149,2;332,7;178;255
vpja66;8;2581;2869;134,5;272;288;255
vpja66;8;2887;3711;133,7;252,6;824;255
vpja66;8;3779;3962;397,6;146,7;183;0
vpja66;8;4052;4285;441,4;8,69999999999993;233;0
vpja66;8;4362;4456;35,1;-25;94;0
vpja66;8;4522;4692;-260,9;-206,8;170;255000
vpja66;8;4707;4850;-241,3;-216,3;143;255000
vpja66;8;4914;5119;-535,6;-176,2;205;0
vpja66;8;5197;5301;-439,7;460,4;104;255255000
vpja66;8;5332;5725;-474,3;368,6;393;255255000
vpja66;8;5739;6035;-473,3;359,3;296;255255000
vpja66;8;6193;6296;507;47,4;103;0
vpja66;8;6337;6567;593,4;-66,1;230;0
vpja66;8;6680;6840;-280,8;-133,6;160;255000
vpja66;8;6887;7288;-294,3;-193,6;401;255000
vpja66;8;7370;7689;131,7;273,2;319;255
vpja66;8;7712;7905;141,9;252,7;193;255
vpja66;8;7950;8426;216,9;388,7;476;255
vpja66;8;8463;8922;102,2;247,7;459;255
vpja66;8;8940;9192;123,2;245,7;252;255
vpja66;8;9275;9480;-253,2;-187,5;205;255000
vpja66;8;9498;9735;-261,4;-205,4;237;255000
vpja66;8;9940;10000;-145,7;-107,5;60;2,55e+08
vpja66;9;276;482;-52,0263345195729;-77,7430604982208;206;255000
vpja66;9;538;680;-112,426334519573;239,656939501779;142;255255000
vpja66;9;764;924;-577,126334519573;205,756939501779;160;0
vpja66;9;941;2150;-544,626334519573;172,156939501779;1209;255
vpja66;9;2241;2375;-76,2263345195729;-95,3430604982207;134;255000
vpja66;9;2400;2563;-43,3263345195729;-116,143060498221;163;255000
vpja66;9;2644;2804;-70,9263345195729;339,256939501779;160;255255000
vpja66;9;2837;3164;-73,3263345195729;280,856939501779;327;255255000
vpja66;9;3244;3495;-11,4263345195729;-162,243060498221;251;255000
vpja66;9;3543;3656;-61,1263345195729;-128,743060498221;113;255000
vpja66;9;3746;4011;-536,226334519573;-175,943060498221;265;0
vpja66;9;4137;4258;451,173665480427;-96,6430604982207;121;0
vpja66;9;4338;4579;432,773665480427;387,356939501779;241;0
vpja66;9;4608;4874;553,473665480427;417,356939501779;266;0
vpja66;9;4967;5060;349,373665480427;96,0569395017793;93;0
vpja66;9;5130;5336;-55,0263345195729;-99,2430604982208;206;255000
vpja66;9;5371;5441;-77,5263345195729;-135,443060498221;70;255000
vpja66;9;5521;5742;-563,726334519573;-222,143060498221;221;0
vpja66;9;5817;6001;-522,926334519573;207,356939501779;184;255
vpja66;9;6022;6427;-532,626334519573;167,656939501779;405;255
vpja66;9;6526;6656;76,0736654804271;29,4569395017793;130;2,55e+08
vpja66;9;6708;6979;8,07366548042705;-121,543060498221;271;255000
vpja66;9;7030;7221;154,273665480427;-39,6430604982207;191;2,55e+08
vpja66;9;7257;7540;121,573665480427;-36,0430604982207;283;2,55e+08
vpja66;9;7597;7834;-30,9263345195729;-119,543060498221;237;255000
vpja66;9;7850;8113;-25,1263345195729;-143,443060498221;263;255000
vpja66;9;8180;8288;13,2736654804271;244,656939501779;108;0
vpja66;9;8318;8623;6,07366548042705;160,056939501779;305;2,55e+08
vpja66;9;8659;8850;64,1736654804271;58,1569395017792;191;2,55e+08
vpja66;9;8924;9084;19,9736654804271;-171,843060498221;160;255000
vpja66;9;9109;9745;-16,7263345195729;-145,943060498221;636;255000
vpja66;9;9968;10000;-26,1263345195729;-133,243060498221;32;255000
vpja66;10;252;482;-28,4586330935252;-209,419424460432;230;255000
vpja66;10;559;709;314,141366906475;325,480575539568;150;0
vpja66;10;802;964;-321,058633093525;242,480575539568;162;255
vpja66;10;1022;1134;-437,058633093525;195,780575539568;112;255
vpja66;10;1176;1314;-448,258633093525;-8,2194244604317;138;0
vpja66;10;1352;1508;-286,658633093525;-77,9194244604316;156;0
vpja66;10;1584;2084;-40,8586330935252;-304,419424460432;500;255000
vpja66;10;2114;2341;-57,8586330935252;-284,319424460432;227;255000
vpja66;10;2352;2587;-53,4586330935252;-296,719424460432;235;255000
vpja66;10;2608;2903;-27,6586330935252;-301,719424460432;295;255000
vpja66;10;2989;3162;-272,858633093525;117,680575539568;173;255
vpja66;10;3222;3333;-425,658633093525;256,280575539568;111;255
vpja66;10;3423;3617;129,641366906475;264,280575539568;194;0
vpja66;10;3687;3993;374,241366906475;243,780575539568;306;255255000
vpja66;10;4046;4293;233,841366906475;180,480575539568;247;255255000
vpja66;10;4367;4555;266,541366906475;-43,0194244604317;188;0
vpja66;10;4652;4766;-405,358633093525;11,1805755395684;114;0
vpja66;10;4826;5053;-371,158633093525;233,380575539568;227;255
vpja66;10;5095;5285;-441,558633093525;-5,7194244604317;190;0
vpja66;10;5338;5438;-294,258633093525;-68,7194244604317;100;0
vpja66;10;5515;5740;-59,1586330935252;-288,519424460432;225;255000
vpja66;10;5762;6179;-23,9586330935252;-301,019424460432;417;255000
vpja66;10;6198;6225;-19,3586330935252;-306,519424460432;27;255000
vpja66;10;6335;6506;-45,4586330935252;-273,019424460432;171;255000
vpja66;10;6721;7066;18,0413669064748;8,2805755395683;345;2,55e+08
vpja66;10;7122;7387;96,1413669064748;200,480575539568;265;0
vpja66;10;7491;7628;-440,158633093525;476,480575539568;137;0
vpja66;10;7684;7842;-655,358633093525;514,180575539568;158;NA
vpja66;10;7864;8155;-634,558633093525;468,480575539568;291;0
vpja66;10;8171;8265;-642,258633093525;449,480575539568;94;NA
vpja66;10;8376;8463;-146,758633093525;-182,619424460432;87;0
vpja66;10;8518;9156;-47,6586330935252;-313,119424460432;638;255000
vpja66;10;9181;9350;-68,3586330935252;-289,519424460432;169;255000
vpja66;10;9368;10000;-61,7586330935252;-309,519424460432;632;255000
vpja66;11;391;571;-199,9;96,8000000000001;180;255
vpja66;11;628;824;44,0999999999999;-312,6;196;255000
vpja66;11;835;989;44,9;-331,6;154;255000
vpja66;11;1067;1195;330,9;214,2;128;0
vpja66;11;1273;1603;-137,7;86,2;330;255
vpja66;11;1631;1844;-139,8;54,7;213;255
vpja66;11;1960;2084;59,8;-264,1;124;2,55e+08
vpja66;11;2166;2301;321,2;184,6;135;0
vpja66;11;2325;2513;282,9;155,8;188;255255000
vpja66;11;2619;2880;-499,6;62,5;261;0
vpja66;11;2987;3461;87,3999999999999;-305,7;474;255000
vpja66;11;3485;3853;55,1999999999999;-329,7;368;255000
vpja66;11;3933;4240;248,1;146;307;255255000
vpja66;11;4322;4569;-173,2;54;247;255
vpja66;11;4628;5161;-37,2;-42,8;533;0
vpja66;11;5177;6700;-32;-62,9;1523;0
vpja66;11;6709;8810;-16,5;-81,4;2101;0
vpja66;11;8858;9214;41,1999999999999;-274,8;356;2,55e+08
vpja66;11;9408;9643;-118,1;56,7;235;255
vpja66;11;9829;9971;5,39999999999998;-46;142;0
vpja66;12;248;404;-80,056338028169;-126,157042253521;156;255000
vpja66;12;475;696;-319,056338028169;146,542957746479;221;255
vpja66;12;773;1030;37,443661971831;179,842957746479;257;0
vpja66;12;1054;1376;10,843661971831;189,242957746479;322;0
vpja66;12;1453;1542;-55,4563380281689;-138,657042253521;89;2,55e+08
vpja66;12;1566;1722;-84,256338028169;-169,657042253521;156;255000
vpja66;12;1800;1914;-339,856338028169;195,442957746479;114;0
vpja66;12;1942;2229;-313,056338028169;122,842957746479;287;255
vpja66;12;2297;3121;-446,556338028169;-24,9570422535211;824;0
vpja66;12;3216;3501;-41,9563380281689;-228,757042253521;285;0
vpja66;12;3569;3686;143,543661971831;-379,057042253521;117;0
vpja66;12;3757;4007;-176,356338028169;4,9429577464789;250;0
vpja66;12;4054;4420;-399,756338028169;-68,757042253521;366;0
vpja66;12;4448;4594;-409,756338028169;-22,657042253521;146;0
vpja66;12;4677;4825;-39,156338028169;-213,357042253521;148;255000
vpja66;12;4851;4949;-66,756338028169;-210,257042253521;98;255000
vpja66;12;5013;5398;112,843661971831;-377,557042253521;385;0
vpja66;12;5623;5739;-110,956338028169;-199,857042253521;116;255000
vpja66;12;5764;5993;-64,4563380281689;-219,157042253521;229;255000
vpja66;12;6072;6284;-392,756338028169;-5,0570422535211;212;0
vpja66;12;6341;6730;-409,556338028169;-109,657042253521;389;0
vpja66;12;6786;6972;-270,256338028169;39,842957746479;186;0
vpja66;12;7025;7160;-419,356338028169;-6,0570422535211;135;0
vpja66;12;7223;7396;-419,356338028169;-191,057042253521;173;0
vpja66;12;7501;7725;282,543661971831;37,342957746479;224;0
vpja66;12;7793;7947;-1,45633802816894;176,642957746479;154;0
vpja66;12;7974;8119;26,0436619718311;157,442957746479;145;0
vpja66;12;8184;8393;-148,156338028169;305,042957746479;209;0
vpja66;12;8464;8714;45,5436619718311;128,242957746479;250;0
vpja66;12;8739;8953;110,443661971831;135,242957746479;214;0
vpja66;12;9033;9338;-262,656338028169;99,4429577464789;305;255
vpja66;12;9373;9602;-110,656338028169;309,842957746479;229;0
vpja66;12;9631;9999;-201,656338028169;325,042957746479;368;0
vpja66;13;269;440;-152,4;-195,7;171;2,55e+08
vpja66;13;460;754;-183,5;-230,8;294;255000
vpja66;13;838;1313;-442,1;331,4;475;255
vpja66;13;1490;1556;-125,2;254,2;66;2,55e+08
vpja66;13;1772;1876;-269,8;21;104;0
vpja66;13;1940;2167;-483,4;73,3;227;0
vpja66;13;2236;2526;-493,1;385,1;290;0
vpja66;13;2560;2781;-487,2;272,4;221;255
vpja66;13;2833;3115;-479,5;45,5999999999999;282;0
vpja66;13;3187;3481;-153,3;-237,3;294;255000
vpja66;13;3545;3643;-25,4;-385,9;98;0
vpja66;13;3720;4001;-365,6;-246,6;281;0
vpja66;13;4057;4257;-130;-221,8;200;255000
vpja66;13;4321;4549;-159,7;5,69999999999993;228;2,55e+08
vpja66;13;4609;4941;-181,5;172,5;332;2,55e+08
vpja66;13;4972;5176;-211,6;234,3;204;2,55e+08
vpja66;13;5246;5728;-145,8;-43,8000000000001;482;2,55e+08
vpja66;13;5800;5942;-135,1;-276,1;142;255000
vpja66;13;5965;6145;-147,1;-249,9;180;255000
vpja66;13;6152;6260;-154,2;-250,3;108;255000
vpja66;13;6342;6484;-461,1;353,9;142;255
vpja66;13;6514;6793;-492,6;286,6;279;255
vpja66;13;6828;7262;-405,9;267,9;434;255
vpja66;13;7308;7677;-500,7;411,2;369;0
vpja66;13;7699;8050;-521,9;360,1;351;255
vpja66;13;8091;8306;-574,6;403,2;215;0
vpja66;13;8429;8727;332,9;242,4;298;0
vpja66;13;8763;8993;299,9;292,7;230;0
vpja66;13;9078;9234;-158,1;-205,9;156;255000
vpja66;13;9255;9499;-157,7;-233,6;244;255000
vpja66;13;9518;9922;-158,4;-242,5;404;255000
vpja66;14;322;601;130,6;-274,3;279;255000
vpja66;14;677;922;132,9;289,2;245;255
vpja66;14;1017;1248;-450,4;334,4;231;255255000
vpja66;14;1276;1384;-483,1;355,4;108;0
vpja66;14;1449;1693;-525,8;-1,20000000000005;244;0
vpja66;14;1749;1838;-460,7;-184,7;89;0
vpja66;14;1921;2317;150,1;-293,1;396;255000
vpja66;14;2413;2596;180,2;356,9;183;255
vpja66;14;2620;2752;138,1;308,3;132;255
vpja66;14;2839;3079;-387,2;376,5;240;255255000
vpja66;14;3138;3384;-486,4;192,5;246;0
vpja66;14;3444;3711;-452,8;31,9;267;0
vpja66;14;3812;4041;197,4;402,4;229;255
vpja66;14;4070;4469;161,2;308,6;399;255
vpja66;14;4489;4804;193,1;305,8;315;255
vpja66;14;4848;5108;124,5;337,5;260;255
vpja66;14;5125;5375;128,7;385,5;250;255
vpja66;14;5400;5703;96,2;455,4;303;0
vpja66;14;5731;6048;147,8;323,7;317;255
vpja66;14;6061;6258;147,5;320,5;197;255
vpja66;14;6350;6401;152,2;-265,7;51;255000
vpja66;14;6417;6470;144;-233,1;53;255000
vpja66;14;6496;6732;120;-278,7;236;255000
vpja66;14;6750;7009;147,8;-274,8;259;255000
vpja66;14;7020;7647;164,6;-284,7;627;255000
vpja66;14;7741;7998;-333;-154,8;257;0
vpja66;14;8053;8244;-489,1;-164,7;191;0
vpja66;14;8320;8446;-156,6;-208,2;126;0
vpja66;14;8539;8835;494,7;266,6;296;0
vpja66;14;8922;9015;27,5;286,8;93;2,55e+08
vpja66;14;9099;9325;-426,3;332,6;226;255255000
vpja66;14;9347;9618;-389,1;306,4;271;255255000
vpja66;14;9652;9853;-427,5;281,3;201;255255000
vpja66;14;9898;9999;-534;252,2;101;0
vpja66;15;272;390;90,1;-190;118;255000
vpja66;15;423;509;68,5000000000001;-258,7;86;255000
vpja66;15;677;821;-500,1;45,2;144;255
vpja66;15;882;1018;-414,4;-146,9;136;0
vpja66;15;1111;1269;141;-265;158;255000
vpja66;15;1455;1623;-119,7;-348;168;0
vpja66;15;1652;1883;-75,5;-424;231;0
vpja66;15;1985;2177;199,9;330;192;255255000
vpja66;15;2235;2513;99,3000000000001;192,7;278;255255000
vpja66;15;2575;2728;126,1;44,6;153;0
vpja66;15;2760;3017;148;-57,1999999999999;257;2,55e+08
vpja66;15;3111;3325;-435,1;90,8000000000001;214;255
vpja66;15;3382;3615;-563,6;422,5;233;0
vpja66;15;3723;3984;199,4;224,9;261;255255000
vpja66;15;4010;4327;228,6;173,4;317;255255000
vpja66;15;4388;4564;98,5000000000001;-256,2;176;255000
vpja66;15;4580;5122;100,1;-271,5;542;255000
vpja66;15;5132;5361;110,2;-274,8;229;255000
vpja66;15;5455;5592;-445,6;124,1;137;255
vpja66;15;5623;6198;-454,5;68,5;575;255
vpja66;15;6214;6379;-450,3;94,6;165;255
vpja66;15;6433;6705;-436,4;-110,1;272;0
vpja66;15;6772;7191;-69;-153,6;419;0
vpja66;15;7260;7412;-9,89999999999998;-340,5;152;0
vpja66;15;7471;7673;130,3;-285,1;202;255000
vpja66;15;7694;8030;123,3;-270,1;336;255000
vpja66;15;8097;8237;172,4;37;140;0
vpja66;15;8262;8480;166,1;-19,5;218;2,55e+08
vpja66;15;8498;8712;170,4;-46,9;214;2,55e+08
vpja66;15;8753;8955;198,8;-6;202;2,55e+08
vpja66;15;8984;9291;166,2;-66,8;307;2,55e+08
vpja66;15;9328;9563;159,7;-122,1;235;2,55e+08
vpja66;15;9599;9765;123,6;-247,7;166;255000
vpja66;15;9786;10000;112,8;-282,2;214;255000
vpja66;16;271;441;-360,2;-12,0999999999999;170;255000
vpja66;16;495;693;-362,5;362,9;198;0
vpja66;16;722;860;-354,8;309,1;138;0
vpja66;16;1148;1316;197,9;222;168;255255000
vpja66;16;1410;1548;-405,8;-6,29999999999995;138;2,55e+08
vpja66;16;1569;1771;-393,3;-43,8;202;255000
vpja66;16;1856;2194;160,8;192,9;338;255255000
vpja66;16;2222;2635;195,6;236,9;413;255255000
vpja66;16;2717;2955;-274,5;288,3;238;255
vpja66;16;3003;3479;-327,2;356,1;476;0
vpja66;16;3509;4031;-316,1;299,4;522;255
vpja66;16;4105;4663;-371,3;-42,5;558;255000
vpja66;16;4686;4833;-419,6;-18;147;0
vpja66;16;4850;5109;-401,5;-27,6999999999999;259;0
vpja66;16;5121;5555;-377,7;-35,6999999999999;434;255000
vpja66;16;5575;5703;-408,1;-25,8;128;0
vpja66;16;5761;6283;-452,8;208,7;522;2,55e+08
vpja66;16;6336;6445;-326,1;164;109;2,55e+08
vpja66;16;6502;6782;-313,4;330,9;280;255
vpja66;16;7035;7143;466;499;108;NA
vpja66;16;7178;7268;575,6;513,5;90;NA
vpja66;16;7284;7358;577,1;548,6;74;NA
vpja66;16;7444;7678;516,4;-29,0999999999999;234;0
vpja66;16;7704;7840;526,1;-164,8;136;0
vpja66;16;7854;8084;530,2;-94,1;230;0
vpja66;16;8106;8448;529,8;-133,1;342;0
vpja66;16;8652;8742;-5,39999999999998;168,4;90;0
vpja66;16;8820;8970;-406,6;357;150;0
vpja66;16;9032;9224;-610,6;278,4;192;0
vpja66;16;9262;9566;-621,8;180,9;304;0
vpja66;16;9639;9845;-356,3;-25,5999999999999;206;255000
vpja66;16;9880;10000;-152,2;-59,1999999999999;120;0
vpja66;17;241;343;-36,4;-175,3;102;255000
vpja66;17;374;562;-40,2;-254;188;255000
vpja66;17;633;842;305,6;271,5;209;255
vpja66;17;861;1001;329,2;235,5;140;255
vpja66;17;1103;1290;-467,7;211,2;187;255255000
vpja66;17;1309;1559;-453,4;174,6;250;255255000
vpja66;17;1588;2061;-429,5;257,2;473;255255000
vpja66;17;2086;2503;-360,4;225,3;417;255255000
vpja66;17;2600;2783;286,6;173;183;255
vpja66;17;2812;3669;356,8;229,6;857;255
vpja66;17;3718;3925;349,3;423,6;207;0
vpja66;17;3961;4173;354,1;221,6;212;255
vpja66;17;4426;4645;-58,5;-242,2;219;255000
vpja66;17;4667;6041;-28,9;-263,6;1374;255000
vpja66;17;6101;6371;-73,7;-56,5;270;2,55e+08
vpja66;17;6431;6858;-22,6;-257,4;427;255000
vpja66;17;6951;7170;489,2;47,1;219;0
vpja66;17;7254;7489;192,7;-364,5;235;0
vpja66;17;7554;7692;-89,3;-196,5;138;2,55e+08
vpja66;17;7778;7936;-473,3;247,7;158;255255000
vpja66;17;7986;8211;-410,9;207;225;255255000
vpja66;17;8253;8491;-404,6;287,2;238;255255000
vpja66;17;8513;8781;-386,3;276,6;268;255255000
vpja66;17;8804;8994;-402,4;282,7;190;255255000
vpja66;17;9081;9320;-61;-206,5;239;255000
vpja66;17;9373;9614;-52;-287,5;241;255000
vpja66;17;9685;9795;211,8;-360,1;110;0
vpja66;17;9905;10000;219,9;338,5;95;0
vpja66;18;280;444;-85,6784671532846;-165,743795620438;164;255000
vpja66;18;499;716;-349,478467153285;130,856204379562;217;0
vpja66;18;794;1020;57,0215328467153;108,056204379562;226;0
vpja66;18;1070;1342;-286,678467153285;134,656204379562;272;0
vpja66;18;1369;1628;-354,878467153285;127,456204379562;259;0
vpja66;18;1713;1853;-79,8784671532846;-227,543795620438;140;255000
vpja66;18;1880;2297;-117,678467153285;-191,643795620438;417;255000
vpja66;18;2413;2510;529,921532846715;196,956204379562;97;0
vpja66;18;2611;2778;-150,278467153285;118,656204379562;167;0
vpja66;18;2843;3326;109,621532846715;105,256204379562;483;255255000
vpja66;18;3401;3591;347,021532846715;-37,343795620438;190;0
vpja66;18;3685;3807;-144,278467153285;430,056204379562;122;0
vpja66;18;3864;4037;-399,278467153285;467,956204379562;173;0
vpja66;18;4314;4335;108,121532846715;9,456204379562;21;0
vpja66;18;4348;4381;100,821532846715;35,656204379562;33;0
vpja66;18;4445;4590;-119,578467153285;-219,343795620438;145;255000
vpja66;18;4666;4778;-301,778467153285;151,556204379562;112;0
vpja66;18;4800;5207;-285,678467153285;123,056204379562;407;255
vpja66;18;5231;5538;-335,378467153285;113,456204379562;307;0
vpja66;18;5573;5677;-279,178467153285;116,556204379562;104;255
vpja66;18;5755;6173;116,321532846715;93,956204379562;418;0
vpja66;18;6224;6396;-75,8784671532846;-173,243795620438;172;255000
vpja66;18;6421;6961;-112,678467153285;-198,743795620438;540;255000
vpja66;18;6987;7405;-97,4784671532847;-197,243795620438;418;255000
vpja66;18;7507;7702;574,821532846715;-123,243795620438;195;0
vpja66;18;7728;7965;609,521532846715;-205,943795620438;237;0
vpja66;18;7981;8126;622,621532846715;-232,243795620438;145;0
vpja66;18;8205;8385;320,521532846715;-31,343795620438;180;0
vpja66;18;8410;8595;358,621532846715;-55,443795620438;185;0
vpja66;18;8689;8935;-297,678467153285;-120,443795620438;246;0
vpja66;18;8992;9159;-122,878467153285;-190,743795620438;167;255000
vpja66;18;9172;10000;-118,978467153285;-205,243795620438;828;255000
vpja66;19;252;428;-17,2;-195,6;176;255000
vpja66;19;546;820;-354,8;197,7;274;0
vpja66;19;843;1159;-382,8;188;316;0
vpja66;19;1268;1407;280,2;222,2;139;0
vpja66;19;1438;1647;344,8;233,1;209;0
vpja66;19;1936;2121;14,2;-246;185;255000
vpja66;19;2146;2422;-2,70000000000005;-275,2;276;255000
vpja66;19;2440;2729;19,5;-274,3;289;255000
vpja66;19;2803;2989;297,1;-369,1;186;0
vpja66;19;3092;3203;-212,9;-407,4;111;0
vpja66;19;3278;3450;-506,7;-444,3;172;0
vpja66;19;3531;3700;-71;-373,5;169;0
vpja66;19;3724;4075;-112,3;-410;351;0
vpja66;19;4097;4325;-122,9;-453,1;228;0
vpja66;19;4413;4577;-312,4;180,5;164;0
vpja66;19;4600;5407;-305,6;172,5;807;255
vpja66;19;5453;5615;-244,5;181,2;162;0
vpja66;19;5714;5952;406,8;245,2;238;0
vpja66;19;5978;6118;343,7;221,2;140;255255000
vpja66;19;6194;6460;620,5;301,2;266;0
vpja66;19;6590;6794;-387,7;427;204;0
vpja66;19;6858;7101;-605,9;406,5;243;0
vpja66;19;7217;7362;21,7;-220,9;145;255000
vpja66;19;7394;8496;-9,79999999999995;-275,4;1102;255000
vpja66;19;8519;9181;18,7;-277,1;662;255000
vpja66;19;9258;9335;-194,9;-37,2;77;0
vpja66;19;9406;9596;52,7;-289,6;190;255000
vpja66;19;9622;10000;13,5;-281,2;378;255000
vpja66;20;296;465;-78,4;-123,6;169;255000
vpja66;20;529;764;-202,8;363,8;235;0
vpja66;20;786;961;-159,4;328,2;175;255255000
vpja66;20;1041;1219;225,1;257,8;178;0
vpja66;20;1312;1449;-107,8;-198,6;137;255000
vpja66;20;1482;1834;-57,4;-184,8;352;255000
vpja66;20;1879;2007;-70,1;-117,9;128;255000
vpja66;20;2051;2442;-60,1;-190,2;391;255000
vpja66;20;2535;2803;-166,6;328,6;268;255255000
vpja66;20;2893;3980;257,6;215,2;1087;255
vpja66;20;4038;4062;-44,5;-147,8;24;0
vpja66;20;4068;4173;-61,6999999999999;-146,8;105;255000
vpja66;20;4197;4382;-74,4;-193,7;185;255000
vpja66;20;4460;4578;-433,4;108,5;118;2,55e+08
vpja66;20;4654;4839;-150,5;347;185;255255000
vpja66;20;4858;4997;-149,4;317,7;139;255255000
vpja66;20;5067;5340;-502,4;169,8;273;0
vpja66;20;5401;5759;-563,8;34,5;358;0
vpja66;20;5842;6005;-96,6999999999999;-56,1999999999999;163;2,55e+08
vpja66;20;6060;6209;-28,5;-152,4;149;0
vpja66;20;6290;6510;380;-55,0999999999999;220;0
vpja66;20;6564;6847;198,7;-28,3;283;0
vpja66;20;6933;7238;-97,8;260,1;305;2,55e+08
vpja66;20;7253;7394;-105;250,7;141;2,55e+08
vpja66;20;7455;7681;-414,7;385,5;226;0
vpja66;20;7766;7932;-132,6;-196,6;166;255000
vpja66;20;7957;8118;-56,1999999999999;-193,5;161;255000
vpja66;20;8171;8347;-194,2;-122;176;2,55e+08
vpja66;20;8394;8760;-150,9;-10,0999999999999;366;2,55e+08
vpja66;20;8818;8918;-41;280,6;100;0
vpja66;20;8958;9125;-162,8;140,2;167;2,55e+08
vpja66;20;9420;9630;-299,1;-22,1999999999999;210;2,55e+08
vpja66;20;9732;9891;-465;512,5;159;NA
vpja66;20;9947;10000;-306,1;419,4;53;0
vpja66;21;305;510;-451,1;-122;205;255000
vpja66;21;554;773;-300,7;117,3;219;255255000
vpja66;21;844;992;-43;15;148;0
vpja66;21;1018;1471;3,69999999999993;-6,79999999999995;453;255
vpja66;21;1546;1779;-308,8;130,2;233;255255000
vpja66;21;1850;2023;-391,2;8,5;173;0
vpja66;21;2079;2290;-457,9;-159,1;211;255000
vpja66;21;2315;2545;-381,2;-172,9;230;0
vpja66;21;2640;2793;-578,6;458,7;153;0
vpja66;21;2845;3094;-510,3;416,4;249;0
vpja66;21;3200;3335;90,9;438,7;135;0
vpja66;21;3453;3526;500,6;-238;73;0
vpja66;21;3545;3679;494,3;-176;134;0
vpja66;21;3716;3796;618,7;-147,2;80;0
vpja66;21;3875;4036;16,8;-372,1;161;0
vpja66;21;4063;4328;100,3;-447,6;265;0
vpja66;21;4355;4520;39,1;-383,7;165;0
vpja66;21;4610;4755;-429,5;-149,3;145;255000
vpja66;21;4768;5065;-424,2;-167,5;297;255000
vpja66;21;5129;5360;-509,1;48,5;231;2,55e+08
vpja66;21;5421;5544;-284,7;155,3;123;255255000
vpja66;21;5575;5733;-315;90,3000000000001;158;255255000
vpja66;21;5793;5960;-439,4;-160,3;167;255000
vpja66;21;5977;6598;-428,2;-157,3;621;255000
vpja66;21;6659;6955;-275,8;77,4;296;255255000
vpja66;21;7000;7170;-399,6;-144,7;170;255000
vpja66;21;7194;7673;-433,5;-155,3;479;255000
vpja66;21;7747;8172;-2,60000000000002;-31,6;425;255
vpja66;21;8205;8413;15,1999999999999;-4,89999999999998;208;255
vpja66;21;8473;8868;-110,6;-184,3;395;0
vpja66;21;8930;9094;25,6;9,80000000000007;164;255
vpja66;21;9114;9658;7,60000000000002;-22,3;544;255
vpja66;21;9665;10000;2,60000000000002;-32,4;335;255
vpja66;22;268;515;64,934074074074;-44,1533333333333;247;255000
vpja66;22;551;801;-38,165925925926;98,2466666666667;250;255
vpja66;22;823;1131;-51,765925925926;75,9466666666667;308;255
vpja66;22;1188;1413;59,834074074074;-45,7533333333333;225;255000
vpja66;22;1430;2196;75,5340740740739;-55,1533333333333;766;255000
vpja66;22;2439;2536;87,5340740740739;-53,5533333333333;97;255000
vpja66;22;2591;3406;-12,665925925926;96,3466666666667;815;255
vpja66;22;3420;3630;9,63407407407396;88,6466666666666;210;255
vpja66;22;3699;4240;325,834074074074;150,246666666667;541;0
vpja66;22;4261;4443;327,134074074074;155,746666666667;182;255255000
vpja66;22;4510;4714;94,1340740740741;-80,1533333333333;204;255000
vpja66;22;4744;5265;66,934074074074;-63,1533333333333;521;255000
vpja66;22;5283;5431;90,1340740740741;-63,5533333333333;148;255000
vpja66;22;5482;5655;-16,365925925926;80,3466666666667;173;2,55e+08
vpja66;22;5692;5715;97,3340740740739;-76,0533333333333;23;255000
vpja66;22;5728;5858;101,534074074074;-84,8533333333334;130;0
vpja66;22;5882;6334;83,5340740740739;-56,3533333333334;452;255000
vpja66;22;6365;6656;14,734074074074;-187,353333333333;291;0
vpja66;22;6731;6920;421,834074074074;-147,153333333333;189;0
vpja66;22;7045;7275;-530,065925925926;250,846666666667;230;0
vpja66;22;7307;7513;-553,765925925926;167,046666666667;206;0
vpja66;22;7576;7799;-540,165925925926;354,746666666667;223;0
vpja66;22;7856;8108;-552,165925925926;160,646666666667;252;0
vpja66;22;8207;8412;98,734074074074;-111,653333333333;205;0
vpja66;22;8436;8598;85,8340740740739;-77,6533333333333;162;255000
vpja66;22;8672;8867;389,734074074074;-174,353333333333;195;0
vpja66;22;8967;9004;192,234074074074;585,446666666667;37;NA
vpja66;22;9012;9119;169,434074074074;512,746666666667;107;NA
vpja66;22;9162;9630;194,634074074074;445,146666666667;468;0
vpja66;22;9725;9964;122,834074074074;-134,153333333333;239;0
vpja66;23;360;492;26,9;-193,1;132;255000
vpja66;23;549;895;311,9;222,8;346;255
vpja66;23;924;1269;298,3;274,3;345;255
vpja66;23;1295;1903;371,5;218,9;608;255
vpja66;23;1925;2082;357,6;220,9;157;255
vpja66;23;2173;2288;80,5000000000001;-202,7;115;255000
vpja66;23;2313;2605;62,4;-233,3;292;255000
vpja66;23;2616;2771;73,8000000000001;-232;155;255000
vpja66;23;2783;2940;91,3000000000001;-230;157;255000
vpja66;23;2962;3358;59,9;-235,5;396;255000
vpja66;23;3381;3644;101,6;-221,5;263;255000
vpja66;23;3734;3966;-389,6;143,2;232;255255000
vpja66;23;3992;4159;-396,3;192,2;167;255255000
vpja66;23;4183;4451;-367,1;114,6;268;255255000
vpja66;23;4499;4770;-453,5;-2;271;0
vpja66;23;4807;5083;-435,2;-67,5;276;0
vpja66;23;5155;5373;-425,9;-393,8;218;0
vpja66;23;5420;5707;-357,7;15,1;287;0
vpja66;23;5720;5872;-356,4;-2,89999999999998;152;0
vpja66;23;5902;6010;-415,5;-34;108;0
vpja66;23;6064;6269;-574,4;64,3;205;0
vpja66;23;6302;6458;-624,1;219,3;156;0
vpja66;23;6510;6784;-391,7;-21,5;274;0
vpja66;23;6799;7059;-400,8;-36,8;260;0
vpja66;23;7088;7330;-430,7;-81,4;242;0
vpja66;23;7339;7485;-431,2;-91,9;146;0
vpja66;23;7529;7755;-341,1;-16,9;226;0
vpja66;23;7778;8074;-349,9;3;296;0
vpja66;23;8221;8432;360,3;247,5;211;255
vpja66;23;8506;8776;64,8000000000001;539,7;270;NA
vpja66;23;8836;8989;-103,6;573;153;NA
vpja66;23;9051;9281;-319,6;538,9;230;NA
vpja66;23;9582;9726;555,3;-58,3;144;0
vpja66;23;9803;9853;622,4;-305,2;50;0
vpja66;23;9878;9984;615,1;-211,6;106;0
vpja66;24;464;573;-11,5;-245,6;109;2,55e+08
vpja66;24;647;886;-387,2;287,9;239;255
vpja66;24;925;1392;-217;232,9;467;255
vpja66;24;1468;1786;-547,7;394,4;318;0
vpja66;24;1841;2314;-431,2;335,1;473;255
vpja66;24;2370;2922;-240,1;262,2;552;0
vpja66;24;2982;3208;-523,6;393,1;226;255
vpja66;24;3321;3491;12,3;-331,5;170;255000
vpja66;24;3512;3592;9,60000000000002;-359,1;80;255000
vpja66;24;3692;3933;458,5;383,1;241;0
vpja66;24;3969;4481;431;432,7;512;255255000
vpja66;24;4583;5087;-331;324;504;255
vpja66;24;5158;5367;-369,7;-153,9;209;0
vpja66;24;5396;5758;-265,4;-247,7;362;0
vpja66;24;5797;5968;-188;-317,3;171;0
vpja66;24;6030;6271;40,2;-352,4;241;255000
vpja66;24;6362;6532;610,5;-89,6;170;0
vpja66;24;6622;6846;478,9;294,1;224;0
vpja66;24;6879;7080;407,9;383;201;0
vpja66;24;7143;7233;227,2;13,8000000000001;90;2,55e+08
vpja66;24;7244;7283;218,9;35,5;39;2,55e+08
vpja66;24;7494;7591;-9,89999999999998;-345,1;97;255000
vpja66;24;7783;7900;-2,29999999999995;-363,3;117;255000
vpja66;24;7979;8346;-339,8;-293,2;367;0
vpja66;24;8422;8647;-31,2;-340,3;225;255000
vpja66;24;8671;9111;-3,70000000000005;-373,8;440;255000
vpja66;24;9153;9343;36,8;-317,4;190;255000
vpja66;24;9372;9597;-1,10000000000002;-369,6;225;255000
vpja66;24;9618;10000;21,7;-386;382;255000
vpja66;25;230;469;-76,5534050179211;-76,8985663082437;239;255000
vpja66;25;525;576;-140,353405017921;10,5014336917562;51;2,55e+08
vpja66;25;629;863;-29,8534050179211;209,701433691756;234;2,55e+08
vpja66;25;923;1375;170,846594982079;124,201433691756;452;255
vpja66;25;1452;1759;-54,0534050179211;-75,6985663082437;307;255000
vpja66;25;1830;2112;-420,153405017921;145,301433691756;282;255255000
vpja66;25;2184;2343;-114,553405017921;-120,598566308244;159;0
vpja66;25;2378;2528;-68,9534050179211;-110,398566308244;150;255000
vpja66;25;2609;3076;-436,953405017921;140,801433691756;467;255255000
vpja66;25;3154;3291;40,8465949820788;-9,49856630824377;137;0
vpja66;25;3342;3600;-69,3534050179211;-98,6985663082437;258;255000
vpja66;25;3609;3671;-68,2534050179211;-110,498566308244;62;255000
vpja66;25;3748;4034;208,146594982079;130,001433691756;286;255
vpja66;25;4057;4460;199,946594982079;105,201433691756;403;255
vpja66;25;4489;4848;268,146594982079;112,301433691756;359;255
vpja66;25;4868;5070;231,746594982079;122,301433691756;202;255
vpja66;25;5125;5317;-75,2534050179211;-99,0985663082437;192;255000
vpja66;25;5389;5608;-433,453405017921;165,101433691756;219;255255000
vpja66;25;5631;5893;-453,053405017921;142,901433691756;262;255255000
vpja66;25;6150;6315;189,346594982079;172,801433691756;165;0
vpja66;25;6357;6638;262,546594982079;81,4014336917563;281;0
vpja66;25;6717;6984;-56,3534050179211;-116,798566308244;267;255000
vpja66;25;7001;7398;-76,9534050179211;-101,998566308244;397;255000
vpja66;25;7481;7687;-86,5534050179211;263,201433691756;206;0
vpja66;25;7765;7947;-75,0534050179211;-90,5985663082437;182;255000
vpja66;25;7958;8195;-78,0534050179211;-99,1985663082437;237;255000
vpja66;25;8205;8348;-69,8534050179211;-99,0985663082437;143;255000
vpja66;25;8429;8592;-504,753405017921;-31,2985663082437;163;0
vpja66;25;8645;8870;-488,653405017921;174,601433691756;225;255255000
vpja66;25;8896;9139;-393,053405017921;146,901433691756;243;255255000
vpja66;25;9229;9744;217,646594982079;129,901433691756;515;255
vpja66;25;9751;10000;205,646594982079;136,101433691756;249;255
vpja66;26;284;425;-17;-235,3;141;2,55e+08
vpja66;26;446;605;-37,5;-286,4;159;255000
vpja66;26;809;1163;-65,1;27,8;354;255
vpja66;26;1239;1265;73,4;602,9;26;NA
vpja66;26;1275;1342;59,6;551,7;67;NA
vpja66;26;1372;1591;29,6;444,3;219;2,55e+08
vpja66;26;1639;1957;49,1;334,7;318;2,55e+08
vpja66;26;1976;2052;51,4;348,4;76;2,55e+08
vpja66;26;2149;2304;12;-311,9;155;255000
vpja66;26;2327;2748;-16,4;-291,5;421;255000
vpja66;26;2817;3031;-34,6999999999999;44;214;255
vpja66;26;3063;3228;-71,6999999999999;-18;165;255
vpja66;26;3285;3466;-235,5;-40,1;181;255255000
vpja66;26;3488;3833;-246,5;-62,8;345;255255000
vpja66;26;3955;4318;354,7;-16,3;363;0
vpja66;26;4355;4784;518,5;-5,70000000000005;429;0
vpja66;26;4868;5038;-7,5;-279,7;170;255000
vpja66;26;5062;5231;-33,3;-302,1;169;255000
vpja66;26;5315;5509;383,8;-220,5;194;0
vpja66;26;5582;5668;419,6;44,6;86;0
vpja66;26;5694;5924;419,4;3,39999999999998;230;0
vpja66;26;5946;6414;461,3;4,39999999999998;468;0
vpja66;26;6460;6810;524,6;22,5;350;0
vpja66;26;6821;7100;540,5;23,2;279;0
vpja66;26;7153;7542;224,1;-9,79999999999995;389;0
vpja66;26;7567;7673;299,4;-17,1;106;0
vpja66;26;7731;7864;-21,6999999999999;-246,7;133;2,55e+08
vpja66;26;7891;8087;-38,6;-295,5;196;255000
vpja66;26;8157;8339;297,9;-311,1;182;0
vpja66;26;8457;8612;-531,2;196,3;155;0
vpja66;26;8661;8829;-593,3;82,6;168;0
vpja66;26;8903;9065;-228,5;334,4;162;0
vpja66;26;9107;9291;-343;433,9;184;0
vpja66;26;9312;9758;-316,4;417,4;446;0
vpja66;26;9835;10000;-252,5;97,8;165;0
