vp;trial;timest;timeend;x;y;duration;roi
vpja53;1;244;386;-164,1;-194,2;142;255000
vpja53;1;406;935;-172,8;-226,2;529;255000
vpja53;1;970;1112;-177,7;-133,2;142;2,55e+08
vpja53;1;1189;1399;-474,8;236,1;210;255
vpja53;1;1430;1655;-449,3;302;225;255
vpja53;1;1705;1943;-462,2;24,3000000000001;238;0
vpja53;1;1957;2272;-456,9;50,5;315;0
vpja53;1;2315;2594;-453,8;240;279;255
vpja53;1;2619;3152;-386,7;310,7;533;255
vpja53;1;3206;3548;-458,7;48,6;342;0
vpja53;1;3594;3763;-430,5;271,6;169;255
vpja53;1;3855;4152;301,8;-52,3;297;255255000
vpja53;1;4225;4347;-114,3;-265,3;122;255000
vpja53;1;4369;4602;-154,5;-229,4;233;255000
vpja53;1;4653;4811;12;-392,4;158;0
vpja53;1;4873;5101;-379,7;-261,5;228;0
vpja53;1;5141;5346;-167,5;-214,6;205;255000
vpja53;1;5388;5611;-143,3;-13,5999999999999;223;2,55e+08
vpja53;1;5668;6057;-139,1;236,1;389;2,55e+08
vpja53;1;6086;6559;-213,3;212,6;473;2,55e+08
vpja53;1;6603;7175;-135,2;46,8000000000001;572;2,55e+08
vpja53;1;7217;7473;-12,0999999999999;-12,8;256;0
vpja53;1;7525;7701;-94,5999999999999;-192,5;176;0
vpja53;1;7735;8390;-157,2;-247,7;655;255000
vpja53;1;8397;8512;-151,1;-240,1;115;255000
vpja53;1;8559;8863;-374,6;-265,6;304;0
vpja53;1;8882;9090;-399,1;-242,1;208;0
vpja53;1;9138;9388;-456,6;11,4000000000001;250;0
vpja53;1;9412;9957;-466,2;51;545;0
vpja53;1;9979;10000;-509,7;39,3000000000001;21;0
vpja53;2;284;555;69,2453287197233;183,58339100346;271;0
vpja53;2;611;794;155,145328719723;-165,11660899654;183;255000
vpja53;2;812;1215;129,545328719723;-138,11660899654;403;255000
vpja53;2;1284;1484;69,6453287197234;205,48339100346;200;255
vpja53;2;1505;1727;49,0453287197232;239,98339100346;222;255
vpja53;2;1739;1928;56,7453287197233;222,88339100346;189;255
vpja53;2;1995;2422;155,045328719723;-168,01660899654;427;255000
vpja53;2;2439;2625;132,845328719723;-141,91660899654;186;255000
vpja53;2;2688;2855;110,945328719723;202,98339100346;167;0
vpja53;2;2885;3220;64,7453287197233;245,78339100346;335;255
vpja53;2;3233;3352;55,4453287197233;225,48339100346;119;255
vpja53;2;3408;3784;-355,754671280277;139,88339100346;376;255255000
vpja53;2;3805;4642;-363,254671280277;104,08339100346;837;255255000
vpja53;2;4718;4970;96,5453287197232;130,98339100346;252;2,55e+08
vpja53;2;5032;5338;168,545328719723;-123,61660899654;306;255000
vpja53;2;5364;5733;208,545328719723;-200,01660899654;369;255000
vpja53;2;5749;6015;180,745328719723;-181,01660899654;266;255000
vpja53;2;6058;6357;242,645328719723;-269,71660899654;299;255000
vpja53;2;6396;6673;137,945328719723;-172,01660899654;277;255000
vpja53;2;6745;7042;-314,454671280277;95,4833910034602;297;0
vpja53;2;7120;7258;137,245328719723;144,58339100346;138;2,55e+08
vpja53;2;7528;7823;168,345328719723;-168,91660899654;295;255000
vpja53;2;7845;8034;175,845328719723;-123,11660899654;189;255000
vpja53;2;8091;8329;421,445328719723;-310,61660899654;238;0
vpja53;2;8343;8555;441,045328719723;-295,31660899654;212;0
vpja53;2;8610;8802;160,245328719723;-160,21660899654;192;255000
vpja53;2;8875;9105;-310,654671280277;123,68339100346;230;255255000
vpja53;2;9127;9269;-352,054671280277;106,38339100346;142;255255000
vpja53;2;9350;9544;174,745328719723;424,88339100346;194;2,55e+08
vpja53;2;9577;9804;285,145328719723;448,78339100346;227;0
vpja53;2;9853;9999;109,645328719723;238,18339100346;146;0
vpja53;3;253;607;-321,8;-155,1;354;255000
vpja53;3;687;1505;-510,8;334,2;818;255255000
vpja53;3;1581;3274;91,3;243,4;1693;255
vpja53;3;3358;4294;-474,3;331,4;936;255255000
vpja53;3;4383;4620;-331,5;-183,2;237;255000
vpja53;3;4640;4893;-298,4;-167,2;253;255000
vpja53;3;4981;5179;456,5;-20,3000000000001;198;0
vpja53;3;5207;5337;408,9;35,6999999999999;130;0
vpja53;3;5382;5772;558,4;-71,9000000000001;390;0
vpja53;3;5795;6310;569,6;-131,5;515;0
vpja53;3;6332;6528;552,2;-76,9000000000001;196;0
vpja53;3;6591;6891;469,2;310,6;300;0
vpja53;3;6942;7302;437,9;120,5;360;0
vpja53;3;7322;7553;395,9;144,2;231;0
vpja53;3;7578;7828;320,9;144,6;250;0
vpja53;3;7864;8234;213;115;370;0
vpja53;3;8300;8555;553,3;-117,2;255;0
vpja53;3;8574;8909;581,3;-151,4;335;0
vpja53;3;8965;9148;300,7;-32;183;0
vpja53;3;9185;9348;382,4;52,4;163;0
vpja53;3;9374;9583;446,2;120,6;209;0
vpja53;3;9621;9830;432,3;319,9;209;0
vpja53;3;9906;10000;561,6;-71,3000000000001;94;0
vpja53;4;318;698;61,8129277566539;-220,731939163498;380;255000
vpja53;4;719;1202;51,1129277566539;-176,831939163498;483;255000
vpja53;4;1224;1633;60,9129277566539;-230,831939163498;409;255000
vpja53;4;1705;2183;275,112927756654;107,468060836502;478;0
vpja53;4;2203;2492;252,912927756654;140,368060836502;289;255
vpja53;4;2508;2836;248,212927756654;119,268060836502;328;255
vpja53;4;2857;3103;267,712927756654;157,168060836502;246;255
vpja53;4;3124;3382;252,212927756654;121,068060836502;258;255
vpja53;4;3402;3875;282,312927756654;158,068060836502;473;255
vpja53;4;3890;4213;272,012927756654;129,268060836502;323;255
vpja53;4;4235;4760;290,712927756654;153,368060836502;525;255
vpja53;4;4778;5109;255,912927756654;127,968060836502;331;255
vpja53;4;5129;5444;295,112927756654;130,568060836502;315;255
vpja53;4;5470;5706;232,212927756654;142,268060836502;236;0
vpja53;4;5791;6057;-333,187072243346;182,568060836502;266;255255000
vpja53;4;6079;6342;-292,387072243346;162,768060836502;263;255255000
vpja53;4;6633;6671;288,312927756654;160,768060836502;38;255
vpja53;4;6750;7051;67,8129277566539;-241,931939163498;301;255000
vpja53;4;7072;7331;56,6129277566539;-198,331939163498;259;255000
vpja53;4;7354;7651;61,0129277566538;-243,731939163498;297;255000
vpja53;4;7723;7934;-314,387072243346;110,068060836502;211;0
vpja53;4;8002;8158;-297,687072243346;-233,231939163498;156;0
vpja53;4;8201;8427;-125,687072243346;-246,231939163498;226;0
vpja53;4;8472;8667;49,3129277566539;-241,031939163498;195;255000
vpja53;4;8692;8929;65,8129277566539;-182,431939163498;237;255000
vpja53;4;8981;9170;120,712927756654;104,368060836502;189;2,55e+08
vpja53;4;9189;9465;95,3129277566539;138,568060836502;276;2,55e+08
vpja53;4;9477;9686;111,412927756654;154,068060836502;209;0
vpja53;4;9727;9909;47,9129277566539;36,1680608365019;182;2,55e+08
vpja53;4;9965;9999;44,6129277566539;-209,531939163498;34;255000
vpja53;5;354;470;-30,4773195876287;-310,242268041237;116;255000
vpja53;5;491;804;-57,7773195876288;-347,442268041237;313;255000
vpja53;5;863;1037;-35,6773195876287;24,4577319587628;174;2,55e+08
vpja53;5;1069;1311;-27,0773195876287;140,357731958763;242;0
vpja53;5;1382;1642;-370,077319587629;197,757731958763;260;255
vpja53;5;1670;2368;-405,077319587629;246,357731958763;698;255
vpja53;5;2407;3246;-374,077319587629;170,757731958763;839;255
vpja53;5;3271;3625;-422,077319587629;194,057731958763;354;255
vpja53;5;3705;3909;-19,6773195876287;68,7577319587629;204;0
vpja53;5;3984;4254;-31,3773195876288;-355,742268041237;270;255000
vpja53;5;4325;4506;-260,577319587629;52,2577319587629;181;0
vpja53;5;4548;4709;-361,277319587629;191,357731958763;161;255
vpja53;5;4734;4847;-411,777319587629;241,457731958763;113;255
vpja53;5;4934;5198;293,322680412371;140,157731958763;264;0
vpja53;5;5257;5403;456,222680412371;5,95773195876279;146;0
vpja53;5;5431;5642;478,622680412371;-82,2422680412371;211;0
vpja53;5;5668;5832;474,222680412371;-156,142268041237;164;0
vpja53;5;5883;6094;175,322680412371;-152,842268041237;211;0
vpja53;5;6140;6262;63,5226804123713;-253,642268041237;122;0
vpja53;5;6305;6552;-68,7773195876288;-337,942268041237;247;255000
vpja53;5;6600;6933;-406,577319587629;-264,042268041237;333;0
vpja53;5;6978;7181;-254,177319587629;-159,842268041237;203;0
vpja53;5;7204;7459;-181,477319587629;-150,742268041237;255;0
vpja53;5;7472;7601;-190,777319587629;-137,742268041237;129;0
vpja53;5;7650;7854;-404,177319587629;-200,342268041237;204;0
vpja53;5;7879;8075;-400,777319587629;-261,042268041237;196;0
vpja53;5;8105;8237;-318,477319587629;-267,442268041237;132;0
vpja53;5;8290;8571;-72,0773195876287;-347,042268041237;281;255000
vpja53;5;8634;8892;-39,7773195876288;-30,6422680412371;258;2,55e+08
vpja53;5;8932;9207;-32,2773195876288;136,757731958763;275;0
vpja53;5;9268;9482;-377,577319587629;225,957731958763;214;255
vpja53;5;9511;9999;-420,777319587629;268,757731958763;488;255
vpja53;6;283;677;16,6999999999999;-264;394;255000
vpja53;6;753;933;339,6;158,9;180;255
vpja53;6;1005;1261;-265,9;148,4;256;255255000
vpja53;6;1282;4170;-266,8;89,5;2888;255255000
vpja53;6;4480;7992;-239,2;85,4;3512;255255000
vpja53;6;8022;8311;-315;131,7;289;0
vpja53;6;8340;8756;-221,8;146,9;416;255255000
vpja53;6;8778;9128;-223,6;99,9;350;255255000
vpja53;6;9147;9463;-211,6;135,5;316;255255000
vpja53;6;9529;9696;117,2;59,5;167;2,55e+08
vpja53;6;9766;9999;21,1999999999999;-281,5;233;255000
vpja53;7;316;548;143,1;-278;232;255000
vpja53;7;571;727;155,7;-233,4;156;255000
vpja53;7;803;1046;140,6;235,9;243;255
vpja53;7;1071;2080;130,4;297,8;1009;255
vpja53;7;2100;2402;182,4;298;302;255
vpja53;7;2468;3013;-342,8;293,8;545;255255000
vpja53;7;3038;3269;-387,3;234,4;231;255255000
vpja53;7;3323;3530;-142,6;183,5;207;0
vpja53;7;3559;3837;-194,4;133,5;278;0
vpja53;7;3886;3952;-364,1;199,4;66;0
vpja53;7;4259;4404;152,3;284,2;145;255
vpja53;7;4425;4656;167,4;292,9;231;255
vpja53;7;4665;4977;177,1;305,5;312;255
vpja53;7;4986;5197;164,3;307,8;211;255
vpja53;7;5218;5457;123,4;323;239;255
vpja53;7;5474;6034;150,6;311,1;560;255
vpja53;7;6051;6331;176,8;287,2;280;255
vpja53;7;6423;6653;169,5;-278,9;230;255000
vpja53;7;6735;6941;-248,8;235,6;206;0
vpja53;7;6995;7264;126,8;292,3;269;255
vpja53;7;7281;8321;168,5;302,6;1040;255
vpja53;7;8332;8824;179,2;302,7;492;255
vpja53;7;8842;9098;136;304,6;256;255
vpja53;7;9116;9476;179,2;295,9;360;255
vpja53;7;9495;9783;141,7;307,9;288;255
vpja53;7;9805;9999;193,4;292;194;255
vpja53;8;77;293;-0,799999999999955;14,4;216;0
vpja53;8;335;481;-200,8;86,4;146;0
vpja53;8;529;709;42,6999999999999;135;180;0
vpja53;8;766;916;-74,9;-112,1;150;2,55e+08
vpja53;8;938;1234;-97,9;-140,2;296;255000
vpja53;8;1287;1537;37,6999999999999;107,2;250;0
vpja53;8;1550;1810;27,6;132,2;260;0
vpja53;8;1835;2118;101,4;128,8;283;0
vpja53;8;2178;2345;280,7;-17,4000000000001;167;0
vpja53;8;2392;2621;58,6999999999999;106,9;229;255
vpja53;8;2644;2802;109,2;133;158;0
vpja53;8;2865;3150;-267,7;109,2;285;255255000
vpja53;8;3168;3602;-293,1;125,8;434;0
vpja53;8;3655;3918;40,6;140,2;263;0
vpja53;8;3977;4175;-105,9;-159;198;255000
vpja53;8;4189;4379;-87,6;-147,3;190;255000
vpja53;8;4430;4665;59,5000000000001;89,6999999999999;235;255
vpja53;8;4714;4986;309,1;-27,2;272;0
vpja53;8;5046;5309;-26,1;99,8;263;0
vpja53;8;5334;5520;61,1;121,5;186;255
vpja53;8;5580;5818;-233,3;114,5;238;255255000
vpja53;8;5841;6133;-282,9;112,4;292;0
vpja53;8;6187;6704;16,0000000000001;118,4;517;0
vpja53;8;6752;7238;-262,5;107,9;486;255255000
vpja53;8;7256;7866;-294,2;114,9;610;0
vpja53;8;7925;8688;59,8000000000001;119;763;255
vpja53;8;8747;8985;-281,5;115,3;238;0
vpja53;8;9042;9283;-113,9;-161,7;241;255000
vpja53;8;9301;9634;-91,9;-160,6;333;255000
vpja53;8;9654;9859;-123,4;-132;205;255000
vpja53;8;9888;9999;-176,7;-58,5;111;2,55e+08
vpja53;9;58;212;6,89999999999998;-9,39999999999998;154;0
vpja53;9;269;467;123,7;-241,2;198;255000
vpja53;9;481;674;82;-240,7;193;255000
vpja53;9;746;897;-464,2;-0,5;151;0
vpja53;9;926;1297;-458,6;81,3000000000001;371;255
vpja53;9;1323;2006;-469,5;146,6;683;255
vpja53;9;2032;2159;-444,9;93;127;255
vpja53;9;2233;2465;153,3;195,2;232;255255000
vpja53;9;2496;2881;272,1;157,7;385;255255000
vpja53;9;2961;3151;140;-246,4;190;255000
vpja53;9;3173;3312;95,3;-259;139;255000
vpja53;9;3357;3531;-95,3000000000001;-384,6;174;0
vpja53;9;3588;3762;-143,7;-112,3;174;0
vpja53;9;3834;4066;-461,3;68,1;232;255
vpja53;9;4409;4630;-55,3000000000001;-133,6;221;0
vpja53;9;4675;4985;112,7;-248,1;310;255000
vpja53;9;5000;5385;91,0999999999999;-256,8;385;255000
vpja53;9;5396;5723;109,8;-267,1;327;255000
vpja53;9;5737;6166;93,8999999999999;-259,2;429;255000
vpja53;9;6195;6395;155,6;-260,5;200;255000
vpja53;9;6417;7636;107,1;-256,7;1219;255000
vpja53;9;7652;7961;84,8999999999999;-253,6;309;255000
vpja53;9;7977;8341;112,6;-252,7;364;255000
vpja53;9;8353;8633;95,7;-249,4;280;255000
vpja53;9;8644;9140;108,9;-248,9;496;255000
vpja53;9;9209;9363;-334,7;0,399999999999977;154;0
vpja53;9;9410;9608;-426,1;68,6;198;255
vpja53;9;9627;9720;-386,1;86,7;93;255
vpja53;10;3;186;2,3342443198934;-6,21626594619818;183;2,55e+08
vpja53;10;236;368;16,7342443198934;-218,816265946198;132;255000
vpja53;10;446;708;-412,265755680107;200,183734053802;262;255
vpja53;10;741;855;-415,965755680107;158,283734053802;114;255
vpja53;10;932;1176;-17,4657556801066;-197,116265946198;244;255000
vpja53;10;1191;1446;6,53424431989345;-208,016265946198;255;255000
vpja53;10;1522;1910;333,734244319893;219,683734053802;388;255255000
vpja53;10;1932;2198;317,634244319893;273,383734053802;266;255255000
vpja53;10;2276;2408;53,6342443198935;-192,516265946198;132;255000
vpja53;10;2438;2693;-7,56575568010658;-226,716265946198;255;255000
vpja53;10;2752;3015;-24,0657556801066;58,1837340538018;263;2,55e+08
vpja53;10;3044;3207;-48,3657556801065;117,483734053802;163;2,55e+08
vpja53;10;3268;3504;-420,965755680107;207,483734053802;236;255
vpja53;10;3526;3786;-443,565755680107;166,883734053802;260;255
vpja53;10;3820;3994;-380,365755680107;224,083734053802;174;255
vpja53;10;4033;4298;-463,265755680107;111,083734053802;265;0
vpja53;10;4385;4606;-13,3657556801065;-218,216265946198;221;255000
vpja53;10;4656;4805;224,234244319893;-288,016265946198;149;0
vpja53;10;4857;4996;24,8342443198934;-262,716265946198;139;255000
vpja53;10;5018;5302;-8,1657556801066;-226,116265946198;284;255000
vpja53;10;5390;5566;-414,365755680107;103,183734053802;176;0
vpja53;10;5591;5798;-440,165755680107;160,583734053802;207;255
vpja53;10;5823;6107;-466,365755680107;84,4837340538018;284;0
vpja53;10;6191;6388;-26,6657556801066;-264,216265946198;197;255000
vpja53;10;6411;6579;6,93424431989342;-231,816265946198;168;255000
vpja53;10;6653;6869;397,034244319893;95,9837340538018;216;0
vpja53;10;6910;7056;309,034244319893;208,183734053802;146;255255000
vpja53;10;7147;7379;10,0342443198934;-237,916265946198;232;255000
vpja53;10;7431;7650;242,634244319893;-309,816265946198;219;0
vpja53;10;7693;7872;23,8342443198934;-221,416265946198;179;255000
vpja53;10;7924;8135;246,134244319893;-310,516265946198;211;0
vpja53;10;8179;8350;8,3342443198934;-300,116265946198;171;255000
vpja53;10;8376;8667;7,73424431989338;-235,616265946198;291;255000
vpja53;10;8717;8911;223,834244319894;-174,116265946198;194;0
vpja53;10;8955;9141;36,2342443198934;-230,116265946198;186;255000
vpja53;10;9200;9460;10,3342443198934;54,1837340538018;260;2,55e+08
vpja53;10;9484;9639;-32,1657556801066;101,183734053802;155;2,55e+08
vpja53;10;9671;9909;3,73424431989338;-17,8162659461982;238;2,55e+08
vpja53;10;9946;9999;-40,1657556801066;83,1837340538018;53;2,55e+08
vpja53;11;308;484;17,6;-282,6;176;255000
vpja53;11;552;731;-354,8;92,1;179;0
vpja53;11;758;1242;-347,4;149,2;484;255
vpja53;11;1257;1445;-346,6;118,4;188;255
vpja53;11;1718;2162;-337,1;136,8;444;255
vpja53;11;2235;2409;146,8;107,8;174;0
vpja53;11;2442;2689;281,5;131;247;255255000
vpja53;11;2771;2983;-357;163;212;0
vpja53;11;3003;3394;-342,4;111,6;391;0
vpja53;11;3481;3770;261,6;117,3;289;0
vpja53;11;3850;4042;-301,2;124,4;192;255
vpja53;11;4063;4325;-329,9;121,5;262;255
vpja53;11;4399;4631;239,8;107,1;232;0
vpja53;11;4738;5014;4,70000000000005;-313,2;276;255000
vpja53;11;5034;5202;7,80000000000007;-281,7;168;255000
vpja53;11;5258;5480;-13,5;-68;222;2,55e+08
vpja53;11;5542;5714;25,9;-293,3;172;255000
vpja53;11;5755;6040;18,3000000000001;-96,3;285;2,55e+08
vpja53;11;6062;6185;64,3000000000001;-69,3000000000001;123;2,55e+08
vpja53;11;6240;6609;35,7;-308,6;369;255000
vpja53;11;6676;7333;-304,1;-69,9;657;0
vpja53;11;7421;7593;193,5;44,6;172;2,55e+08
vpja53;11;7619;8160;286,5;111,7;541;0
vpja53;11;8243;8389;-255,4;124,3;146;0
vpja53;11;8413;8717;-318;114,5;304;255
vpja53;11;9109;9309;319;-75,7;200;0
vpja53;11;9334;9655;407;-157,6;321;0
vpja53;11;9701;9895;497,5;-41,5;194;0
vpja53;11;9967;9999;71,0000000000001;-172,7;32;2,55e+08
vpja53;12;242;386;-221,00824742268;-148,784192439863;144;255000
vpja53;12;406;954;-261,10824742268;-170,584192439863;548;0
vpja53;12;1046;1435;-380,30824742268;285,115807560137;389;0
vpja53;12;1477;1754;-459,50824742268;341,215807560137;277;255
vpja53;12;1778;1968;-408,60824742268;320,815807560137;190;255
vpja53;12;2022;2287;-128,90824742268;344,115807560137;265;255255000
vpja53;12;2372;2578;-240,40824742268;-223,684192439863;206;255000
vpja53;12;2595;3007;-256,50824742268;-189,584192439863;412;255000
vpja53;12;3092;3354;-150,50824742268;353,015807560137;262;255255000
vpja53;12;3446;3771;-218,30824742268;-196,984192439863;325;255000
vpja53;12;3793;4109;-254,00824742268;-212,284192439863;316;255000
vpja53;12;4156;4472;-227,90824742268;23,8158075601374;316;2,55e+08
vpja53;12;4500;4736;-238,90824742268;134,415807560137;236;2,55e+08
vpja53;12;4772;5044;-222,80824742268;239,515807560137;272;2,55e+08
vpja53;12;5120;5334;-211,70824742268;-167,984192439863;214;255000
vpja53;12;5359;5680;-235,50824742268;-221,284192439863;321;255000
vpja53;12;5698;5892;-239,50824742268;-183,284192439863;194;255000
vpja53;12;5945;6324;-14,2082474226803;-186,384192439863;379;0
vpja53;12;6346;6624;-57,2082474226803;-156,184192439863;278;0
vpja53;12;6671;6946;-229,00824742268;-201,384192439863;275;255000
vpja53;12;6963;7377;-239,80824742268;-162,984192439863;414;255000
vpja53;12;7404;7612;-128,60824742268;-171,484192439863;208;0
vpja53;12;7646;8023;-204,60824742268;-181,584192439863;377;255000
vpja53;12;8062;8309;-100,90824742268;-151,084192439863;247;0
vpja53;12;8349;8487;-197,70824742268;-180,984192439863;138;255000
vpja53;12;8567;8909;-357,60824742268;279,615807560137;342;0
vpja53;12;8959;9187;-129,80824742268;297,615807560137;228;255255000
vpja53;12;9244;9677;-418,30824742268;313,715807560137;433;255
vpja53;12;9733;9999;-120,30824742268;310,915807560137;266;255255000
vpja53;13;199;429;-25,8728873239437;-300,196478873239;230;255000
vpja53;13;508;764;310,427112676056;283,303521126761;256;255
vpja53;13;858;1040;-523,272887323944;412,103521126761;182;255255000
vpja53;13;1069;1261;-597,472887323944;424,403521126761;192;255255000
vpja53;13;1396;1621;-64,0728873239436;-331,796478873239;225;255000
vpja53;13;1642;2030;-30,9728873239437;-383,796478873239;388;255000
vpja53;13;2080;2305;-355,472887323944;-322,096478873239;225;0
vpja53;13;2339;2569;-456,072887323944;-261,696478873239;230;0
vpja53;13;2626;2763;-391,772887323944;-15,1964788732395;137;0
vpja53;13;3021;3195;378,427112676056;299,403521126761;174;0
vpja53;13;3224;3772;473,327112676056;350,703521126761;548;255
vpja53;13;3795;4088;415,727112676056;394,103521126761;293;255
vpja53;13;4104;4408;447,127112676056;369,503521126761;304;255
vpja53;13;4427;4706;452,427112676056;333,103521126761;279;255
vpja53;13;4763;5028;557,827112676056;131,903521126761;265;0
vpja53;13;5078;5287;355,127112676056;212,803521126761;209;0
vpja53;13;5329;5533;171,827112676056;198,303521126761;204;0
vpja53;13;5580;5744;454,727112676056;335,803521126761;164;255
vpja53;13;5798;5981;170,027112676056;197,603521126761;183;0
vpja53;13;6037;7597;-44,5728873239436;107,803521126761;1560;2,55e+08
vpja53;13;7686;7929;432,427112676056;292,803521126761;243;0
vpja53;13;7951;8206;459,627112676056;347,603521126761;255;255
vpja53;13;8217;9139;447,127112676056;327,003521126761;922;255
vpja53;13;9222;9851;-40,7728873239437;105,403521126761;629;2,55e+08
vpja53;13;9918;10000;-498,272887323944;316,303521126761;82;0
vpja53;14;203;496;131,780412371134;-148,807216494845;293;255000
vpja53;14;565;704;368,680412371134;246,392783505155;139;255
vpja53;14;743;893;272,580412371134;374,792783505155;150;255
vpja53;14;952;1173;-136,819587628866;275,892783505155;221;255255000
vpja53;14;1201;1389;-203,119587628866;274,092783505155;188;255255000
vpja53;14;1415;1646;-135,819587628866;283,292783505155;231;255255000
vpja53;14;1669;1943;-199,219587628866;273,792783505155;274;255255000
vpja53;14;1957;2191;-222,519587628866;278,992783505155;234;255255000
vpja53;14;2217;2560;-117,619587628866;264,292783505155;343;255255000
vpja53;14;2576;2943;-127,119587628866;244,492783505155;367;255255000
vpja53;14;2964;3383;-137,219587628866;298,692783505155;419;255255000
vpja53;14;3402;4001;-160,119587628866;312,492783505155;599;255255000
vpja53;14;4089;4304;134,780412371134;-146,107216494845;215;255000
vpja53;14;4317;4510;130,280412371134;-122,507216494845;193;255000
vpja53;14;4552;4736;117,580412371134;67,9927835051548;184;2,55e+08
vpja53;14;4765;4916;135,880412371134;136,792783505155;151;2,55e+08
vpja53;14;5226;5246;182,780412371134;-5,10721649484526;20;2,55e+08
vpja53;14;5884;6060;69,8804123711341;-132,207216494845;176;255000
vpja53;14;6100;6150;175,980412371134;-152,507216494845;50;255000
vpja53;14;6371;6628;135,580412371134;-135,207216494845;257;255000
vpja53;14;6641;7040;155,180412371134;-139,907216494845;399;255000
vpja53;14;7096;7293;-26,819587628866;103,992783505155;197;0
vpja53;14;7349;7604;146,880412371134;-150,107216494845;255;255000
vpja53;14;7617;7683;165,180412371134;-134,307216494845;66;255000
vpja53;14;7940;8136;188,380412371134;-152,207216494845;196;0
vpja53;14;8153;9195;152,780412371134;-148,507216494845;1042;255000
vpja53;14;9232;9330;161,280412371134;-46,8072164948452;98;2,55e+08
vpja53;14;9560;9669;414,580412371134;206,192783505155;109;255
vpja53;14;9712;10000;283,880412371134;369,492783505155;288;255
vpja53;15;337;564;-290,465755680107;-142,316265946198;227;255000
vpja53;15;582;1375;-263,865755680107;-155,716265946198;793;255000
vpja53;15;1449;1691;230,534244319893;-8,11626594619827;242;0
vpja53;15;1714;1804;267,234244319893;43,7837340538018;90;255
vpja53;15;2060;2345;-237,165755680107;-134,616265946198;285;255000
vpja53;15;2414;2689;264,134244319893;-6,3162659461982;275;0
vpja53;15;2761;3070;-113,765755680107;284,183734053802;309;255255000
vpja53;15;3136;3413;250,434244319893;53,5837340538018;277;255
vpja53;15;3486;3669;-291,765755680107;-158,016265946198;183;255000
vpja53;15;3690;4053;-260,165755680107;-148,216265946198;363;255000
vpja53;15;4507;4693;-289,165755680107;-190,416265946198;186;255000
vpja53;15;4713;4910;-253,365755680107;-172,416265946198;197;255000
vpja53;15;4979;5204;291,634244319893;-37,7162659461982;225;0
vpja53;15;5236;5741;250,434244319893;21,8837340538017;505;255
vpja53;15;5795;5981;458,734244319893;-59,7162659461982;186;0
vpja53;15;6025;6413;258,134244319893;21,7837340538018;388;255
vpja53;15;6444;6696;238,234244319893;84,7837340538018;252;255
vpja53;15;6757;7002;-85,2657556801066;257,683734053802;245;255255000
vpja53;15;7267;7373;124,034244319893;74,7837340538018;106;0
vpja53;15;7422;8109;-118,465755680107;259,483734053802;687;255255000
vpja53;15;8129;8464;-77,7657556801066;235,283734053802;335;255255000
vpja53;15;8539;8807;264,134244319893;49,4837340538018;268;255
vpja53;15;8833;9117;328,134244319893;10,2837340538018;284;0
vpja53;15;9141;9363;270,734244319893;20,8837340538017;222;255
vpja53;15;9428;9913;-113,065755680107;241,383734053802;485;255255000
vpja53;15;9965;10000;78,0342443198933;205,483734053802;35;0
vpja53;16;241;468;66,2;-262;227;255000
vpja53;16;782;861;504,6;63,6;79;255255000
vpja53;16;887;1189;426,7;115;302;255255000
vpja53;16;1210;1473;408,2;147,3;263;255255000
vpja53;16;1551;1766;-118,8;50,7;215;255
vpja53;16;1800;2135;-197;72,8000000000001;335;255
vpja53;16;2709;2828;-85,5;-134,8;119;0
vpja53;16;2879;2972;-202,9;93,1;93;255
vpja53;16;3194;3224;377,4;52,2;30;255255000
vpja53;16;3236;3305;373,3;89,8000000000001;69;255255000
vpja53;16;3330;3551;445;72,3000000000001;221;255255000
vpja53;16;3618;3914;-132,6;66,9;296;255
vpja53;16;3939;4182;-91,8;30,1;243;255
vpja53;16;4208;4362;-22,6999999999999;2;154;0
vpja53;16;4405;4654;-216,7;61,6;249;255
vpja53;16;4674;5191;-182,1;68,4;517;255
vpja53;16;5239;5377;-5,19999999999993;0,399999999999977;138;0
vpja53;16;5433;5721;411,8;78,2;288;255255000
vpja53;16;5998;6170;452,6;41,5;172;255255000
vpja53;16;6182;7129;429;71;947;255255000
vpja53;16;7152;7479;422;138;327;255255000
vpja53;16;7554;8887;-131,6;51,9;1333;255
vpja53;16;8935;9228;-378,4;140,1;293;0
vpja53;16;9286;9535;-91,3;39,2;249;255
vpja53;16;9571;9796;-199,1;78;225;255
vpja53;16;9818;10000;-146,7;55,4;182;255
vpja53;17;297;402;-81,9525951557093;23,5017301038063;105;255255000
vpja53;17;633;787;-119,352595155709;-186,298269896194;154;0
vpja53;17;848;1216;-513,352595155709;91,8017301038062;368;255
vpja53;17;1237;1420;-457,752595155709;103,801730103806;183;255
vpja53;17;1455;1603;-549,052595155709;104,001730103806;148;255
vpja53;17;1685;1877;-99,9525951557093;-198,598269896194;192;255000
vpja53;17;1894;2331;-112,552595155709;-184,298269896194;437;0
vpja53;17;2379;2528;-110,452595155709;62,9017301038062;149;2,55e+08
vpja53;17;2568;2810;-239,852595155709;58,3017301038062;242;2,55e+08
vpja53;17;2851;3118;-106,252595155709;17,7017301038063;267;255255000
vpja53;17;3371;3531;5,04740484429067;54,5017301038063;160;255255000
vpja53;17;3569;3867;-53,3525951557093;163,401730103806;298;255255000
vpja53;17;3937;4112;-82,7525951557093;-206,998269896194;175;255000
vpja53;17;4129;4282;-110,152595155709;-194,698269896194;153;0
vpja53;17;4352;4511;433,347404844291;-69,8982698961937;159;0
vpja53;17;4551;4740;585,347404844291;-110,998269896194;189;0
vpja53;17;4795;5042;248,947404844291;-49,8982698961937;247;0
vpja53;17;5103;5313;-81,4525951557093;-196,798269896194;210;255000
vpja53;17;5332;5711;-109,752595155709;-204,798269896194;379;255000
vpja53;17;5775;5934;-176,952595155709;72,9017301038062;159;2,55e+08
vpja53;17;5979;6151;-285,352595155709;142,901730103806;172;2,55e+08
vpja53;17;6185;6488;-244,752595155709;68,4017301038062;303;2,55e+08
vpja53;17;6539;6745;-100,552595155709;-186,998269896194;206;255000
vpja53;17;6761;7251;-122,452595155709;-194,098269896194;490;0
vpja53;17;7308;7599;-84,4525951557093;64,0017301038063;291;255255000
vpja53;17;7626;8788;-37,5525951557094;138,201730103806;1162;255255000
vpja53;17;8860;9094;-468,452595155709;100,101730103806;234;255
vpja53;17;9126;9419;-540,452595155709;78,8017301038062;293;255
vpja53;17;9444;9767;-444,752595155709;94,7017301038063;323;255
vpja53;17;9804;10000;-501,652595155709;209,101730103806;196;0
vpja53;18;203;463;-52;-66,4;260;255
vpja53;18;514;743;-34,9;-320,3;229;255000
vpja53;18;759;919;-40,2;-288,4;160;255000
vpja53;18;973;1503;-243,9;-26,9;530;255255000
vpja53;18;1546;1778;-124,9;46,4;232;0
vpja53;18;1850;2157;360,8;-19,3000000000001;307;0
vpja53;18;2229;2379;-94,6;176,9;150;0
vpja53;18;2421;2634;-11,9;383,3;213;0
vpja53;18;2656;2888;27;429,8;232;2,55e+08
vpja53;18;2942;3082;-260,8;346,2;140;0
vpja53;18;3126;3473;-260,6;210,5;347;0
vpja53;18;3493;3729;-300,2;245;236;0
vpja53;18;3781;3990;-564,6;87,1;209;0
vpja53;18;4015;4209;-567,7;-7,5;194;0
vpja53;18;4232;4535;-505,5;-2,70000000000005;303;0
vpja53;18;4589;4844;-305,7;-9,20000000000005;255;0
vpja53;18;4921;5178;268,9;-4,60000000000002;257;0
vpja53;18;5223;5514;65,4000000000001;35,9;291;2,55e+08
vpja53;18;5572;5827;6;337,7;255;2,55e+08
vpja53;18;5868;6121;44,4000000000001;234,8;253;2,55e+08
vpja53;18;6162;6375;58,8;115,9;213;2,55e+08
vpja53;18;6442;6559;-2,5;-230,3;117;2,55e+08
vpja53;18;6583;6999;-12,5;-295,4;416;255000
vpja53;18;7050;7337;-173,9;-81,7;287;0
vpja53;18;7375;7772;-229,2;-9,10000000000002;397;255255000
vpja53;18;7858;7990;-313,7;320,9;132;0
vpja53;18;8024;8294;-346,4;429,9;270;0
vpja53;18;8305;8574;-333,5;440,8;269;0
vpja53;18;8627;8928;-297;169,7;301;0
vpja53;18;8947;9102;-328,4;133,8;155;0
vpja53;18;9154;9507;-589,5;128,4;353;0
vpja53;18;9551;9725;-592,6;-22;174;0
vpja53;18;9756;9999;-568,6;-174,6;243;0
vpja53;19;141;302;10,6;-17,4;161;2,55e+08
vpja53;19;343;529;-79,3;-165,1;186;255000
vpja53;19;589;953;1,89999999999998;118,7;364;255
vpja53;19;974;1306;43,6;119;332;255
vpja53;19;1324;1936;13;102,1;612;255
vpja53;19;1954;2202;40,9;136,6;248;255
vpja53;19;2223;2429;20,5;91,3;206;255
vpja53;19;2488;2779;-271,1;127,7;291;0
vpja53;19;2801;3099;-292,1;158,7;298;0
vpja53;19;3109;3222;-285,4;149,7;113;0
vpja53;19;3268;3606;-412,5;0,699999999999932;338;0
vpja53;19;3622;3845;-444,7;1,10000000000002;223;0
vpja53;19;3884;4162;-424,1;-125,1;278;0
vpja53;19;4184;4475;-444,3;-175,8;291;0
vpja53;19;4503;4734;-438,2;-253,3;231;0
vpja53;19;4807;4984;59,5000000000001;-347,7;177;0
vpja53;19;5010;5256;95,1999999999999;-412,1;246;0
vpja53;19;5288;5542;12,2;-442,9;254;0
vpja53;19;5578;5973;98,6999999999999;-431,3;395;0
vpja53;19;5995;6254;85,4;-365,5;259;0
vpja53;19;6276;6451;138,2;-330,6;175;0
vpja53;19;6484;6666;281,8;-316,2;182;0
vpja53;19;6709;6926;210,7;-421,7;217;0
vpja53;19;6972;7209;13,1;-415,2;237;0
vpja53;19;7225;7418;23,7;-443,7;193;0
vpja53;19;7447;7687;117,3;-429,1;240;0
vpja53;19;7722;7917;136;-311,9;195;0
vpja53;19;7939;8352;91,3000000000001;-296,3;413;0
vpja53;19;8376;8566;148,6;-309;190;0
vpja53;19;8615;8811;298,6;-374,8;196;0
vpja53;19;8832;9069;250,3;-427,2;237;0
vpja53;19;9116;9395;45,7;-449,7;279;0
vpja53;19;9420;9627;136,1;-459;207;0
vpja53;19;9652;9924;88,1999999999999;-414,9;272;0
vpja53;19;9961;10000;11;-393,6;39;0
vpja53;20;571;758;-465,2;-129,5;187;255000
vpja53;20;809;1115;-211,3;-239,5;306;0
vpja53;20;1145;1288;-114,4;-247,4;143;0
vpja53;20;1324;1530;-215,2;-266,7;206;0
vpja53;20;1587;1785;54,7;-416;198;0
vpja53;20;1801;1969;63,1000000000001;-446;168;0
vpja53;20;2016;2215;269,7;-428,3;199;0
vpja53;20;2246;2377;181,9;-421,3;131;0
vpja53;20;2432;2598;452,2;-231,6;166;0
vpja53;20;2624;2939;435;-164,8;315;0
vpja53;20;2978;3528;614,1;-182,2;550;0
vpja53;20;3585;3884;571,5;-439,6;299;0
vpja53;20;3918;4146;449,5;-455,3;228;0
vpja53;20;4196;4371;495,4;-231;175;0
vpja53;20;4397;4828;441;-161,2;431;0
vpja53;20;4843;5072;434,7;-135,6;229;0
vpja53;20;5123;5401;594,3;51,1;278;0
vpja53;20;5457;5671;403,5;305,1;214;0
vpja53;20;5707;5903;284,4;250,9;196;0
vpja53;20;5921;6196;312,6;218,3;275;0
vpja53;20;6252;6452;46;246,4;200;0
vpja53;20;6477;6755;110,8;282,8;278;0
vpja53;20;6843;6990;-465,7;342,4;147;0
vpja53;20;7039;7256;-366,4;185;217;255255000
vpja53;20;7317;7719;-600,9;397;402;0
vpja53;20;7798;7990;-451,6;-111,5;192;255000
vpja53;20;8014;8362;-453,5;-155,4;348;255000
vpja53;20;8412;8655;-201,2;-264,4;243;0
vpja53;20;8695;8923;-33,8;-256,2;228;0
vpja53;20;8966;9163;-201,6;-271,2;197;0
vpja53;20;9203;9557;-47,9;-249,7;354;0
vpja53;20;9597;9871;-162,4;-266,3;274;0
vpja53;20;9895;9999;-224,7;-264,3;104;0
vpja53;21;226;369;-64,9400000000001;-286,697142857143;143;255000
vpja53;21;449;793;-470,24;319,102857142857;344;255
vpja53;21;817;1044;-470,94;372,102857142857;227;255
vpja53;21;1133;1304;278,76;316,502857142857;171;0
vpja53;21;1327;1597;286,66;262,202857142857;270;0
vpja53;21;1676;2158;-457,24;318,702857142857;482;255
vpja53;21;2182;2307;-481,84;356,802857142857;125;255
vpja53;21;2393;2610;241,16;258,402857142857;217;255255000
vpja53;21;2630;2816;286,76;262,002857142857;186;0
vpja53;21;2907;3104;-94,1400000000001;-282,697142857143;197;255000
vpja53;21;3149;3337;-157,34;-27,8971428571427;188;2,55e+08
vpja53;21;3376;3579;-53,34;-75,7971428571428;203;2,55e+08
vpja53;21;3632;3843;-89,9400000000001;-281,597142857143;211;255000
vpja53;21;3898;4114;-354,64;-266,597142857143;216;0
vpja53;21;4137;4303;-356,24;-218,097142857143;166;0
vpja53;21;4328;4670;-353,64;-287,497142857143;342;0
vpja53;21;4756;5172;304,46;-95,2971428571428;416;0
vpja53;21;5188;5354;280,16;-105,797142857143;166;0
vpja53;21;5417;5645;311,56;-433,897142857143;228;0
vpja53;21;5685;5983;496,16;-368,397142857143;298;0
vpja53;21;6055;6272;543,66;58,0028571428572;217;0
vpja53;21;6316;6489;400,96;72,7028571428572;173;0
vpja53;21;6526;6723;280,76;27,3028571428572;197;0
vpja53;21;6746;7009;296,16;-30,1971428571428;263;0
vpja53;21;7055;7346;521,66;49,1028571428573;291;0
vpja53;21;7369;7581;464,66;101,602857142857;212;0
vpja53;21;7607;7901;540,76;26,4028571428572;294;0
vpja53;21;7936;8330;430,96;41,3028571428572;394;0
vpja53;21;8407;8597;-3,6400000000001;154,102857142857;190;2,55e+08
vpja53;21;8633;8772;-94,9400000000001;119,902857142857;139;2,55e+08
vpja53;21;8803;8986;-186,74;40,3028571428572;183;2,55e+08
vpja53;21;9033;9185;-63,34;-65,8971428571427;152;2,55e+08
vpja53;21;9234;9618;-103,34;-256,497142857143;384;255000
vpja53;21;9633;9818;-110,34;-233,797142857143;185;255000
vpja53;21;9924;10000;-452,94;292,902857142857;76;255
vpja53;22;303;692;18,6;-249,4;389;255000
vpja53;22;710;924;12,1;-279,8;214;255000
vpja53;22;1000;1235;-324,7;75,8;235;255255000
vpja53;22;1302;1449;215,1;118;147;0
vpja53;22;1539;1899;19,7;-265,8;360;255000
vpja53;22;1950;2265;18,9;-60,5;315;2,55e+08
vpja53;22;2288;2542;3,29999999999995;7,89999999999998;254;2,55e+08
vpja53;22;2597;2817;-321,5;73;220;255255000
vpja53;22;2873;3183;-602,6;60;310;0
vpja53;22;3204;3515;-565,7;49,5;311;0
vpja53;22;3601;3775;7,79999999999995;-253,5;174;255000
vpja53;22;3797;4050;25,2;-287,1;253;255000
vpja53;22;4126;4304;251,6;88,1;178;0
vpja53;22;4326;4442;298,1;112,5;116;0
vpja53;22;4522;4875;-325,9;105,9;353;255255000
vpja53;22;5008;5221;500,1;-48,2;213;0
vpja53;22;5253;5563;580;-179,7;310;0
vpja53;22;5622;5757;292,3;49,6;135;0
vpja53;22;6019;6168;323,8;181,6;149;0
vpja53;22;6192;6451;281,4;142,7;259;255
vpja53;22;6517;6753;93,7;428,6;236;0
vpja53;22;6804;6998;-188,2;468,3;194;0
vpja53;22;7061;7269;-520,3;460,9;208;0
vpja53;22;7360;7554;-617,7;87,9;194;0
vpja53;22;7573;7762;-634,4;57,9;189;0
vpja53;22;7781;8080;-595,6;49,2;299;0
vpja53;22;8160;8401;-486,5;-408,2;241;0
vpja53;22;8444;8631;-333,4;-439,1;187;0
vpja53;22;8744;8999;552,3;-351,6;255;0
vpja53;22;9023;9306;612,7;-291,8;283;0
vpja53;22;9328;9468;575,5;-344;140;0
vpja53;22;9516;9739;585,3;-67,1;223;0
vpja53;22;9772;9986;594,9;33;214;0
vpja53;23;215;555;70,4;-37,1999999999999;340;255000
vpja53;23;567;1249;62,1;-48,5;682;255000
vpja53;23;1296;1618;-29,6;80,6;322;255
vpja53;23;1639;1904;-54,2;109,2;265;255
vpja53;23;1955;2206;66,9999999999999;-19,8;251;255000
vpja53;23;2244;2619;-36,9;67,2;375;255
vpja53;23;2640;2918;-53,9;108,5;278;255
vpja53;23;2940;3246;3,19999999999993;124,9;306;255
vpja53;23;3268;3523;30,4;180,1;255;255
vpja53;23;3548;3818;-19,2;106;270;255
vpja53;23;3861;4083;73,1;-42;222;255000
vpja53;23;4145;4434;350,2;148,3;289;0
vpja53;23;4455;4675;310;150,8;220;255255000
vpja53;23;4771;4895;256,3;-170,7;124;0
vpja53;23;4947;5167;62,4;-88,4;220;255000
vpja53;23;5194;5482;19,4;-176,3;288;0
vpja53;23;5501;6172;5,29999999999995;-195,6;671;0
vpja53;23;6204;6366;75,4;-80,5;162;255000
vpja53;23;6384;6761;75,1;-51,3;377;255000
vpja53;23;6804;7091;13,6;-181,2;287;0
vpja53;23;7152;7479;390,2;-182;327;0
vpja53;23;7503;7751;326,2;-164,1;248;0
vpja53;23;7808;8118;64,3000000000001;-48,9;310;255000
vpja53;23;8169;8485;-36,4;106,3;316;255
vpja53;23;8553;8802;-399,6;289;249;0
vpja53;23;8853;9149;-518,6;211;296;0
vpja53;23;9183;9461;-528;336,2;278;0
vpja53;23;9478;9677;-502,1;350,7;199;0
vpja53;23;9694;10000;-522,1;358,9;306;0
vpja53;24;269;449;-100,3;-185;180;255000
vpja53;24;465;696;-79,6999999999999;-171,3;231;255000
vpja53;24;715;821;-94,5;-136,1;106;255000
vpja53;24;890;1181;233;245,7;291;0
vpja53;24;1204;1390;188;204,5;186;255
vpja53;24;1415;1770;271,1;238,4;355;255
vpja53;24;1794;2008;228;216;214;255
vpja53;24;2024;2380;260,1;229,2;356;255
vpja53;24;2395;2852;292,4;232;457;0
vpja53;24;2875;3169;222,3;207,2;294;255
vpja53;24;3191;3639;277,5;234,3;448;255
vpja53;24;3708;4048;-148,8;332,3;340;255255000
vpja53;24;4070;4427;-188,9;338,1;357;0
vpja53;24;4445;4602;-148,2;327,3;157;255255000
vpja53;24;4662;4869;233,9;219;207;255
vpja53;24;4926;5134;-163,6;312,3;208;255255000
vpja53;24;5192;5574;232,5;233,8;382;255
vpja53;24;5657;5867;-76,3;-160,1;210;255000
vpja53;24;5918;6079;-270,4;-74,1;161;2,55e+08
vpja53;24;6125;6352;-69,1999999999999;-135,7;227;255000
vpja53;24;6389;6570;-187,9;-50,5;181;2,55e+08
vpja53;24;6590;6937;-156,6;-18,7;347;2,55e+08
vpja53;24;6984;7280;-285,7;104,3;296;2,55e+08
vpja53;24;7325;7538;-153,8;25,6999999999999;213;2,55e+08
vpja53;24;7579;7877;-293,1;80,4;298;2,55e+08
vpja53;24;7928;8123;-77,5;219,9;195;2,55e+08
vpja53;24;8146;8361;-118,1;237,1;215;2,55e+08
vpja53;24;8386;8618;-24,3;226,4;232;2,55e+08
vpja53;24;8630;8763;-42,8;223,6;133;2,55e+08
vpja53;24;8831;9016;-105,8;-154;185;255000
vpja53;24;9038;9276;-63,6999999999999;-181,2;238;255000
vpja53;24;9292;9457;-71,4;-151,1;165;255000
vpja53;24;9494;9626;-176,3;-170,8;132;255000
vpja53;24;9715;9978;211,7;209,7;263;255
vpja53;25;6;189;-19,4000000000001;-3,19999999999993;183;2,55e+08
vpja53;25;241;381;66,7;-207,2;140;255000
vpja53;25;446;571;355,1;120,8;125;255
vpja53;25;637;812;74,5999999999999;-195,6;175;255000
vpja53;25;833;1028;67,5;-231,8;195;255000
vpja53;25;1118;1334;-484,7;236,7;216;255255000
vpja53;25;1361;1645;-524,3;205,3;284;255255000
vpja53;25;1741;1911;68,3;-223,8;170;255000
vpja53;25;1991;2212;376,2;121;221;255
vpja53;25;2293;2495;59,0999999999999;-244,6;202;255000
vpja53;25;2516;3023;104,1;-238,6;507;255000
vpja53;25;3078;3280;46,8999999999999;-1,5;202;2,55e+08
vpja53;25;3302;3516;94,3999999999999;20,3000000000001;214;2,55e+08
vpja53;25;3544;3768;40,5999999999999;-30,4;224;2,55e+08
vpja53;25;3816;4204;87,8999999999999;-224,1;388;255000
vpja53;25;4216;4544;95,5999999999999;-226,5;328;255000
vpja53;25;4556;4721;69,8999999999999;-222,9;165;255000
vpja53;25;4737;4972;75,7;-196,8;235;255000
vpja53;25;5047;5352;-449,2;-35,5999999999999;305;0
vpja53;25;5366;5697;-430,7;-46,3;331;0
vpja53;25;5708;6024;-428,2;-29,5999999999999;316;0
vpja53;25;6033;6340;-438;-29,3;307;0
vpja53;25;6362;6766;-428,9;-97,9;404;0
vpja53;25;6793;7192;-397,3;-50,8;399;0
vpja53;25;7208;7783;-383,8;-22,8;575;0
vpja53;25;7802;8187;-345;-4,5;385;0
vpja53;25;8201;8677;-314,7;0;476;0
vpja53;25;8718;8962;-412,3;-67,8;244;0
vpja53;25;8981;9242;-428,8;-46,1999999999999;261;0
vpja53;25;9291;9491;-609,6;107;200;0
vpja53;25;9517;9687;-539,7;24,2;170;0
vpja53;25;9731;9873;-669,9;133,5;142;NA
vpja53;25;9921;10000;-458,4;-53,9;79;0
vpja53;26;66;207;26,5342443198934;-28,6162659461983;141;0
vpja53;26;261;716;-132,565755680107;-129,616265946198;455;255000
vpja53;26;728;976;-157,165755680107;-119,416265946198;248;255000
vpja53;26;985;1233;-140,865755680107;-119,616265946198;248;255000
vpja53;26;1288;1531;131,034244319893;45,6837340538018;243;255
vpja53;26;1558;1798;84,1342443198935;97,1837340538018;240;255
vpja53;26;1852;2087;-122,065755680107;-119,116265946198;235;255000
vpja53;26;2160;2549;-472,165755680107;137,983734053802;389;255255000
vpja53;26;2570;2746;-500,765755680107;117,983734053802;176;0
vpja53;26;2820;3038;-132,465755680107;-132,816265946198;218;255000
vpja53;26;3079;3362;-106,865755680107;55,8837340538017;283;2,55e+08
vpja53;26;3382;3558;-119,465755680107;104,583734053802;176;2,55e+08
vpja53;26;3624;3829;299,234244319893;6,48373405380175;205;0
vpja53;26;3919;4040;29,2342443198934;-362,416265946198;121;0
vpja53;26;4082;4447;-118,265755680107;-400,816265946198;365;0
vpja53;26;4463;4782;-99,3657556801065;-381,916265946198;319;0
vpja53;26;4794;5901;-124,965755680107;-375,316265946198;1107;0
vpja53;26;5934;5973;-98,2657556801066;-264,216265946198;39;0
vpja53;26;6008;6156;-154,965755680107;-166,316265946198;148;0
vpja53;26;6174;6528;-141,465755680107;-130,416265946198;354;255000
vpja53;26;6591;6774;105,334244319894;-196,716265946198;183;0
vpja53;26;6798;6989;157,234244319893;-238,616265946198;191;0
vpja53;26;7044;7276;431,434244319893;-217,516265946198;232;0
vpja53;26;7320;7484;219,834244319894;-272,716265946198;164;0
vpja53;26;7517;7679;132,734244319893;-366,416265946198;162;0
vpja53;26;7763;7989;-516,565755680107;-289,116265946198;226;0
vpja53;26;8025;8185;-548,965755680107;-153,916265946198;160;0
vpja53;26;8243;8521;-474,065755680107;-368,916265946198;278;0
vpja53;26;8578;8721;-201,665755680107;-115,616265946198;143;0
vpja53;26;8742;9137;-150,465755680107;-114,516265946198;395;255000
vpja53;26;9186;9645;96,8342443198935;56,7837340538018;459;255
vpja53;26;9710;9939;-183,965755680107;155,283734053802;229;0
