vp;trial;timest;timeend;x;y;duration;roi
vpja86;1;569;750;113,3;-84,1999999999999;181;2,55e+08
vpja86;1;770;919;125,7;-96,3;149;255000
vpja86;1;1085;1256;136,9;-148,5;171;255000
vpja86;1;1327;1476;60,9;258,3;149;255
vpja86;1;1494;1601;66,6999999999999;239,7;107;255
vpja86;1;1673;1877;-374,6;128,6;204;255255000
vpja86;1;1902;2092;-394,3;106,7;190;255255000
vpja86;1;2172;2476;133,6;-166,5;304;255000
vpja86;1;2552;2655;-336,5;58,9000000000001;103;0
vpja86;1;2693;3885;-392,5;85,7;1192;255255000
vpja86;1;3959;4184;74,8999999999999;249,3;225;255
vpja86;1;4204;4286;78,3999999999999;238;82;255
vpja86;1;4425;4755;183;29,1;330;2,55e+08
vpja86;1;4809;5011;170,8;-173,7;202;255000
vpja86;1;5036;5347;141,6;-164,2;311;255000
vpja86;1;5571;5621;179,8;-111,4;50;2,55e+08
vpja86;1;5688;5826;415,2;92,9000000000001;138;0
vpja86;1;5886;5983;460,8;268;97;0
vpja86;1;6051;6251;117,4;98,9000000000001;200;2,55e+08
vpja86;1;6292;6424;162;16,3000000000001;132;2,55e+08
vpja86;1;6657;6924;146;-8,79999999999995;267;2,55e+08
vpja86;1;6976;7400;159,1;-194,8;424;255000
vpja86;1;7454;7718;18,6999999999999;-324,8;264;0
vpja86;1;7780;7858;129,9;-121;78;255000
vpja86;1;8096;8478;56,5999999999999;202,7;382;255
vpja86;1;8532;9402;137,7;1,40000000000009;870;2,55e+08
vpja86;1;9426;10000;158,2;4,40000000000009;574;2,55e+08
vpja86;2;536;714;90,7;83,9;178;255
vpja86;2;770;873;-73,8;-118,7;103;2,55e+08
vpja86;2;898;1092;-84,9;-162,9;194;255000
vpja86;2;1104;1658;-76,5;-178,6;554;255000
vpja86;2;1726;1948;-278,3;139;222;0
vpja86;2;2319;2430;-101,2;-120,2;111;2,55e+08
vpja86;2;2457;2676;-81;-168,2;219;255000
vpja86;2;2684;2825;-74,5999999999999;-177,3;141;255000
vpja86;2;2870;2961;-108,8;-27,6;91;2,55e+08
vpja86;2;3129;3301;116,4;94,4;172;0
vpja86;2;3356;3496;343,2;-0,600000000000023;140;0
vpja86;2;3520;3899;357,1;-24;379;0
vpja86;2;3969;4255;601,2;-162,8;286;0
vpja86;2;4469;4686;-276,6;120,8;217;255255000
vpja86;2;4711;5385;-307,5;141,1;674;0
vpja86;2;5403;5870;-325;132,9;467;0
vpja86;2;5920;6163;-515,7;196,5;243;0
vpja86;2;6201;6796;-574,8;132,8;595;0
vpja86;2;6866;7128;-247,7;100,5;262;255255000
vpja86;2;7153;7388;-282,9;122,1;235;255255000
vpja86;2;7458;7570;-97,6999999999999;-137,6;112;2,55e+08
vpja86;2;7601;7877;-82,0999999999999;-164,7;276;255000
vpja86;2;7889;8464;-75,8;-176,8;575;255000
vpja86;2;8532;9745;-286,2;143,1;1213;0
vpja86;2;9815;9999;94;95,5;184;255
vpja86;3;842;1062;-451,6;-132,7;220;255000
vpja86;3;1080;2081;-442,8;-149,4;1001;255000
vpja86;3;2163;2291;34,6;-310,9;128;0
vpja86;3;2332;2552;-2,20000000000005;-254;220;0
vpja86;3;2618;3226;10,2;2,39999999999998;608;255
vpja86;3;3247;3572;20;-7,40000000000009;325;255
vpja86;3;3631;3753;-142,2;105,6;122;255255000
vpja86;3;3794;4348;-228,7;124,5;554;255255000
vpja86;3;4401;4603;-2,10000000000002;64,5;202;255
vpja86;3;4654;4941;213,3;206,4;287;0
vpja86;3;4985;5192;51,6;70,0999999999999;207;0
vpja86;3;5223;5712;31;-12,7;489;255
vpja86;3;5773;6182;-80;-231;409;0
vpja86;3;6238;6460;89;-423,6;222;0
vpja86;3;6489;6537;65,3;-411,6;48;0
vpja86;3;6756;6830;44,9;-347,7;74;0
vpja86;3;6858;7091;53,4;-406,9;233;0
vpja86;3;7166;7367;500,3;-245,2;201;0
vpja86;3;7409;7584;467,7;-155,9;175;0
vpja86;3;7661;7768;9,79999999999995;-75,1;107;0
vpja86;3;7834;8072;89,8;211,8;238;0
vpja86;3;8150;8301;-474,1;379,1;151;0
vpja86;3;8353;8524;-291,6;206;171;255255000
vpja86;3;8572;8816;-24,1;124,4;244;0
vpja86;3;8853;8883;29,4;121,8;30;255
vpja86;3;9089;9999;15,3;41,5999999999999;910;255
vpja86;4;467;574;-57;89,2;107;2,55e+08
vpja86;4;844;1055;-7,29999999999995;-180;211;255000
vpja86;4;1073;1304;-29,4;-177,5;231;255000
vpja86;4;1373;1607;265,3;161,6;234;255255000
vpja86;4;1641;2110;233,8;191,2;469;255255000
vpja86;4;2133;2471;234,2;158,2;338;255255000
vpja86;4;2526;2718;367;79,9;192;0
vpja86;4;2775;2806;238;157;31;255255000
vpja86;4;3057;3151;230,6;163,2;94;255255000
vpja86;4;3231;3822;-368,9;151,5;591;0
vpja86;4;3887;4087;-117,5;90,9;200;0
vpja86;4;4124;4803;-151,7;138,9;679;0
vpja86;4;4862;5175;-41,5999999999999;-116,7;313;2,55e+08
vpja86;4;5492;5584;261,2;211,6;92;255255000
vpja86;4;5606;5764;230,7;185,4;158;255255000
vpja86;4;5842;5963;-349,5;160,1;121;255
vpja86;4;6157;6941;-180,5;40,4;784;2,55e+08
vpja86;4;6995;7117;-15,4;-143;122;255000
vpja86;4;7154;7557;-26,9;-191,8;403;255000
vpja86;4;7621;7734;233,6;-219,4;113;0
vpja86;4;7807;8090;-230,2;-274,5;283;0
vpja86;4;8156;8319;-499,4;-313,9;163;0
vpja86;4;8348;8584;-497,3;-421,3;236;0
vpja86;4;8791;8852;-145,9;108;61;2,55e+08
vpja86;4;8921;10000;255,9;152,1;1079;255255000
vpja86;5;292;414;-1,70000000000005;111,1;122;255
vpja86;5;485;752;-317,8;164,9;267;0
vpja86;5;776;1219;-293;174;443;255255000
vpja86;5;1239;1383;-312,8;172,3;144;255255000
vpja86;5;1450;1844;-0,399999999999977;130,2;394;255
vpja86;5;1901;2151;-95,9;-140,2;250;255000
vpja86;5;2170;2505;-85,9;-143,8;335;255000
vpja86;5;2690;2796;-316,1;139,3;106;255255000
vpja86;5;2854;3188;-456,9;-45,5;334;0
vpja86;5;3217;3620;-469,4;-120,8;403;0
vpja86;5;3689;3874;-327,5;158,2;185;0
vpja86;5;3926;4011;-405,3;232,3;85;0
vpja86;5;4086;4238;-96,5;-138,8;152;255000
vpja86;5;4263;4644;-97,1;-152,9;381;255000
vpja86;5;4797;4882;-102,3;-151,5;85;255000
vpja86;5;4949;5062;13,9;141,7;113;255
vpja86;5;5129;5288;-316,2;159,5;159;0
vpja86;5;5321;5673;-289,7;169,3;352;0
vpja86;5;5724;5858;-164,4;292,5;134;0
vpja86;5;5898;6040;-217,8;346,9;142;0
vpja86;5;6107;6566;9,89999999999998;142;459;255
vpja86;5;6617;6903;-100,5;5,5;286;2,55e+08
vpja86;5;7104;7382;-53,6;84,1;278;2,55e+08
vpja86;5;7427;7662;10,1;147,6;235;255
vpja86;5;7724;7890;-128,7;324,3;166;0
vpja86;5;7931;8320;-211,6;336,4;389;0
vpja86;5;8341;8478;-222;351,4;137;0
vpja86;5;8529;8641;-31,1;208;112;0
vpja86;5;8685;8869;-64,3;296,7;184;0
vpja86;5;9098;9365;2,29999999999995;142,4;267;255
vpja86;5;9427;9779;-292,6;151,1;352;0
vpja86;5;9844;10000;-106,9;-25,6;156;2,55e+08
vpja86;6;418;510;-85,8;45,1;92;2,55e+08
vpja86;6;676;915;-441,3;35;239;255
vpja86;6;960;1222;-514,9;141,3;262;0
vpja86;6;1295;1395;-48,1999999999999;-187,5;100;2,55e+08
vpja86;6;1430;1564;-92,0999999999999;-196,4;134;255000
vpja86;6;1581;2025;-104,5;-208,1;444;255000
vpja86;6;2072;2214;-43,5999999999999;-64,6999999999999;142;2,55e+08
vpja86;6;2252;2398;-24,5999999999999;-0,299999999999955;146;2,55e+08
vpja86;6;2450;2620;4,70000000000005;93,6;170;255255000
vpja86;6;2645;2982;-32,8;77,4000000000001;337;255255000
vpja86;6;3001;3239;-54,9;85,5;238;255255000
vpja86;6;3424;3858;20,9000000000001;90,1;434;255255000
vpja86;6;3916;4025;-239;121,4;109;2,55e+08
vpja86;6;4086;4255;-458,6;109,9;169;255
vpja86;6;4283;4599;-537,6;80,1;316;0
vpja86;6;4657;4769;-192,6;10,1;112;2,55e+08
vpja86;6;4839;4964;183,2;-3,5;125;0
vpja86;6;5004;5310;337,7;-42;306;0
vpja86;6;5358;5477;553,8;-125,8;119;0
vpja86;6;5511;5758;587,5;-133,4;247;0
vpja86;6;5793;6035;549,2;-89,9;242;0
vpja86;6;6224;6318;106,9;117,4;94;0
vpja86;6;6398;6493;419,9;-327,5;95;0
vpja86;6;6529;6700;456,9;-349,8;171;0
vpja86;6;6735;7095;507,7;-345;360;0
vpja86;6;7180;7294;53,8000000000001;131,8;114;255255000
vpja86;6;7331;7575;-19,9;95,3000000000001;244;255255000
vpja86;6;7921;8219;-71,5;80,2;298;255255000
vpja86;6;8245;8505;-25,3;78,9000000000001;260;255255000
vpja86;6;8579;9165;-466,4;101,6;586;255
vpja86;6;9208;9504;-460,5;201,7;296;0
vpja86;6;9536;9855;-476,7;95,7;319;0
vpja86;6;9888;9985;-462,5;8,80000000000007;97;255
vpja86;7;655;1058;-508,7;376,4;403;255
vpja86;7;1080;1255;-467,1;373,1;175;255
vpja86;7;1320;1489;-145,1;371,2;169;255255000
vpja86;7;1655;2068;-258,5;-190,5;413;0
vpja86;7;2078;2291;-261,4;-198;213;0
vpja86;7;2357;2616;-237,3;81,1;259;2,55e+08
vpja86;7;2661;2787;-233,8;176;126;2,55e+08
vpja86;7;2824;3003;-188,2;143,7;179;2,55e+08
vpja86;7;3074;3174;-238,2;-162,9;100;255000
vpja86;7;3208;3365;-262,3;-180,4;157;0
vpja86;7;3390;3616;-255,9;-200,6;226;255000
vpja86;7;3682;4238;17;-220,6;556;0
vpja86;7;4257;4498;7,5;-212,5;241;0
vpja86;7;4570;4733;-318;47,6;163;2,55e+08
vpja86;7;4795;5081;-437,1;201,9;286;0
vpja86;7;5129;5385;-575;170,5;256;0
vpja86;7;5463;5641;-589,4;-201,2;178;0
vpja86;7;5667;5931;-587,7;-253,4;264;0
vpja86;7;5990;6443;-562,2;-99,3;453;0
vpja86;7;6499;6642;-574,5;5,5;143;0
vpja86;7;6827;7149;-467,3;311,3;322;255
vpja86;7;7215;7576;-142,9;343,1;361;255255000
vpja86;7;7604;8070;-253,3;284,4;466;2,55e+08
vpja86;7;8092;8343;-283,3;264,5;251;2,55e+08
vpja86;7;8600;8932;-184,8;145,4;332;2,55e+08
vpja86;7;8999;9161;-137,7;403,2;162;0
vpja86;7;9198;9536;-148;370,1;338;255255000
vpja86;7;9558;10000;-156,7;339,8;442;0
vpja86;8;368;769;128,3;257,9;401;255
vpja86;8;1116;1166;-520,4;369;50;255255000
vpja86;8;1191;1457;-539,4;393,8;266;255255000
vpja86;8;1648;1755;-338,7;-141,6;107;255000
vpja86;8;1791;2413;-300,9;-163,7;622;255000
vpja86;8;2487;2733;312,2;204,7;246;0
vpja86;8;2772;2870;391,2;210,5;98;0
vpja86;8;2939;3141;565,1;-41,2;202;0
vpja86;8;3342;3422;-390,3;340,7;80;0
vpja86;8;3477;3796;-522;386,8;319;255255000
vpja86;8;3821;4472;-503,9;370,2;651;255255000
vpja86;8;4509;5054;-556,5;372,4;545;255255000
vpja86;8;5133;5405;86;291,5;272;255
vpja86;8;5449;5581;178;369,6;132;255
vpja86;8;5605;6920;208,3;380;1315;255
vpja86;8;6968;8660;116,5;252,5;1692;255
vpja86;8;8874;10000;-462,7;363,9;1126;255255000
vpja86;9;365;468;-157,3;94,5;103;0
vpja86;9;517;686;-69,9;-50,7;169;255255000
vpja86;9;728;865;-161,9;-33,5;137;0
vpja86;9;906;1251;-255,1;-24,1;345;255
vpja86;9;1306;1584;-187,1;-166,2;278;0
vpja86;9;1636;1736;-35;-280,8;100;255000
vpja86;9;1771;1959;-12,6;-305,2;188;255000
vpja86;9;2027;2133;-65,6999999999999;20,9;106;255255000
vpja86;9;2164;2369;-93,6;7,39999999999998;205;0
vpja86;9;2432;2555;40,4;190,9;123;2,55e+08
vpja86;9;2609;2680;-8,10000000000002;-5,39999999999998;71;2,55e+08
vpja86;9;2857;3113;-38,8;-88,7;256;255255000
vpja86;9;3189;3542;48,7;327,7;353;2,55e+08
vpja86;9;3729;3868;-220,5;207,2;139;0
vpja86;9;3954;4165;444,2;-34,7;211;0
vpja86;9;4217;4347;313,2;-155;130;0
vpja86;9;4375;4535;282,9;-230,9;160;0
vpja86;9;4600;4741;-1;-293,8;141;255000
vpja86;9;4765;4913;-23,1;-304;148;255000
vpja86;9;5041;5104;-314,5;-173,3;63;0
vpja86;9;5175;5435;-578,5;38,3;260;0
vpja86;9;5625;6397;-255,1;-17;772;255
vpja86;9;6455;6530;-52,5;-179,3;75;0
vpja86;9;6576;7140;-26,6;-306,1;564;255000
vpja86;9;7162;7519;-4,69999999999993;-289,5;357;255000
vpja86;9;7589;7691;6,70000000000005;49,4;102;2,55e+08
vpja86;9;7720;8054;-46,3;-48,1;334;255255000
vpja86;9;8113;9304;-244,1;-19,8000000000001;1191;255
vpja86;9;9328;9563;-165,2;-36,4;235;0
vpja86;9;9632;9862;181,8;-24,2;230;0
vpja86;9;9912;10000;349,3;-14,3000000000001;88;0
vpja86;10;307;414;-9,5;-117;107;2,55e+08
vpja86;10;450;557;-13,5;-231;107;255000
vpja86;10;709;867;-23,0999999999999;-218,1;158;255000
vpja86;10;943;1300;-428,8;278,4;357;255
vpja86;10;1533;1685;400,6;249,9;152;255255000
vpja86;10;1722;1866;418,6;210,2;144;255255000
vpja86;10;1908;2072;464,4;293,1;164;255255000
vpja86;10;2094;2409;483,2;306,6;315;255255000
vpja86;10;2441;2796;428,3;324,8;355;255255000
vpja86;10;2867;2976;42;141,4;109;2,55e+08
vpja86;10;3016;3231;-47,0999999999999;68,6999999999999;215;2,55e+08
vpja86;10;3299;3430;-7,19999999999993;-216,2;131;255000
vpja86;10;3456;3724;-26,0999999999999;-225,1;268;255000
vpja86;10;3732;4250;-17,6999999999999;-220,9;518;255000
vpja86;10;4316;4373;-82,3;17,6999999999999;57;2,55e+08
vpja86;10;4444;5023;-406;261,8;579;255
vpja86;10;5047;5193;-431,5;287,3;146;255
vpja86;10;5244;5515;-449,6;129,4;271;0
vpja86;10;5607;5814;370,4;278,7;207;255255000
vpja86;10;5853;5960;430,9;258,1;107;255255000
vpja86;10;6191;6324;-76,4;253;133;0
vpja86;10;6355;6783;-50,5999999999999;182;428;2,55e+08
vpja86;10;6826;7753;-16,6999999999999;308,8;927;0
vpja86;10;7802;9356;406,9;99,6999999999999;1554;0
vpja86;10;9568;10000;-37,5999999999999;83,3;432;2,55e+08
vpja86;11;453;674;234,8;238,4;221;255
vpja86;11;699;898;277,2;255,6;199;0
vpja86;11;1087;3047;-162,6;340,8;1960;255255000
vpja86;11;3094;4520;261,1;255,5;1426;0
vpja86;11;4586;5003;-133,4;294,4;417;255255000
vpja86;11;5201;5227;-104;-45,3;26;2,55e+08
vpja86;11;5273;5611;-61;-181,4;338;255000
vpja86;11;5632;5857;-49,4000000000001;-173,2;225;255000
vpja86;11;5881;6121;-57,4000000000001;-138,8;240;255000
vpja86;11;6145;6309;-49,1;-186,4;164;255000
vpja86;11;6319;6523;-53,4000000000001;-199,7;204;255000
vpja86;11;6573;6751;-201,3;-152,6;178;2,55e+08
vpja86;11;6806;7122;-179,8;1,5;316;2,55e+08
vpja86;11;7140;7272;-170,2;12,2;132;2,55e+08
vpja86;11;7316;7376;-263,7;42,2;60;2,55e+08
vpja86;11;8434;8577;248,6;200,4;143;0
vpja86;11;8628;8786;-37,1;147,2;158;2,55e+08
vpja86;11;8826;9036;-139,5;151,9;210;2,55e+08
vpja86;11;9072;9227;-205;144,1;155;2,55e+08
vpja86;11;9249;9379;-240,5;141,9;130;2,55e+08
vpja86;11;9438;9557;-75,2;244,6;119;2,55e+08
vpja86;11;9590;9739;-42,5;234,9;149;2,55e+08
vpja86;11;9954;10000;251,7;241,2;46;255
vpja86;12;310;444;201,7;198;134;255
vpja86;12;504;680;148,5;-195,4;176;255000
vpja86;12;704;946;155,2;-247;242;255000
vpja86;12;1097;1374;-441,2;322;277;255255000
vpja86;12;1404;1676;-422,9;247,3;272;255255000
vpja86;12;1754;1936;139,6;369,9;182;255
vpja86;12;1962;2131;164,2;345,5;169;255
vpja86;12;2191;2367;-74,4;314,1;176;0
vpja86;12;2405;3930;-55,8;256,8;1525;2,55e+08
vpja86;12;3999;7219;-372,1;331,8;3220;255255000
vpja86;12;7297;8710;190,6;338;1413;255
vpja86;12;8779;9289;-344,5;281,4;510;255255000
vpja86;12;9488;9999;-230,3;180,8;511;0
vpja86;13;349;420;-206;216,8;71;255
vpja86;13;596;797;-237,2;301,6;201;255
vpja86;13;874;1054;377,1;374,5;180;255255000
vpja86;13;1077;1280;402,3;413,4;203;255255000
vpja86;13;1482;1587;146,6;-90,5000000000001;105;255000
vpja86;13;1612;1874;125,6;-91,5000000000001;262;255000
vpja86;13;1950;2048;-271,3;308,8;98;255
vpja86;13;2083;2226;-232,5;291,7;143;255
vpja86;13;2287;2459;-442,9;39,4;172;0
vpja86;13;2515;2633;-362,7;-160,2;118;0
vpja86;13;2674;2853;-168,3;-289,8;179;0
vpja86;13;2896;3082;79;-84,1;186;255000
vpja86;13;3118;3288;122,5;-95,6;170;255000
vpja86;13;3352;3605;326,6;107,9;253;0
vpja86;13;3652;3718;398,5;173,2;66;0
vpja86;13;3787;3998;80,7;-201;211;0
vpja86;13;4039;4175;-4,89999999999998;-183,8;136;0
vpja86;13;4221;4400;-164,3;-226,5;179;0
vpja86;13;4426;4730;-198;-247,2;304;0
vpja86;13;4784;4913;-414,9;-223,2;129;0
vpja86;13;4982;5110;-50,5;-252,6;128;0
vpja86;13;5149;5541;17,9;-258,9;392;0
vpja86;13;5580;5843;32;-196,6;263;0
vpja86;13;5903;6125;-10;-44,7;222;0
vpja86;13;6158;6256;22,8;-18,5;98;0
vpja86;13;6320;6507;403,5;349,7;187;255255000
vpja86;13;6533;6681;386,1;390,5;148;255255000
vpja86;13;6735;6935;387,4;186,1;200;0
vpja86;13;6969;7321;461;292,3;352;0
vpja86;13;7376;7531;368,3;387,1;155;255255000
vpja86;13;7560;7653;399,9;419,2;93;255255000
vpja86;13;7731;7841;-154,1;291,6;110;255
vpja86;13;7879;8049;-216,9;287,1;170;255
vpja86;13;8056;8212;-229,5;288,3;156;255
vpja86;13;8259;8676;-487,3;143,8;417;0
vpja86;13;8718;8953;-362,5;189,5;235;0
vpja86;13;9013;9162;-166,7;278,6;149;255
vpja86;13;9200;9293;-226;290,7;93;255
vpja86;13;9479;9621;372,2;423,6;142;255255000
vpja86;13;9652;9822;398,1;392,1;170;255255000
vpja86;13;9897;9999;157,4;-66,3000000000001;102;2,55e+08
vpja86;14;365;481;-143,7;61,2;116;255
vpja86;14;596;770;411,3;103,6;174;255255000
vpja86;14;789;1119;441,9;108;330;255255000
vpja86;14;1188;1282;114,7;-240,7;94;2,55e+08
vpja86;14;1318;1490;73,3000000000001;-273;172;255000
vpja86;14;1508;1852;55,5;-278,5;344;255000
vpja86;14;1922;2072;-119,7;57,8000000000001;150;255
vpja86;14;2114;2294;-206,3;72,1;180;255
vpja86;14;2326;2478;-234;86,7;152;255
vpja86;14;2664;2726;-213;82;62;255
vpja86;14;2792;3240;-506,8;176,6;448;0
vpja86;14;3278;3473;-207,9;95,4;195;255
vpja86;14;3530;3701;93,6;165,1;171;0
vpja86;14;3760;3951;456,4;103,4;191;255255000
vpja86;14;3979;4329;534,8;69,3000000000001;350;0
vpja86;14;4368;4571;460,8;89,9;203;255255000
vpja86;14;4638;4707;133,6;-142,1;69;2,55e+08
vpja86;14;4745;4951;71,4999999999999;-229,3;206;2,55e+08
vpja86;14;5029;5296;587,9;96,8000000000001;267;0
vpja86;14;5381;5505;75,3000000000001;-246,6;124;2,55e+08
vpja86;14;5528;6038;60,9;-271,8;510;255000
vpja86;14;6177;6469;-540,6;148,5;292;0
vpja86;14;6526;6757;-612,5;337,9;231;0
vpja86;14;6794;7183;-606,3;394,1;389;0
vpja86;14;7421;7655;452,3;145,8;234;255255000
vpja86;14;7715;7974;231,3;262,5;259;0
vpja86;14;8028;8431;32,1;85,9;403;0
vpja86;14;8483;8996;-207,8;89,1;513;255
vpja86;14;9044;9350;-3,5;-4,69999999999993;306;0
vpja86;14;9421;9655;433,5;105;234;255255000
vpja86;14;9678;9928;459;99,5;250;255255000
vpja86;15;221;334;-154,7;-100,5;113;2,55e+08
vpja86;15;362;629;-168,6;-178,1;267;255000
vpja86;15;636;838;-167,9;-188,6;202;255000
vpja86;15;910;1178;335,1;18,2;268;255
vpja86;15;1266;1883;-408,7;332,9;617;255255000
vpja86;15;1925;2257;-492,4;434;332;0
vpja86;15;2366;2668;-424,8;110,2;302;0
vpja86;15;2864;2893;246,8;107;29;0
vpja86;15;2956;3137;465,2;259,7;181;0
vpja86;15;3178;3430;368,7;296,6;252;0
vpja86;15;3454;3776;345,1;311,3;322;0
vpja86;15;3830;3978;91,9;341,3;148;0
vpja86;15;4021;4227;-59,1999999999999;267,3;206;2,55e+08
vpja86;15;4299;4346;-132,4;-70,8;47;2,55e+08
vpja86;15;4390;4500;-174,6;-158,3;110;255000
vpja86;15;4526;5014;-160,8;-189,8;488;255000
vpja86;15;5072;5663;29,1;-358,6;591;0
vpja86;15;5702;5890;33,1;-301,4;188;0
vpja86;15;5916;6292;108,1;-365,9;376;0
vpja86;15;6321;6484;39,8000000000001;-452;163;0
vpja86;15;6494;6787;36,8000000000001;-460,5;293;0
vpja86;15;6939;7128;-370,6;-174,9;189;0
vpja86;15;7192;7455;-460,6;74,1;263;0
vpja86;15;7488;7780;-424,7;90,2;292;0
vpja86;15;7799;7940;-407;90,1;141;0
vpja86;15;7966;8160;-439;108,8;194;0
vpja86;15;8202;8391;-463,1;204,6;189;0
vpja86;15;8401;8590;-463,7;201,4;189;0
vpja86;15;8640;8814;-648,5;177,4;174;NA
vpja86;15;8885;9050;-236,4;17,1;165;2,55e+08
vpja86;15;9093;9190;-357,5;-29,8;97;0
vpja86;15;9262;9382;65,9;148;120;0
vpja86;15;9440;9622;114,6;322,8;182;0
vpja86;15;9700;9826;-10,6;-103,4;126;0
vpja86;15;9865;10000;44,7;-70,9;135;0
vpja86;16;771;933;179,6;184,6;162;255255000
vpja86;16;1160;1264;201;185,1;104;255255000
vpja86;16;1806;1843;-386;-29,7;37;255000
vpja86;16;1966;2204;-226;-71,3000000000001;238;0
vpja86;16;2242;2422;-144,9;-41,1;180;0
vpja86;16;2483;2803;-559,6;-210,1;320;0
vpja86;16;2865;3024;-341,3;-9,89999999999998;159;255000
vpja86;16;3059;3174;-380,7;-38,1;115;255000
vpja86;16;3309;3496;239,5;203,6;187;255255000
vpja86;16;3566;3845;586,5;356,7;279;0
vpja86;16;3909;4051;488,8;-25,6;142;0
vpja86;16;4084;4230;517,8;-81,8000000000001;146;0
vpja86;16;4378;4682;-322,4;293,3;304;255
vpja86;16;4752;5006;-382,7;-29;254;255000
vpja86;16;5028;5527;-365,9;-27,4;499;255000
vpja86;16;5958;6174;-319,8;285,2;216;255
vpja86;16;6201;6926;-324,4;313,2;725;255
vpja86;16;7643;7755;-309,3;49,4;112;2,55e+08
vpja86;16;7784;8082;-372,6;-37,9;298;255000
vpja86;16;8161;8681;-249,9;-80,3000000000001;520;0
vpja86;16;9345;10000;-373,7;-21,5;655;255000
vpja86;17;239;535;52,5;-29,1999999999999;296;255000
vpja86;17;553;698;69,8;-43,1999999999999;145;255000
vpja86;17;710;1013;82,5999999999999;-44,5999999999999;303;0
vpja86;17;1071;1220;373;-156;149;0
vpja86;17;1259;1382;305,9;-162;123;0
vpja86;17;1403;1549;321,7;-162,3;146;0
vpja86;17;1621;1797;-19,9000000000001;-202,9;176;0
vpja86;17;1968;2083;-30,2;-226,2;115;0
vpja86;17;2148;2397;-306,4;-109,4;249;0
vpja86;17;2468;2585;-496,2;255,4;117;0
vpja86;17;2657;2867;-35;163,9;210;255255000
vpja86;17;2893;3225;-27,6;113,4;332;255255000
vpja86;17;3293;3824;315,8;156,5;531;255
vpja86;17;3886;4043;466,3;-62,4;157;0
vpja86;17;4084;4260;462,6;-116,8;176;0
vpja86;17;4286;4536;390,7;-165,3;250;0
vpja86;17;4574;4740;314,4;-170,5;166;0
vpja86;17;4788;4896;151,3;-248,7;108;0
vpja86;17;5081;5213;25,5;135,4;132;255255000
vpja86;17;5250;5642;-43,8000000000001;94,2;392;255255000
vpja86;17;5708;6195;309,1;140,6;487;0
vpja86;17;6252;6506;25,4;13,1;254;2,55e+08
vpja86;17;6539;6673;52,4;33,3000000000001;134;2,55e+08
vpja86;17;6758;7209;-557,1;131,4;451;0
vpja86;17;7279;7378;-19,4000000000001;6,40000000000009;99;0
vpja86;17;7419;7555;58,6999999999999;-58,5;136;255000
vpja86;17;7575;8386;78,3999999999999;-58,5999999999999;811;255000
vpja86;17;8448;8721;-137,4;-270,7;273;0
vpja86;17;8794;8925;50,1999999999999;76;131;2,55e+08
vpja86;17;8966;9144;35,3;-2,19999999999993;178;2,55e+08
vpja86;17;9499;9577;11,3;-20,9;78;255000
vpja86;17;9619;10000;-35,3000000000001;34,9000000000001;381;2,55e+08
vpja86;18;326;411;-9,69999999999993;98,3000000000001;85;2,55e+08
vpja86;18;474;568;335,5;309;94;255255000
vpja86;18;631;820;567,4;424,1;189;0
vpja86;18;864;1015;332,3;307,6;151;255255000
vpja86;18;1053;1135;259,3;277,2;82;255255000
vpja86;18;1309;1437;-560;404;128;0
vpja86;18;1474;1727;-528,8;447,7;253;255
vpja86;18;1893;2051;-30,6999999999999;-326,8;158;255000
vpja86;18;2076;2398;-28,4;-364,9;322;255000
vpja86;18;2466;2602;-282,5;-242,2;136;0
vpja86;18;2636;2830;-346,6;-271;194;0
vpja86;18;2893;3057;-399,3;-78,4;164;0
vpja86;18;3075;3230;-402,5;-94,6;155;0
vpja86;18;3240;3506;-412,6;-102,4;266;0
vpja86;18;3557;3798;-384,8;-299,4;241;0
vpja86;18;3847;4183;-536,5;-313,8;336;0
vpja86;18;4217;4422;-504,5;-279;205;0
vpja86;18;4482;4628;-525;-101,4;146;0
vpja86;18;4673;4852;-383;-108,6;179;0
vpja86;18;4858;5041;-388,5;-115,2;183;0
vpja86;18;5083;5181;-295,8;-81,9;98;0
vpja86;18;5261;5447;315;-58;186;0
vpja86;18;5482;5640;353,3;-22,1;158;0
vpja86;18;5707;5855;412,7;277;148;0
vpja86;18;5907;6092;243,5;243,2;185;255255000
vpja86;18;6177;6330;-461,4;325,4;153;255
vpja86;18;6376;6580;-504,8;353,6;204;0
vpja86;18;6638;6861;-462,9;90,1;223;0
vpja86;18;6907;6979;-617,4;117,5;72;0
vpja86;18;7201;7328;-416,9;278,7;127;0
vpja86;18;7404;7616;-106,8;45;212;2,55e+08
vpja86;18;7689;7869;-260,1;-314,2;180;0
vpja86;18;7897;8111;-298,1;-382,6;214;0
vpja86;18;8179;8340;-12,8;-366,3;161;255000
vpja86;18;8577;8691;-274,8;229,5;114;0
vpja86;18;8753;8897;-475,9;328,3;144;255
vpja86;18;8996;9162;448,4;348,9;166;255255000
vpja86;18;9204;9377;568,6;404,7;173;0
vpja86;18;9435;9585;582,6;89,5;150;0
vpja86;18;9612;9893;603,6;138,1;281;0
vpja86;18;9909;10000;623,4;147,7;91;0
vpja86;19;262;457;-270,3;80,3000000000001;195;255
vpja86;19;776;846;-52,3000000000001;-55,4;70;0
vpja86;19;914;1031;-352,3;33,7;117;255
vpja86;19;1085;1333;-403,5;-147;248;0
vpja86;19;1384;1561;-584,6;-137,2;177;0
vpja86;19;1645;1733;77,3;-249,6;88;255000
vpja86;19;1766;2124;99,0999999999999;-209,8;358;255000
vpja86;19;2143;2637;110,9;-212,1;494;255000
vpja86;19;2709;2852;-255,8;-24,5;143;0
vpja86;19;2896;3200;-384,9;-30,5999999999999;304;0
vpja86;19;3375;4112;371,6;222,5;737;255255000
vpja86;19;4340;4506;354;220,2;166;255255000
vpja86;19;4540;5531;406,2;260,8;991;255255000
vpja86;19;5558;5701;352,8;227,7;143;255255000
vpja86;19;5754;6340;461,2;59,5;586;0
vpja86;19;6401;6744;391,6;237,6;343;255255000
vpja86;19;6813;6971;79,0999999999999;418,4;158;0
vpja86;19;7042;7623;-255,5;192,5;581;255
vpja86;19;7690;7941;-511,7;311,2;251;0
vpja86;19;7970;8176;-611,6;322,3;206;0
vpja86;19;8418;8795;386,3;250,3;377;255255000
vpja86;19;8827;10000;426,3;254,5;1173;255255000
vpja86;20;368;711;273;172,8;343;255
vpja86;20;946;1044;197,5;97,0999999999999;98;0
vpja86;20;1118;1243;-316,8;159,6;125;0
vpja86;20;1278;1991;-370,8;153,8;713;255255000
vpja86;20;2062;2182;21,5;-221,8;120;255000
vpja86;20;2219;2859;46,4;-255,6;640;255000
vpja86;20;2933;3853;269,1;149;920;255
vpja86;20;3934;6257;-339,8;136,4;2323;255255000
vpja86;20;6518;7401;-353,5;127,9;883;255255000
vpja86;20;7477;9045;266,4;156,9;1568;255
vpja86;20;9360;9413;-303,1;383,7;53;0
vpja86;20;9430;10000;-269,8;154,9;570;0
vpja86;21;365;387;-338,3;167,8;22;255255000
vpja86;21;864;1284;-324,8;207,2;420;255255000
vpja86;21;1307;1589;-330;228,8;282;255255000
vpja86;21;1825;1967;329;260,9;142;255
vpja86;21;2002;2366;321,2;237,4;364;255
vpja86;21;2434;2736;70,4;-179,5;302;255000
vpja86;21;2754;3126;72,6999999999999;-194,2;372;255000
vpja86;21;3191;3413;62,4;88,5;222;2,55e+08
vpja86;21;3493;3623;-499,6;52,8000000000001;130;0
vpja86;21;3659;3893;-553;61;234;0
vpja86;21;3922;4134;-435,4;-16,4;212;0
vpja86;21;4154;4478;-449,2;-14,5;324;0
vpja86;21;4486;5067;-440,1;-5,79999999999995;581;0
vpja86;21;5285;5467;-304;295,4;182;0
vpja86;21;5501;5618;-336,2;216,7;117;255255000
vpja86;21;5641;6682;-311,9;205,4;1041;255255000
vpja86;21;6769;6964;353,8;219,4;195;255
vpja86;21;7028;7253;77,4;102,2;225;2,55e+08
vpja86;21;7317;7683;346,1;229,4;366;255
vpja86;21;7742;8193;533,2;75,1;451;0
vpja86;21;8254;8607;359,1;207,1;353;255
vpja86;21;8855;9058;-403,2;192,1;203;255255000
vpja86;21;9093;9214;-349,2;205,1;121;255255000
vpja86;21;9237;9579;-327,4;199;342;255255000
vpja86;21;9595;9901;-319,1;185,4;306;255255000
vpja86;21;9929;10000;-367,1;107,8;71;255255000
vpja86;22;382;464;-261,6;88,7;82;0
vpja86;22;797;1368;-22,8;-273,9;571;255000
vpja86;22;1494;1615;281,7;90,2;121;0
vpja86;22;1641;1850;257,4;115,4;209;255255000
vpja86;22;1929;2110;-342,7;86,6;181;255
vpja86;22;2346;2425;-380,7;93,3000000000001;79;255
vpja86;22;2637;3185;-381,6;90,5;548;0
vpja86;22;3239;3367;-618,7;64,1;128;0
vpja86;22;3430;3806;-371,1;87,1;376;255
vpja86;22;3885;4008;226,7;122,6;123;0
vpja86;22;4041;4789;262,6;130,9;748;255255000
vpja86;22;4842;5007;38,9000000000001;14,6;165;2,55e+08
vpja86;22;5043;5151;-20,8;-19,9;108;2,55e+08
vpja86;22;5214;5361;-14,9;-258,8;147;255000
vpja86;22;5379;5690;-28,3;-279,8;311;255000
vpja86;22;5881;6216;547,2;-8,5;335;0
vpja86;22;6300;6521;-8,19999999999993;-278,3;221;255000
vpja86;22;6545;6718;-28,0999999999999;-283,3;173;255000
vpja86;22;6908;7088;-367,9;106,8;180;255
vpja86;22;7161;7287;-107,9;487,6;126;NA
vpja86;22;7334;7591;82,7;455,2;257;2,55e+08
vpja86;22;7660;7793;-170,2;101,1;133;0
vpja86;22;7854;7878;-387,5;103,6;24;0
vpja86;22;8179;8376;-388,9;88,8000000000001;197;0
vpja86;22;8440;8783;-630,1;44,6;343;0
vpja86;22;8821;9054;-578,6;38,6;233;0
vpja86;22;9293;9832;-354,6;97,7;539;255
vpja86;22;9911;10000;212;132,4;89;0
vpja86;23;344;431;1,24399999999991;81,0599999999999;87;2,55e+08
vpja86;23;494;717;-556,456;352,56;223;0
vpja86;23;730;941;-540,256;352,56;211;0
vpja86;23;1177;1241;342,444;471,16;64;0
vpja86;23;1278;1419;399,344;388,36;141;0
vpja86;23;1443;1615;417,344;369,66;172;255255000
vpja86;23;1622;1888;410,844;368,86;266;255255000
vpja86;23;1943;2043;412,444;171,66;100;0
vpja86;23;2087;2397;442,444;86,0599999999999;310;0
vpja86;23;2421;2862;476,444;77,36;441;0
vpja86;23;2895;3117;318,544;-33,64;222;0
vpja86;23;3190;3333;-58,1560000000001;-241,84;143;255000
vpja86;23;3367;3416;-85,6560000000001;-274,04;49;255000
vpja86;23;3427;3663;-90,056;-270,34;236;255000
vpja86;23;3691;4403;-87,556;-326,44;712;255000
vpja86;23;4460;4593;20,7439999999999;-75,4400000000001;133;2,55e+08
vpja86;23;4652;4892;118,544;32,46;240;2,55e+08
vpja86;23;4935;5240;-28,2560000000001;-83,64;305;2,55e+08
vpja86;23;5298;5422;94,0439999999999;45,86;124;2,55e+08
vpja86;23;5458;5589;129,044;55,96;131;2,55e+08
vpja86;23;5598;5781;120,644;57,66;183;2,55e+08
vpja86;23;5990;6200;553,944;123,56;210;0
vpja86;23;6235;6373;482,544;100,56;138;0
vpja86;23;6398;6620;468,544;76,16;222;0
vpja86;23;6671;6790;331,044;-55,84;119;0
vpja86;23;6852;7155;459,144;130,66;303;0
vpja86;23;7211;7423;413,744;282,86;212;0
vpja86;23;7463;7613;397,144;353,56;150;255255000
vpja86;23;7638;7917;423,844;367,16;279;255255000
vpja86;23;7927;8142;412,844;362,66;215;255255000
vpja86;23;8180;8943;321,144;328,86;763;255255000
vpja86;23;9269;9429;437,144;368,06;160;255255000
vpja86;23;9480;9738;469,044;120,36;258;0
vpja86;23;9803;9934;397,144;328,76;131;255255000
vpja86;23;9970;10000;424,244;355,16;30;255255000
vpja86;24;224;336;-120,4;-82,5;112;2,55e+08
vpja86;24;355;589;-127,4;-114,1;234;255000
vpja86;24;629;1018;138;121,7;389;0
vpja86;24;1043;1295;175,7;89,7;252;255
vpja86;24;1324;1455;210,2;85,4;131;255
vpja86;24;1681;1957;-529;159,6;276;0
vpja86;24;2233;2655;-492,5;142,4;422;255255000
vpja86;24;2713;2849;-379,7;-19,1999999999999;136;0
vpja86;24;2902;3052;-326,4;77;150;0
vpja86;24;3107;3242;-496,1;-86,6999999999999;135;0
vpja86;24;3448;3881;-489,5;-178,9;433;0
vpja86;24;3949;4105;-118,2;-416,3;156;0
vpja86;24;4139;4314;-81,2;-405,8;175;0
vpja86;24;4386;4485;176,8;-94,7;99;0
vpja86;24;4542;4774;329,2;14,4;232;0
vpja86;24;4782;5168;332,5;6,80000000000007;386;0
vpja86;24;5208;5397;382,2;102,3;189;0
vpja86;24;5580;5781;85,8;38,7;201;255
vpja86;24;5843;6110;322;206,1;267;0
vpja86;24;6156;6357;312,1;106,3;201;0
vpja86;24;6419;6507;-45,1;-30,1;88;2,55e+08
vpja86;24;6549;6761;-120,5;-105,7;212;255000
vpja86;24;6779;7074;-128,9;-118,1;295;255000
vpja86;24;7141;7381;-104,9;183,3;240;2,55e+08
vpja86;24;7452;7744;-479,5;152,1;292;255255000
vpja86;24;7780;8085;-444,8;137,8;305;255255000
vpja86;24;8123;8648;-490,7;136,6;525;255255000
vpja86;24;8691;8919;-454,2;234,8;228;0
vpja86;24;8961;9086;-471;322,7;125;0
vpja86;24;9128;9403;-351,4;315;275;0
vpja86;24;9452;9594;-466,5;383;142;0
vpja86;24;9800;9999;-513;405,5;199;0
vpja86;25;501;725;-316,1;173;224;255
vpja86;25;1019;1313;372,8;231,2;294;255255000
vpja86;25;1354;1583;289,7;250,3;229;255255000
vpja86;25;1835;2145;-29,6999999999999;-250,1;310;255000
vpja86;25;2373;2456;360,1;248,4;83;255255000
vpja86;25;2490;2836;322,7;252,1;346;255255000
vpja86;25;2851;3343;312,1;254;492;255255000
vpja86;25;3384;4367;392,4;224,4;983;255255000
vpja86;25;4422;4584;359,1;34,3;162;0
vpja86;25;4642;6532;347,1;200,6;1890;255255000
vpja86;25;6590;6701;282,3;-17,2;111;0
vpja86;25;6736;6858;282,8;-57,7;122;0
vpja86;25;6872;7368;281,9;-72;496;0
vpja86;25;7380;7729;275,3;-73,4000000000001;349;0
vpja86;25;7811;7965;-251,4;-48,9000000000001;154;0
vpja86;25;8032;8661;-490,3;78,6999999999999;629;0
vpja86;25;8715;8822;-375,6;166;107;255
vpja86;25;8920;9169;430,3;249,2;249;255255000
vpja86;25;9213;9360;567,8;247,3;147;0
vpja86;25;9410;9637;576,9;103,1;227;0
vpja86;25;9683;9980;520,8;-17,5;297;0
vpja86;26;550;737;-64,6;-327,6;187;255000
vpja86;26;769;1107;-47,5;-358,5;338;255000
vpja86;26;1171;1310;323,6;-176,7;139;0
vpja86;26;1354;1643;489,7;-132;289;0
vpja86;26;1741;1849;-369,4;-204,7;108;0
vpja86;26;1891;2173;-445,5;-266,6;282;0
vpja86;26;2195;2286;-465;-272,3;91;0
vpja86;26;2344;2552;-409,6;-445,8;208;0
vpja86;26;2572;2856;-438,1;-455,4;284;0
vpja86;26;2939;3082;-376;219,7;143;255
vpja86;26;3121;3253;-427;265,6;132;255
vpja86;26;3264;3546;-437,3;258,4;282;255
vpja86;26;3586;3754;-383,8;174,1;168;255
vpja86;26;3838;4072;292,3;195;234;255255000
vpja86;26;4140;4560;-59,8;144,5;420;2,55e+08
vpja86;26;4627;4759;279,5;192,7;132;255255000
vpja86;26;4834;5003;329,9;170,2;169;255255000
vpja86;26;5065;5199;514,7;-47,3000000000001;134;0
vpja86;26;5227;5419;495,7;-124,3;192;0
vpja86;26;5497;5598;-24,2;-269,9;101;255000
vpja86;26;5641;6312;-65,4;-364,1;671;255000
vpja86;26;6491;6627;-391;-404;136;0
vpja86;26;6654;6965;-434,9;-459,9;311;0
vpja86;26;7022;7168;-503,2;-339,7;146;0
vpja86;26;7400;7601;345,5;93,4;201;255255000
vpja86;26;7643;7890;285,2;186,4;247;255255000
vpja86;26;7953;8217;5;160,3;264;2,55e+08
vpja86;26;8284;8774;310,8;188,6;490;255255000
vpja86;26;8839;9095;422,4;-78;256;0
vpja86;26;9131;9344;486,3;-124,6;213;0
vpja86;26;9376;9767;485,9;-252,5;391;0
vpja86;26;9823;10000;280,7;-170;177;0
