vp;trial;timest;timeend;x;y;duration;roi
vpja09;1;406;530;-19,9;-198,1;124;255000
vpja09;1;544;721;-10,9;-232;177;255000
vpja09;1;736;1167;-22,5;-264,2;431;255000
vpja09;1;1174;1892;-31,5999999999999;-278,3;718;255000
vpja09;1;1902;2230;-21;-272,8;328;255000
vpja09;1;2248;2407;-31,1999999999999;-281,9;159;255000
vpja09;1;2466;2560;199;-144,9;94;0
vpja09;1;2602;2801;1,5;-210,2;199;255000
vpja09;1;2891;3067;418,5;270,8;176;255
vpja09;1;3089;3297;429,9;236,9;208;255
vpja09;1;3319;3418;460,5;216,1;99;255
vpja09;1;3446;3572;498,9;286,1;126;255
vpja09;1;3665;3807;-400,9;283,6;142;255255000
vpja09;1;3830;4069;-368,5;232,6;239;255255000
vpja09;1;4117;4572;-416,5;50,2;455;0
vpja09;1;4629;4726;-192,8;-151,3;97;2,55e+08
vpja09;1;4781;5024;-44,1999999999999;-248,4;243;255000
vpja09;1;5045;5868;-18,3;-266,3;823;255000
vpja09;1;5897;6105;104,1;-330,3;208;0
vpja09;1;6125;6343;85,8;-387,3;218;0
vpja09;1;6358;6678;113,6;-407,9;320;0
vpja09;1;6730;7169;274,6;-406,2;439;0
vpja09;1;7233;7404;-35,6999999999999;-261,5;171;255000
vpja09;1;7475;7575;-444,3;-200,6;100;0
vpja09;1;7602;8037;-538,8;-237,6;435;0
vpja09;1;8102;8296;-520,6;16,6;194;0
vpja09;1;8345;8564;-403,3;48,4000000000001;219;0
vpja09;1;8637;8818;-195,8;35,6;181;2,55e+08
vpja09;1;8858;9068;-107,5;148,3;210;2,55e+08
vpja09;1;9111;9318;-0,699999999999932;218,7;207;0
vpja09;1;9358;9558;103,4;82,4000000000001;200;0
vpja09;1;9613;9805;338,7;-16,4;192;0
vpja09;1;9857;10000;479,2;65,3000000000001;143;0
vpja09;2;380;431;-0,699999999999932;-121,3;51;2,55e+08
vpja09;2;477;673;-50,8;-250,8;196;0
vpja09;2;690;1228;-27,9;-271,7;538;255000
vpja09;2;1294;1544;-8,69999999999993;-116,1;250;2,55e+08
vpja09;2;1608;1770;42,9000000000001;131,4;162;2,55e+08
vpja09;2;1832;2086;71,6000000000001;382,7;254;2,55e+08
vpja09;2;2131;2317;-232,8;335,6;186;0
vpja09;2;2348;2638;-213,7;214,8;290;0
vpja09;2;2680;2836;-232,1;90,3;156;0
vpja09;2;2864;3045;-147,3;5,69999999999993;181;0
vpja09;2;3066;3323;-197,6;-20,7;257;0
vpja09;2;3365;3539;-76,0999999999999;-42,2;174;0
vpja09;2;3560;3699;-107,7;-43,2;139;0
vpja09;2;3755;3990;288,4;-43,8000000000001;235;0
vpja09;2;4027;4343;487,5;-27,6;316;0
vpja09;2;4362;4582;449,5;-36,9;220;0
vpja09;2;4611;4804;349,7;-159,9;193;0
vpja09;2;4826;4987;284,5;-198;161;0
vpja09;2;5013;5428;282,6;-295,5;415;0
vpja09;2;5464;5664;311,4;-240,3;200;0
vpja09;2;5698;5938;224,3;-184,2;240;0
vpja09;2;5986;6247;434,2;-143;261;0
vpja09;2;6270;6644;494,8;-182;374;0
vpja09;2;6660;7074;473,9;-167,6;414;0
vpja09;2;7094;7609;492,1;-208,8;515;0
vpja09;2;7627;7822;466;-230,3;195;0
vpja09;2;7837;7981;451,7;-248,6;144;0
vpja09;2;8018;8302;609,7;-237,5;284;0
vpja09;2;8326;8557;585,2;-178,5;231;0
vpja09;2;8666;8759;-358,4;-147,1;93;0
vpja09;2;8811;8948;-505,6;-70,7;137;0
vpja09;2;8996;9467;-598,4;-21,1;471;0
vpja09;2;9508;9710;-531,6;-143;202;0
vpja09;2;9728;9884;-563,9;-171,8;156;0
vpja09;2;9927;10000;-415,6;-173,1;73;0
vpja09;3;239;348;129,8;-133,8;109;255000
vpja09;3;371;962;153,1;-185,4;591;255000
vpja09;3;1024;1161;267,6;2,39999999999998;137;2,55e+08
vpja09;3;1225;1633;249,9;191,3;408;255
vpja09;3;1711;1902;-372,4;125,5;191;255255000
vpja09;3;1927;2068;-430,2;81,8;141;255255000
vpja09;3;2110;2290;-443,7;-152,8;180;0
vpja09;3;2336;2583;-155,6;-194,3;247;0
vpja09;3;2628;2761;-75,6;-305,1;133;0
vpja09;3;2784;2960;-98,4000000000001;-361;176;0
vpja09;3;2983;3137;-155;-369,4;154;0
vpja09;3;3159;3944;-104,3;-376;785;0
vpja09;3;4000;4142;117;-191,9;142;255000
vpja09;3;4177;4356;174,4;-189,6;179;255000
vpja09;3;4374;4542;169,9;-216,9;168;255000
vpja09;3;4585;4822;-95,1;-104,9;237;0
vpja09;3;4845;5012;-135,5;-156,1;167;0
vpja09;3;5034;5254;-90,8000000000001;-187,2;220;0
vpja09;3;5272;5417;-122,1;-187,7;145;0
vpja09;3;5437;5787;-92,2;-186,9;350;0
vpja09;3;5810;5969;-49,2;-197,1;159;0
vpja09;3;5986;6340;-67,3000000000001;-210,4;354;0
vpja09;3;6359;6541;-87,4000000000001;-193,4;182;0
vpja09;3;6561;6848;-121,3;-204,9;287;0
vpja09;3;6870;7072;-70,5;-208,8;202;0
vpja09;3;7113;7226;84,3999999999999;-316,4;113;255000
vpja09;3;7253;7448;117,1;-410,5;195;0
vpja09;3;7503;7684;415,6;-292,1;181;0
vpja09;3;7707;7858;464,6;-309,2;151;0
vpja09;3;7884;8582;357,7;-389,5;698;0
vpja09;3;8633;9280;517,3;-375,6;647;0
vpja09;3;9295;9698;495,5;-392,1;403;0
vpja09;3;9717;9799;509,4;-352,9;82;0
vpja09;3;9830;10000;341,2;-356;170;0
vpja09;4;235;325;-59,6;-141,7;90;2,55e+08
vpja09;4;364;561;-109,9;-255,5;197;255000
vpja09;4;575;1468;-100,7;-299,2;893;255000
vpja09;4;1487;2223;-85,5;-330,4;736;255000
vpja09;4;2240;2315;-108;-320,5;75;255000
vpja09;4;2477;2663;249,8;253,6;186;255255000
vpja09;4;2693;2814;331,9;309;121;0
vpja09;4;2900;3330;-400,5;321,9;430;255
vpja09;4;3359;3781;-488;362,8;422;255
vpja09;4;3805;4182;-468,8;386,6;377;255
vpja09;4;4276;4434;415,5;119;158;0
vpja09;4;4459;4661;451,2;78,1999999999999;202;0
vpja09;4;4702;4893;553,2;65,5999999999999;191;0
vpja09;4;4906;5077;546;70,5999999999999;171;0
vpja09;4;5102;5548;549,5;-10,6;446;0
vpja09;4;5591;5817;243,6;-45,6;226;0
vpja09;4;5842;6024;283,6;-34;182;0
vpja09;4;6040;6185;268,1;-31,9000000000001;145;0
vpja09;4;6256;6372;448;-279,5;116;0
vpja09;4;6422;6651;478,4;-331,7;229;0
vpja09;4;6681;7181;405,6;-439,5;500;0
vpja09;4;7212;7423;263,4;-427;211;0
vpja09;4;7489;7708;263;-114,4;219;0
vpja09;4;7741;7943;290,4;-39,3000000000001;202;0
vpja09;4;7982;8404;278;-112;422;0
vpja09;4;8452;8740;476,9;92,0999999999999;288;0
vpja09;4;8774;9015;615,1;164;241;0
vpja09;4;9069;9195;280,7;105,1;126;0
vpja09;4;9276;9393;-135,6;-195,3;117;2,55e+08
vpja09;4;9444;9657;-475,7;-240,5;213;0
vpja09;4;9684;9940;-362,9;-215,7;256;0
vpja09;4;9953;10000;-371,7;-197,5;47;0
vpja09;5;182;307;-156,345;-128,178571428571;125;255000
vpja09;5;328;576;-141,145;-167,678571428571;248;255000
vpja09;5;584;1165;-140,945;-179,078571428571;581;255000
vpja09;5;1238;1259;230,655;16,9214285714286;21;0
vpja09;5;1310;1464;433,055;160,221428571429;154;0
vpja09;5;1516;1675;496,555;283,521428571429;159;255
vpja09;5;1769;1877;-132,145;-102,578571428571;108;2,55e+08
vpja09;5;1900;2110;-146,545;-159,378571428571;210;255000
vpja09;5;2125;2941;-137,345;-175,278571428571;816;255000
vpja09;5;3005;3320;-361,245;61,1214285714286;315;0
vpja09;5;3347;3577;-414,145;68,3214285714287;230;0
vpja09;5;3614;3999;-465,345;107,421428571429;385;0
vpja09;5;4045;4161;-355,545;102,721428571429;116;0
vpja09;5;4219;4520;-450,945;324,721428571429;301;0
vpja09;5;4616;4754;-252,445;372,221428571429;138;0
vpja09;5;4792;4907;-134,545;305,421428571429;115;0
vpja09;5;4935;5223;-1,64499999999998;305,121428571429;288;2,55e+08
vpja09;5;5246;5453;-65,245;305,321428571429;207;0
vpja09;5;5512;5825;451,455;374,421428571429;313;0
vpja09;5;5851;6094;515,455;404,121428571429;243;0
vpja09;5;6142;6301;512,555;240,021428571429;159;255
vpja09;5;6397;6481;-266,045;0,221428571428646;84;0
vpja09;5;6527;6663;-404,745;13,8214285714287;136;255255000
vpja09;5;6698;6874;-323,345;53,0214285714286;176;0
vpja09;5;6900;7126;-389,145;77,6214285714286;226;0
vpja09;5;7154;7328;-298,145;56,4214285714286;174;0
vpja09;5;7346;7565;-311,445;53,5214285714286;219;0
vpja09;5;7636;7848;-332,645;-185,578571428571;212;0
vpja09;5;7906;8159;34,6550000000001;-329,378571428571;253;0
vpja09;5;8177;8374;13,455;-346,078571428571;197;0
vpja09;5;8399;8654;90,255;-386,478571428571;255;0
vpja09;5;8676;8917;63,6550000000001;-425,778571428571;241;0
vpja09;5;8935;9211;47,5550000000001;-462,878571428571;276;0
vpja09;5;9218;9500;52,855;-468,078571428571;282;0
vpja09;5;9509;9873;37,955;-472,878571428571;364;0
vpja09;5;9882;10000;49,455;-471,378571428571;118;0
vpja09;6;170;256;11,3;-174,6;86;2,55e+08
vpja09;6;281;476;9,79999999999995;-245,1;195;255000
vpja09;6;487;1000;9,60000000000002;-264,7;513;255000
vpja09;6;1021;1231;30,6999999999999;-257,2;210;255000
vpja09;6;1239;1741;40,9;-271,7;502;255000
vpja09;6;1751;1952;29;-270,4;201;255000
vpja09;6;2052;2171;305,7;140,4;119;0
vpja09;6;2193;2673;280,9;120,1;480;255
vpja09;6;2693;3227;305,3;131,2;534;0
vpja09;6;3292;3454;-257,9;91,8;162;0
vpja09;6;3495;3916;-370,4;112,2;421;255255000
vpja09;6;3939;4474;-334,4;82,5;535;255255000
vpja09;6;4535;4641;-46,5;-179,1;106;2,55e+08
vpja09;6;4670;5269;11;-265;599;255000
vpja09;6;5337;5571;540,6;-105,9;234;0
vpja09;6;5603;5948;586,2;-66,1;345;0
vpja09;6;5991;6132;547,9;-198,2;141;0
vpja09;6;6214;6300;210,9;107,6;86;0
vpja09;6;6336;6578;286,5;122,7;242;255
vpja09;6;6636;6828;13,8;-231,6;192;255000
vpja09;6;6845;7223;11;-268,8;378;255000
vpja09;6;7262;7423;-37;-171,3;161;2,55e+08
vpja09;6;7447;7724;18,3;-251,2;277;255000
vpja09;6;7732;8056;15;-269,7;324;255000
vpja09;6;8125;8433;-299;16,5;308;0
vpja09;6;8470;8612;-474,6;70,9;142;0
vpja09;6;8642;8902;-614,2;75,1999999999999;260;0
vpja09;6;8920;9255;-629,2;75,4;335;0
vpja09;6;9281;9667;-556,6;43,1999999999999;386;0
vpja09;6;9678;10000;-561,9;50,5;322;0
vpja09;7;206;399;39,1;-177,2;193;255000
vpja09;7;412;2192;36,4;-204,6;1780;255000
vpja09;7;2245;2292;217,6;-16,3000000000001;47;0
vpja09;7;2353;2509;275,9;174,2;156;255
vpja09;7;2531;2878;231;160,4;347;255
vpja09;7;2902;3243;249,2;159,3;341;255
vpja09;7;3327;3535;-306,4;136,2;208;255255000
vpja09;7;3560;3873;-345,8;136,7;313;255255000
vpja09;7;3898;4028;-305,4;125,7;130;255255000
vpja09;7;4105;4204;241,5;149,6;99;255
vpja09;7;4272;4396;96,4999999999999;-180,2;124;0
vpja09;7;4418;4695;54,1999999999999;-198,9;277;255000
vpja09;7;4740;5182;-184,3;-207,4;442;0
vpja09;7;5250;5452;234,3;-220,9;202;0
vpja09;7;5522;6055;-219,1;-251,7;533;0
vpja09;7;6076;6417;-211,4;-226,1;341;0
vpja09;7;6432;6584;-221,6;-251,2;152;0
vpja09;7;6662;6881;279,8;-248,5;219;0
vpja09;7;6905;7419;347,2;-211,5;514;0
vpja09;7;7446;7675;431;-251;229;0
vpja09;7;7733;8141;549,5;-33,5;408;0
vpja09;7;8202;8399;52,9;-175,2;197;255000
vpja09;7;8418;8630;47,1999999999999;-211,9;212;255000
vpja09;7;8640;8909;36,1;-212,9;269;255000
vpja09;7;8967;9105;78,6999999999999;16,1999999999999;138;2,55e+08
vpja09;7;9145;9394;55,4;106,1;249;2,55e+08
vpja09;7;9417;9601;83,1999999999999;129,8;184;2,55e+08
vpja09;7;9643;9819;278,4;157;176;255
vpja09;7;9842;10000;228,7;163,9;158;255
vpja09;8;257;338;-366,8;-88,8;81;0
vpja09;8;366;549;-462,4;-97,9;183;255000
vpja09;8;560;1086;-454,1;-115,4;526;255000
vpja09;8;1094;1249;-442,5;-118,1;155;255000
vpja09;8;1258;1496;-450,3;-127,1;238;255000
vpja09;8;1562;1693;-66,1;-41,6999999999999;131;0
vpja09;8;1724;2047;5,5;43;323;255
vpja09;8;2071;2346;10,4;84,4000000000001;275;255
vpja09;8;2370;2700;82,0999999999999;84,7;330;255
vpja09;8;2752;2920;-226,3;138,6;168;255255000
vpja09;8;2944;3369;-296,3;67;425;255255000
vpja09;8;3383;3524;-315,4;50,6;141;0
vpja09;8;3577;3808;-195,7;-227,2;231;0
vpja09;8;3823;3986;-213;-240,6;163;0
vpja09;8;4017;4169;-16,7;-313,7;152;0
vpja09;8;4213;4358;93,7;-378,2;145;0
vpja09;8;4380;4586;46;-380,1;206;0
vpja09;8;4630;4761;151,7;-407,6;131;0
vpja09;8;4787;5072;61,1;-405,6;285;0
vpja09;8;5097;5269;174,5;-400,4;172;0
vpja09;8;5332;5490;535,3;-212,9;158;0
vpja09;8;5516;5658;574,7;-142,4;142;0
vpja09;8;5709;5868;600,7;-337,5;159;0
vpja09;8;5895;6140;551,7;-438,5;245;0
vpja09;8;6264;6349;-406,3;167,4;85;2,55e+08
vpja09;8;6421;6604;-623,3;502,1;183;NA
vpja09;8;6643;6805;-512,4;473,6;162;0
vpja09;8;6864;6982;-486,8;-60,5;118;2,55e+08
vpja09;8;7008;7207;-458,4;-106,7;199;255000
vpja09;8;7222;7670;-439,5;-128,8;448;255000
vpja09;8;7715;7894;-166,4;-222,4;179;0
vpja09;8;7919;8149;-222,8;-234,3;230;0
vpja09;8;8165;8212;-246,2;-218,3;47;0
vpja09;8;8283;8536;-289,9;66,1;253;255255000
vpja09;8;8590;8784;10,7;64,6;194;255
vpja09;8;8808;9031;-59,7;47,3000000000001;223;255
vpja09;8;9069;9281;-288;40,8000000000001;212;255255000
vpja09;8;9310;9506;-415,4;-85,1999999999999;196;255000
vpja09;8;9523;9746;-440,4;-105,9;223;255000
vpja09;8;9759;10000;-443,7;-130,2;241;255000
vpja09;9;177;303;-84,7353951890035;-112,126116838488;126;255000
vpja09;9;325;561;-69,3353951890034;-107,226116838488;236;255000
vpja09;9;569;1019;-73,0353951890035;-114,926116838488;450;255000
vpja09;9;1027;1277;-63,8353951890034;-118,726116838488;250;255000
vpja09;9;1320;1526;149,264604810997;45,2738831615121;206;255255000
vpja09;9;1552;1719;214,764604810997;83,6738831615121;167;255255000
vpja09;9;1756;1920;338,164604810997;33,373883161512;164;0
vpja09;9;1944;2116;401,164604810997;66,5738831615121;172;0
vpja09;9;2158;2397;116,664604810997;1,57388316151207;239;0
vpja09;9;2460;2621;288,364604810997;273,473883161512;161;0
vpja09;9;2661;2778;187,664604810997;315,373883161512;117;0
vpja09;9;2858;2964;-386,035395189003;186,973883161512;106;0
vpja09;9;2992;3518;-453,535395189003;144,673883161512;526;255
vpja09;9;3541;3781;-401,535395189003;136,573883161512;240;255
vpja09;9;3840;3938;-420,835395189003;-77,9261168384879;98;0
vpja09;9;3971;4146;-488,935395189003;-151,926116838488;175;0
vpja09;9;4207;4362;-471,235395189003;-371,826116838488;155;0
vpja09;9;4389;4658;-457,435395189003;-425,726116838488;269;0
vpja09;9;4720;4989;-57,7353951890035;-397,826116838488;269;0
vpja09;9;5008;5315;-75,2353951890035;-378,426116838488;307;0
vpja09;9;5337;5727;-72,6353951890035;-408,026116838488;390;0
vpja09;9;5740;6048;-80,1353951890035;-396,026116838488;308;0
vpja09;9;6125;6158;365,464604810997;-223,426116838488;33;0
vpja09;9;6213;6392;528,764604810997;-102,426116838488;179;0
vpja09;9;6425;6611;597,464604810997;-73,9261168384879;186;0
vpja09;9;6628;6774;573,564604810996;-73,8261168384879;146;0
vpja09;9;6794;6939;589,264604810997;-78,9261168384879;145;0
vpja09;9;7007;7208;567,664604810997;260,773883161512;201;0
vpja09;9;7258;7512;273,664604810997;294,473883161512;254;0
vpja09;9;7551;7630;231,064604810996;194,773883161512;79;0
vpja09;9;7670;7734;345,964604810997;174,773883161512;64;0
vpja09;9;7780;7947;369,464604810997;6,87388316151203;167;0
vpja09;9;7968;8220;332,764604810997;-5,02611683848795;252;0
vpja09;9;8281;8362;-97,2353951890035;36,373883161512;81;2,55e+08
vpja09;9;8406;8537;-73,4353951890034;-87,526116838488;131;255000
vpja09;9;8551;9639;-68,1353951890035;-113,126116838488;1088;255000
vpja09;9;9664;9687;-73,5353951890035;-47,9261168384879;23;2,55e+08
vpja09;9;9715;9943;-99,7353951890035;52,6738831615121;228;2,55e+08
vpja09;9;9970;10000;-11,5353951890035;56,6738831615121;30;2,55e+08
vpja09;10;177;591;72,0000000000001;-50,9;414;255000
vpja09;10;605;805;54,7;-52,2;200;255000
vpja09;10;815;1243;40,7;-52,5;428;255000
vpja09;10;1293;1461;-39,5;63,9;168;255
vpja09;10;1482;1689;-57,5;69,4;207;0
vpja09;10;1707;1832;-49,1999999999999;92;125;255
vpja09;10;1888;2078;275,7;144,5;190;0
vpja09;10;2104;2601;326;154,8;497;255255000
vpja09;10;2648;2950;-31,9;93,5;302;255
vpja09;10;2996;3152;62,4;-110;156;255000
vpja09;10;3197;3337;169,2;-260,1;140;0
vpja09;10;3383;3539;342,5;-193,5;156;0
vpja09;10;3602;3725;79,1999999999999;-166,7;123;0
vpja09;10;3794;3889;-374,2;0,200000000000045;95;0
vpja09;10;3944;4269;-551,4;151,2;325;0
vpja09;10;4291;4688;-532,5;131,2;397;0
vpja09;10;4741;4893;-521,4;351,8;152;0
vpja09;10;4910;5189;-538,1;337,1;279;0
vpja09;10;5211;5442;-521;326,6;231;0
vpja09;10;5491;5808;-542,8;135,4;317;0
vpja09;10;5835;6082;-575,1;81,6;247;0
vpja09;10;6115;6286;-531,6;153,5;171;0
vpja09;10;6304;6607;-560,9;150,3;303;0
vpja09;10;6617;7083;-547,8;144,6;466;0
vpja09;10;7093;7605;-565;141,4;512;0
vpja09;10;7625;7778;-547,4;113,5;153;0
vpja09;10;7824;7931;-561,1;-40,1;107;0
vpja09;10;8018;8132;67;177,4;114;0
vpja09;10;8179;8335;72,0000000000001;-68,4;156;255000
vpja09;10;8358;8404;68,2;-55,8;46;255000
vpja09;10;8454;8635;70,5000000000001;-293,1;181;0
vpja09;10;8662;8883;135,5;-366,1;221;0
vpja09;10;8906;9049;110,3;-361,1;143;0
vpja09;10;9104;9216;-26;-244;112;0
vpja09;10;9243;9610;-2,39999999999998;-196,5;367;0
vpja09;10;9680;9786;113,9;-73,1;106;0
vpja09;10;9811;10000;69,3000000000001;-60,2;189;255000
vpja09;11;167;289;-18,5;-99,9;122;2,55e+08
vpja09;11;343;546;14,3;-341,8;203;255000
vpja09;11;567;785;3,69999999999993;-373;218;255000
vpja09;11;804;953;43,9;-385,6;149;255000
vpja09;11;960;1018;20,5;-375,8;58;255000
vpja09;11;1263;1370;51,3;-172,9;107;2,55e+08
vpja09;11;1427;1892;2,69999999999993;-343,2;465;255000
vpja09;11;1916;2293;4,19999999999993;-401,2;377;255000
vpja09;11;2398;2582;411,8;218,4;184;0
vpja09;11;2625;2780;454,9;374;155;0
vpja09;11;2858;3022;-278,3;229,1;164;255255000
vpja09;11;3064;3436;-554,6;340,9;372;255255000
vpja09;11;3475;3646;-410,5;304,9;171;255255000
vpja09;11;3715;3820;-57,9;-21,1999999999999;105;2,55e+08
vpja09;11;3882;3979;0;-307,7;97;255000
vpja09;11;4001;4225;3,29999999999995;-364,6;224;255000
vpja09;11;4247;4478;9;-402,5;231;255000
vpja09;11;4532;5012;-255,3;-330,3;480;0
vpja09;11;5048;5460;-386;-334,6;412;0
vpja09;11;5512;5697;89,1;-370,3;185;0
vpja09;11;5749;6200;374,5;-317,8;451;0
vpja09;11;6258;6461;6,60000000000002;-372;203;255000
vpja09;11;6482;6666;14,4;-421,4;184;255000
vpja09;11;6689;6867;60,3;-420,4;178;255000
vpja09;11;6883;7285;40,8;-417,1;402;255000
vpja09;11;7295;7711;49,4;-421,3;416;255000
vpja09;11;7735;8108;-10,6;-417,8;373;255000
vpja09;11;8117;8313;5,10000000000002;-418,1;196;255000
vpja09;11;8337;8649;55,5;-422,7;312;255000
vpja09;11;8662;8943;33;-420,5;281;255000
vpja09;11;8958;9119;47,6999999999999;-414,2;161;255000
vpja09;11;9196;9357;254,8;-48,6999999999999;161;0
vpja09;11;9429;9580;465,8;360,6;151;0
vpja09;11;9606;9865;425,6;405,7;259;255
vpja09;12;166;299;-5,19090909090914;-124,031468531468;133;255000
vpja09;12;321;719;-46,3909090909092;-123,531468531468;398;255000
vpja09;12;742;882;-22,8909090909092;-123,531468531468;140;255000
vpja09;12;898;1131;-41,7909090909092;-132,631468531468;233;255000
vpja09;12;1159;1437;40,6090909090908;-129,831468531468;278;255000
vpja09;12;1508;1634;56,8090909090909;105,868531468532;126;2,55e+08
vpja09;12;1652;1944;30,6090909090908;89,2685314685315;292;2,55e+08
vpja09;12;1988;2035;-10,1909090909091;-117,031468531468;47;255000
vpja09;12;2067;2319;-8,99090909090921;-193,131468531468;252;255000
vpja09;12;2357;2598;78,5090909090908;-235,631468531468;241;255000
vpja09;12;2626;2848;148,109090909091;-275,631468531468;222;255000
vpja09;12;2964;3075;-573,490909090909;252,368531468532;111;0
vpja09;12;3113;3312;-527,190909090909;175,368531468532;199;255
vpja09;12;3331;3669;-538,890909090909;156,868531468532;338;255
vpja09;12;3734;3851;-41,4909090909092;89,8685314685315;117;2,55e+08
vpja09;12;3878;4040;42,7090909090908;72,4685314685315;162;2,55e+08
vpja09;12;4126;4411;-573,190909090909;154,368531468532;285;0
vpja09;12;4436;4573;-522,090909090909;157,268531468531;137;255
vpja09;12;4588;5173;-537,390909090909;157,368531468532;585;255
vpja09;12;5245;5469;-46,0909090909091;293,068531468532;224;255255000
vpja09;12;5491;5703;-78,5909090909091;258,768531468531;212;255255000
vpja09;12;5727;5924;-16,9909090909092;210,768531468531;197;2,55e+08
vpja09;12;5983;6180;292,909090909091;360,468531468532;197;0
vpja09;12;6260;6375;195,009090909091;-167,731468531468;115;0
vpja09;12;6401;6549;72,7090909090908;-223,131468531468;148;255000
vpja09;12;6582;6781;-62,8909090909092;-150,931468531468;199;255000
vpja09;12;6993;7181;-34,0909090909091;-133,931468531468;188;255000
vpja09;12;7189;7352;-32,3909090909092;-144,031468531468;163;255000
vpja09;12;7381;7597;71,8090909090907;-229,131468531468;216;255000
vpja09;12;7624;7936;140,209090909091;-274,031468531468;312;255000
vpja09;12;7960;8241;98,3090909090907;-276,531468531468;281;255000
vpja09;12;8287;8486;-19,4909090909092;-168,031468531468;199;255000
vpja09;12;8505;9039;-36,3909090909092;-143,131468531468;534;255000
vpja09;12;9061;9202;-6,69090909090914;-136,331468531468;141;255000
vpja09;12;9273;9420;109,709090909091;138,868531468532;147;2,55e+08
vpja09;12;9468;9576;-15,2909090909092;184,568531468532;108;2,55e+08
vpja09;12;9643;9770;112,509090909091;412,868531468532;127;0
vpja09;12;9812;9954;413,509090909091;434,068531468531;142;0
vpja09;13;209;306;-109;-169,6;97;2,55e+08
vpja09;13;332;1124;-55,9;-232,4;792;255000
vpja09;13;1157;1307;-2,19999999999993;-188,3;150;2,55e+08
vpja09;13;1363;1486;231,8;145,2;123;0
vpja09;13;1511;1750;169,6;156,5;239;255
vpja09;13;1775;1898;200;157,9;123;255
vpja09;13;1956;2282;-194;244,4;326;255255000
vpja09;13;2292;2510;-208;259,9;218;0
vpja09;13;2552;2744;-100,9;162,5;192;2,55e+08
vpja09;13;2759;2928;-132,4;139,9;169;2,55e+08
vpja09;13;2953;3153;-57,3;132,8;200;2,55e+08
vpja09;13;3166;3455;-79,1999999999999;129,7;289;2,55e+08
vpja09;13;3472;3613;-60;129,3;141;2,55e+08
vpja09;13;3639;3913;-133,5;146,2;274;2,55e+08
vpja09;13;3921;4240;-144,3;149,7;319;2,55e+08
vpja09;13;4286;4439;-341,6;82;153;2,55e+08
vpja09;13;4464;4574;-414,3;60,3000000000001;110;2,55e+08
vpja09;13;4635;4751;-265,7;-206,6;116;0
vpja09;13;4807;4954;-111,7;-278,2;147;255000
vpja09;13;4980;5166;-24,4;-247;186;255000
vpja09;13;5184;5396;-46,0999999999999;-237;212;255000
vpja09;13;5422;5817;-60,4;-181,7;395;255000
vpja09;13;5840;5995;-74,6999999999999;-218,2;155;255000
vpja09;13;6018;6240;-52,8;-188,3;222;255000
vpja09;13;6279;6427;-59;-246,9;148;255000
vpja09;13;6450;6678;-21,3;-248,7;228;255000
vpja09;13;6696;6865;-45,6999999999999;-242,2;169;255000
vpja09;13;6923;7031;-380;-201,6;108;0
vpja09;13;7065;7237;-546,3;-165;172;0
vpja09;13;7284;7734;-555,4;-302,4;450;0
vpja09;13;7758;7915;-611,2;-278,6;157;0
vpja09;13;7952;8209;-617,4;-348,7;257;0
vpja09;13;8240;8457;-512,8;-402,5;217;0
vpja09;13;8512;8678;-267,3;-416,7;166;0
vpja09;13;8703;9117;-204,2;-424,5;414;0
vpja09;13;9275;9380;78,1000000000001;240,4;105;0
vpja09;13;9422;9733;194,3;143,9;311;255
vpja09;13;9748;9893;174,7;148,7;145;255
vpja09;13;9933;10000;41,1;6,40000000000009;67;2,55e+08
vpja09;14;191;462;-282,4;-114,8;271;255000
vpja09;14;481;655;-263,6;-100,6;174;255000
vpja09;14;730;1082;-97;339,4;352;255
vpja09;14;1109;1303;-172,3;335,9;194;255
vpja09;14;1365;1500;148,9;175,3;135;0
vpja09;14;1556;1745;-246,1;-70,4;189;255000
vpja09;14;1766;2038;-265,7;-110;272;255000
vpja09;14;2104;2326;170,1;-62,4;222;0
vpja09;14;2351;2604;292,2;-78,1;253;0
vpja09;14;2640;2770;297,1;-1,89999999999998;130;0
vpja09;14;2793;3033;304,8;43,2;240;255255000
vpja09;14;3052;3183;306,1;70,3;131;255255000
vpja09;14;3271;3381;-323,8;-110,8;110;0
vpja09;14;3415;3636;-561,7;-93,4;221;0
vpja09;14;3676;3867;-388,7;-158,8;191;0
vpja09;14;3881;4086;-402,5;-171,1;205;0
vpja09;14;4093;4497;-404,5;-178,2;404;0
vpja09;14;4543;4691;-530,9;-218,3;148;0
vpja09;14;4714;5072;-598,8;-226;358;0
vpja09;14;5100;5267;-520,7;-309,1;167;0
vpja09;14;5291;5525;-484,1;-284,4;234;0
vpja09;14;5538;5680;-501,6;-277,6;142;0
vpja09;14;5744;5957;-256,6;-120,4;213;255000
vpja09;14;5977;6224;-276,3;-106,5;247;255000
vpja09;14;6271;6480;-522,1;-283,1;209;0
vpja09;14;6507;6703;-586,3;-205,7;196;0
vpja09;14;6736;6909;-385,5;-177,9;173;0
vpja09;14;6924;7150;-400,9;-187;226;0
vpja09;14;7173;7322;-392,7;-179,3;149;0
vpja09;14;7351;7505;-273,3;-132,3;154;255000
vpja09;14;7552;8032;-399,8;-183,5;480;0
vpja09;14;8078;8123;-344,6;-144,9;45;0
vpja09;14;8159;8279;-255,1;-113,8;120;255000
vpja09;14;8312;8497;-401,9;-192,1;185;0
vpja09;14;8511;8648;-397,8;-204,1;137;0
vpja09;14;8689;8914;-533;-355,4;225;0
vpja09;14;8956;9602;-563,8;-480,2;646;NA
vpja09;14;9644;9777;-498,5;-361,2;133;0
vpja09;14;9804;9971;-468,9;-268,1;167;0
vpja09;15;171;290;35,3;-173,8;119;255000
vpja09;15;315;463;83,5;-192,1;148;255000
vpja09;15;476;903;61,5;-209,1;427;255000
vpja09;15;918;979;81,2;-197,5;61;255000
vpja09;15;1142;1253;79,3;-188,5;111;255000
vpja09;15;1318;1427;245,6;98,5;109;0
vpja09;15;1473;1693;85,3;-56,3;220;2,55e+08
vpja09;15;1738;2033;76,8;-201;295;255000
vpja09;15;2042;2184;83;-211,2;142;255000
vpja09;15;2266;2607;349,2;209,6;341;255
vpja09;15;2642;2956;370,6;262,8;314;0
vpja09;15;2979;3129;324,8;225,3;150;255
vpja09;15;3217;3413;-292,8;159,9;196;255255000
vpja09;15;3441;3673;-404,4;177,8;232;255255000
vpja09;15;3699;3962;-325,2;126,4;263;255255000
vpja09;15;4003;4197;-443,7;10,1;194;0
vpja09;15;4268;4757;-415,6;-30,4;489;0
vpja09;15;4783;5478;-336,9;-11;695;0
vpja09;15;5539;5670;56,8;-247,5;131;255000
vpja09;15;5688;5936;61,3;-219,3;248;255000
vpja09;15;5951;6159;72,7;-200,5;208;255000
vpja09;15;6175;6526;75,5999999999999;-179,1;351;255000
vpja09;15;6576;6638;18,9;-89,5;62;2,55e+08
vpja09;15;6665;6882;50,5999999999999;-163,3;217;255000
vpja09;15;6913;7122;71,3;-194,5;209;255000
vpja09;15;7143;7384;73,5999999999999;-213,2;241;255000
vpja09;15;7400;7999;93,8999999999999;-211,2;599;255000
vpja09;15;8019;8214;61,0999999999999;-202,5;195;255000
vpja09;15;8227;8434;59,5999999999999;-180,4;207;255000
vpja09;15;8488;8613;246,6;-192,7;125;0
vpja09;15;8668;8796;579,8;-158,8;128;0
vpja09;15;8821;9040;650,8;-209,8;219;NA
vpja09;15;9054;9343;627;-215,5;289;0
vpja09;15;9414;9607;96,8999999999999;-221,3;193;255000
vpja09;15;9677;9835;-397,5;-87,8;158;0
vpja09;15;9862;9985;-445,7;-67,6;123;0
vpja09;16;230;326;-319,7;-171,9;96;2,55e+08
vpja09;16;350;840;-384,3;-215,5;490;255000
vpja09;16;906;1069;-518;173,2;163;2,55e+08
vpja09;16;1112;1594;-504,2;285,6;482;255
vpja09;16;1680;1902;-377,9;-253,6;222;255000
vpja09;16;1922;2535;-362,7;-267,5;613;255000
vpja09;16;2610;2699;-37,4;19,5999999999999;89;0
vpja09;16;2764;2959;119,5;179;195;255255000
vpja09;16;2981;3489;87,3000000000001;173;508;255255000
vpja09;16;3508;3875;96,3000000000001;188,5;367;255255000
vpja09;16;3904;4089;233,7;96,5999999999999;185;0
vpja09;16;4129;4469;282,6;16,8;340;0
vpja09;16;4498;4619;247,6;-10,3000000000001;121;0
vpja09;16;4665;4822;388,3;-169,7;157;0
vpja09;16;4852;5110;419,4;-175,6;258;0
vpja09;16;5131;5427;422,1;-222,2;296;0
vpja09;16;5450;5646;421;-178,7;196;0
vpja09;16;5826;5976;-544;-210,6;150;0
vpja09;16;5999;6299;-596,6;-258,5;300;0
vpja09;16;6338;6561;-375,7;-295,7;223;255000
vpja09;16;6581;6909;-372,4;-268,6;328;255000
vpja09;16;6991;7183;-410,9;188,6;192;0
vpja09;16;7264;7436;132,6;151,2;172;255255000
vpja09;16;7474;7592;123,2;77,6999999999999;118;0
vpja09;16;7639;7825;-2,89999999999998;-48,4000000000001;186;0
vpja09;16;7870;8030;-82,8;-167,9;160;0
vpja09;16;8099;8219;-494,3;-259,1;120;0
vpja09;16;8249;8474;-605,5;-280;225;0
vpja09;16;8500;8982;-575,6;-286,7;482;0
vpja09;16;9008;9333;-539,6;-251;325;0
vpja09;16;9355;9520;-583,1;-250,5;165;0
vpja09;16;9572;9810;-402,6;-396,2;238;255000
vpja09;16;9858;10000;-285,7;-422,4;142;0
vpja09;17;158;229;-1,60000000000002;-17,1999999999999;71;2,55e+08
vpja09;17;271;355;28,5999999999999;-167,2;84;2,55e+08
vpja09;17;383;662;40,8;-271,7;279;255000
vpja09;17;673;1118;27,1999999999999;-282,5;445;255000
vpja09;17;1142;1347;57,5999999999999;-286;205;255000
vpja09;17;1367;1632;75,3;-293,4;265;255000
vpja09;17;1652;2025;51,1999999999999;-295,8;373;255000
vpja09;17;2043;2407;38,5999999999999;-274,8;364;255000
vpja09;17;2430;2719;66,3999999999999;-293,1;289;255000
vpja09;17;2739;3070;32;-296,4;331;255000
vpja09;17;3145;3248;-273,1;46,4;103;0
vpja09;17;3272;3430;-278,9;77,4;158;0
vpja09;17;3448;3658;-304,8;95,3000000000001;210;0
vpja09;17;3676;3906;-336;103,9;230;255255000
vpja09;17;3932;4073;-234,9;102,3;141;255255000
vpja09;17;4142;4596;297,5;196,2;454;255
vpja09;17;4620;5347;335,9;183,9;727;0
vpja09;17;5416;5512;163;-99,8;96;2,55e+08
vpja09;17;5548;5833;52,1999999999999;-251;285;255000
vpja09;17;5850;6166;54,5999999999999;-288,2;316;255000
vpja09;17;6177;6673;33,6999999999999;-295;496;255000
vpja09;17;6689;7498;47,3;-290,1;809;255000
vpja09;17;7514;7774;40,0999999999999;-298,3;260;255000
vpja09;17;7842;7930;-229,8;-43,1999999999999;88;0
vpja09;17;7988;8457;-300,2;106,7;469;255255000
vpja09;17;8481;8828;-273,3;111,4;347;255255000
vpja09;17;8912;9263;317,4;186,2;351;255
vpja09;17;9333;9383;314,1;-95,3;50;0
vpja09;17;9429;9546;315,5;-271,3;117;0
vpja09;17;9573;9722;226;-342,1;149;0
vpja09;17;9771;9923;-14,1;-406,6;152;255000
vpja09;17;9947;10000;-72,5;-423,6;53;0
vpja09;18;165;301;49,5;-88,6;136;255000
vpja09;18;323;562;94,2;-109,3;239;255000
vpja09;18;575;963;78,2;-120,2;388;255000
vpja09;18;1161;1248;152,5;-91,4;87;0
vpja09;18;1271;2681;84,7;-135,3;1410;255000
vpja09;18;2728;2811;205,1;-44,9;83;0
vpja09;18;2845;3243;66,5;-139,9;398;255000
vpja09;18;3271;3518;83,5999999999999;-128,6;247;255000
vpja09;18;3604;3812;384,1;318,8;208;255
vpja09;18;3848;3981;406,2;383,9;133;255
vpja09;18;4001;4313;383,6;413;312;255
vpja09;18;4374;4577;-17,8000000000001;276,3;203;0
vpja09;18;4628;4763;148,8;158,1;135;2,55e+08
vpja09;18;4811;4912;81,3999999999999;-49;101;2,55e+08
vpja09;18;4936;5046;81,5;-126,4;110;255000
vpja09;18;5118;5429;369,9;153;311;0
vpja09;18;5448;5602;388,8;165,9;154;0
vpja09;18;5673;5819;63,2;-79,8;146;255000
vpja09;18;5856;6002;-100,4;-98,3;146;0
vpja09;18;6040;6237;-214,9;-230,4;197;0
vpja09;18;6270;6508;-261,9;-343,2;238;0
vpja09;18;6533;6868;-323,8;-382,2;335;0
vpja09;18;6922;7125;-474,5;-288,6;203;0
vpja09;18;7174;7348;-408,8;-190,1;174;0
vpja09;18;7374;7582;-508,9;-236,6;208;0
vpja09;18;7656;7901;-174,4;-210,7;245;0
vpja09;18;7935;8293;-51,2;-221;358;0
vpja09;18;8313;8501;-89,5;-189,9;188;0
vpja09;18;8551;8759;-174,3;-97,1;208;0
vpja09;18;8811;9093;-470,5;-2,39999999999998;282;0
vpja09;18;9114;9394;-480,5;31,9;280;0
vpja09;18;9419;9568;-551,2;42,4;149;0
vpja09;18;9607;9830;-586,9;-53;223;0
vpja09;18;9885;9966;-411,3;-130,8;81;0
vpja09;19;225;322;43,7;-186,9;97;2,55e+08
vpja09;19;346;531;43,9;-251,7;185;255000
vpja09;19;544;962;43,4;-274;418;255000
vpja09;19;973;1534;47,3;-267,3;561;255000
vpja09;19;1554;1994;37,8;-246,3;440;255000
vpja09;19;2127;2281;389,8;244,6;154;255
vpja09;19;2310;2524;367,8;224,3;214;255
vpja09;19;2541;2573;338;223,8;32;255
vpja09;19;2593;2779;298,8;228,7;186;255
vpja09;19;2802;2926;339,3;238,2;124;255
vpja09;19;2943;3148;305,5;244,4;205;255
vpja09;19;3224;3370;-289,8;248,3;146;255255000
vpja09;19;3410;3689;-359,2;159,1;279;255255000
vpja09;19;3730;3858;-255,9;38,1;128;0
vpja09;19;3898;4122;-314,8;-62,4;224;0
vpja09;19;4147;4419;-266,7;-80,1999999999999;272;0
vpja09;19;4434;4717;-285,3;-95,1;283;0
vpja09;19;4780;4901;146,5;-110,9;121;2,55e+08
vpja09;19;4932;5184;292,6;-105,1;252;0
vpja09;19;5226;5380;451,6;-110,8;154;0
vpja09;19;5404;5514;510;-85,3;110;0
vpja09;19;5610;5771;-267,5;36,5;161;0
vpja09;19;5811;5966;-261,1;87,9;155;0
vpja09;19;6055;6279;56,2;-283,3;224;255000
vpja09;19;6291;6427;53,7;-297,3;136;255000
vpja09;19;6459;6879;-53,5;-427,3;420;0
vpja09;19;6902;7100;-15,8;-423,5;198;0
vpja09;19;7158;7485;75,2;-276,4;327;255000
vpja09;19;7531;7680;51,9;-186,8;149;2,55e+08
vpja09;19;7704;8175;26,8;-135,3;471;2,55e+08
vpja09;19;8202;8620;53,4;-266,5;418;255000
vpja09;19;8689;8770;237,8;-59,9;81;0
vpja09;19;8850;9307;381,7;195,5;457;255
vpja09;19;9331;9582;410,7;210,2;251;255
vpja09;19;9627;9781;209,4;178,4;154;255
vpja09;19;9859;9979;-311,8;237,6;120;255255000
vpja09;20;215;292;74,6;-181;77;2,55e+08
vpja09;20;322;540;95,8000000000001;-264,1;218;255000
vpja09;20;547;678;92,6999999999999;-265;131;255000
vpja09;20;751;1034;419,5;106,8;283;255
vpja09;20;1055;1304;450,5;69,0999999999999;249;255
vpja09;20;1381;1463;118,5;-185,9;82;2,55e+08
vpja09;20;1489;1752;94,4;-268,3;263;255000
vpja09;20;1761;2745;95,1999999999999;-287,8;984;255000
vpja09;20;2828;3035;-167,8;58,5;207;255255000
vpja09;20;3060;3433;-223,6;61,3;373;255255000
vpja09;20;3476;3655;-54,7;15,0999999999999;179;0
vpja09;20;3731;3861;-263,6;-1,20000000000005;130;0
vpja09;20;3887;4123;-321,1;6,19999999999993;236;0
vpja09;20;4133;4432;-305,5;-1,80000000000007;299;0
vpja09;20;4493;4895;-581,7;3,69999999999993;402;0
vpja09;20;4920;5133;-442,5;82,4;213;0
vpja09;20;5237;5385;115,6;-225,5;148;2,55e+08
vpja09;20;5411;5663;93,4;-287,8;252;255000
vpja09;20;5681;6018;99,6999999999999;-293,5;337;255000
vpja09;20;6109;6393;412,4;22,5999999999999;284;255
vpja09;20;6458;6591;75,1;-246,9;133;2,55e+08
vpja09;20;6613;7727;96,8000000000001;-272,6;1114;255000
vpja09;20;7739;8280;95,1999999999999;-298,4;541;255000
vpja09;20;8326;8708;112,6;-140,9;382;2,55e+08
vpja09;20;8727;8913;74,1;-149,2;186;2,55e+08
vpja09;20;8943;9223;93,9;-267,6;280;255000
vpja09;20;9303;9675;438,1;55,6999999999999;372;255
vpja09;20;9694;9957;442,7;78,4;263;255
vpja09;21;194;306;-179,528767123288;-167,298630136986;112;2,55e+08
vpja09;21;327;527;-231,228767123288;-192,398630136986;200;255000
vpja09;21;537;1131;-244,828767123288;-208,898630136986;594;255000
vpja09;21;1151;1396;-221,428767123288;-180,598630136986;245;2,55e+08
vpja09;21;1420;1617;-243,128767123288;-121,798630136986;197;2,55e+08
vpja09;21;1638;1819;-258,728767123288;-165,198630136986;181;2,55e+08
vpja09;21;1869;2670;-92,0287671232877;-204,898630136986;801;0
vpja09;21;2718;2967;-237,528767123288;-243,898630136986;249;255000
vpja09;21;2980;3438;-238,328767123288;-232,098630136986;458;255000
vpja09;21;3459;3673;-216,228767123288;-224,698630136986;214;255000
vpja09;21;3718;3743;-181,328767123288;-28,5986301369862;25;2,55e+08
vpja09;21;3806;3954;-162,628767123288;373,101369863014;148;255
vpja09;21;3981;4247;-115,628767123288;353,601369863014;266;255
vpja09;21;4300;4436;-399,028767123288;306,301369863014;136;0
vpja09;21;4459;4748;-465,928767123288;294,401369863014;289;255255000
vpja09;21;4755;4854;-469,528767123288;288,901369863014;99;255255000
vpja09;21;4900;5089;-249,328767123288;129,601369863014;189;2,55e+08
vpja09;21;5145;5331;-245,828767123288;-183,298630136986;186;2,55e+08
vpja09;21;5350;5670;-234,828767123288;-216,598630136986;320;255000
vpja09;21;5722;5969;-252,428767123288;-74,1986301369863;247;2,55e+08
vpja09;21;5989;6160;-204,428767123288;-87,1986301369863;171;2,55e+08
vpja09;21;6185;6415;-270,428767123288;-133,398630136986;230;2,55e+08
vpja09;21;6470;6503;-321,828767123288;-56,5986301369862;33;2,55e+08
vpja09;21;6566;6655;-241,728767123288;253,301369863014;89;0
vpja09;21;6677;6770;-272,228767123288;199,201369863014;93;2,55e+08
vpja09;21;6839;7104;-585,428767123288;311,701369863014;265;0
vpja09;21;7130;7231;-650,228767123288;266,801369863014;101;NA
vpja09;21;7268;7328;-454,828767123288;276,201369863014;60;255255000
vpja09;21;7391;7568;-569,228767123288;-219,498630136986;177;0
vpja09;21;7594;7770;-604,828767123288;-302,598630136986;176;0
vpja09;21;7840;8014;-199,228767123288;-280,498630136986;174;255000
vpja09;21;8038;8241;-225,628767123288;-282,198630136986;203;255000
vpja09;21;8260;8409;-244,328767123288;-257,498630136986;149;255000
vpja09;21;8422;8685;-250,428767123288;-240,498630136986;263;255000
vpja09;21;8709;8755;-251,428767123288;-202,498630136986;46;255000
vpja09;21;8779;8967;-256,228767123288;-172,498630136986;188;2,55e+08
vpja09;21;8995;9141;-106,728767123288;-211,098630136986;146;0
vpja09;21;9169;9441;7,37123287671227;-238,998630136986;272;0
vpja09;21;9485;9697;243,071232876712;-273,498630136986;212;0
vpja09;21;9721;9948;306,871232876712;-323,898630136986;227;0
vpja09;22;221;321;116,3;-193,9;100;255000
vpja09;22;348;556;89,6999999999999;-260,3;208;255000
vpja09;22;570;1109;109,4;-278,7;539;255000
vpja09;22;1134;1409;52,3;-269,9;275;255000
vpja09;22;1492;1710;-379,7;93,6;218;0
vpja09;22;1758;1900;-429,6;222,5;142;255255000
vpja09;22;1922;2113;-422,6;256,9;191;255255000
vpja09;22;2189;2353;238,3;385,4;164;255
vpja09;22;2386;2564;334,4;343,4;178;255
vpja09;22;2595;2778;419,5;251,3;183;0
vpja09;22;2809;2951;556,6;211,1;142;0
vpja09;22;3049;3215;-152,4;-137,4;166;0
vpja09;22;3263;3428;-231;-209,7;165;0
vpja09;22;3459;3805;-129,3;-264,2;346;0
vpja09;22;3877;4053;307,8;-52;176;2,55e+08
vpja09;22;4101;4288;508,7;123,5;187;0
vpja09;22;4373;4650;142,9;-314,1;277;255000
vpja09;22;4674;4851;93,9;-299,3;177;255000
vpja09;22;4889;5058;94,9;-406,1;169;255000
vpja09;22;5078;5354;75;-440,6;276;255000
vpja09;22;5377;5677;126,2;-435;300;255000
vpja09;22;5709;5836;115,6;-374,8;127;255000
vpja09;22;5882;6115;128,9;-290;233;255000
vpja09;22;6137;6356;176,2;-302,3;219;255000
vpja09;22;6372;6632;156,3;-308;260;255000
vpja09;22;6677;7004;96,1999999999999;-440,3;327;255000
vpja09;22;7022;7188;70,3;-432,6;166;255000
vpja09;22;7248;7434;19,1999999999999;-226,1;186;0
vpja09;22;7486;7784;66,5;-89,1;298;2,55e+08
vpja09;22;7819;8014;143;-62,3;195;2,55e+08
vpja09;22;8078;8287;-45,4;118,8;209;2,55e+08
vpja09;22;8314;8589;-89,4;203,9;275;2,55e+08
vpja09;22;8613;8711;-69,1;237,4;98;2,55e+08
vpja09;22;8773;8965;303,1;264,1;192;2,55e+08
vpja09;22;9039;9159;191,6;-50,6;120;2,55e+08
vpja09;22;9199;9402;110,2;-147,4;203;2,55e+08
vpja09;22;9441;9696;125,3;-231,7;255;255000
vpja09;22;9711;9919;115,1;-212,7;208;255000
vpja09;23;224;328;-164,7;-143;104;2,55e+08
vpja09;23;355;841;-198,8;-225,2;486;255000
vpja09;23;851;1351;-183,5;-231,7;500;255000
vpja09;23;1403;1540;-383,7;11,7;137;0
vpja09;23;1568;2007;-486,5;25,4;439;255255000
vpja09;23;2034;2297;-479;81,4;263;255255000
vpja09;23;2373;2549;-8,59999999999991;77;176;255
vpja09;23;2573;2898;-60,6999999999999;43,5;325;255
vpja09;23;2923;3167;-5,39999999999998;34,9;244;255
vpja09;23;3214;3336;264,4;-6;122;0
vpja09;23;3388;3535;560;-106,4;147;0
vpja09;23;3560;3957;585,8;-166,3;397;0
vpja09;23;3972;4079;601;-176,4;107;0
vpja09;23;4164;4265;-143,1;-166,1;101;2,55e+08
vpja09;23;4289;4553;-182,4;-214,3;264;255000
vpja09;23;4567;4737;-194,2;-226,3;170;255000
vpja09;23;4791;4964;-157,9;12,1;173;2,55e+08
vpja09;23;5001;5252;-174,9;-43,7;251;2,55e+08
vpja09;23;5311;5519;-197,2;-242,3;208;255000
vpja09;23;5538;5997;-183,4;-229,8;459;255000
vpja09;23;6010;7008;-198,9;-233,1;998;255000
vpja09;23;7019;7478;-184,4;-214,5;459;255000
vpja09;23;7529;7660;-539,7;-16,2;131;255255000
vpja09;23;7697;8009;-593,4;69,2;312;0
vpja09;23;8024;8065;-604,6;53,9;41;0
vpja09;23;8092;8418;-522,2;-7,20000000000005;326;255255000
vpja09;23;8458;8727;-523,2;57,6;269;0
vpja09;23;8759;8832;-537,5;46,1;73;255255000
vpja09;23;8877;9044;-506,3;-130,6;167;0
vpja09;23;9086;9207;-424,8;-212,3;121;0
vpja09;23;9263;9455;-634,5;-388,9;192;0
vpja09;23;9504;9636;-502,6;-415,6;132;0
vpja09;23;9727;9893;261,3;-404,1;166;0
vpja09;23;9931;10000;428,6;-410,6;69;0
vpja09;24;193;270;16,4;-175,5;77;2,55e+08
vpja09;24;306;445;38,8;-328,7;139;255000
vpja09;24;460;1012;17,4;-341;552;255000
vpja09;24;1036;1475;18,1999999999999;-332,8;439;255000
vpja09;24;1488;2462;31,4;-355,1;974;255000
vpja09;24;2471;2979;30,5999999999999;-350,8;508;255000
vpja09;24;3094;3205;-320,8;223,6;111;0
vpja09;24;3231;3752;-297,9;158,5;521;255
vpja09;24;3796;3945;-260,4;240,1;149;0
vpja09;24;3971;4221;-378,4;208,2;250;0
vpja09;24;4267;4375;-226,6;141,2;108;255
vpja09;24;4463;4751;375,3;285,2;288;255255000
vpja09;24;4766;5106;373;310,6;340;255255000
vpja09;24;5121;5278;389,5;322,6;157;0
vpja09;24;5332;5454;300,5;0,899999999999977;122;0
vpja09;24;5489;5687;240,7;-130,3;198;0
vpja09;24;5746;5858;-98;-190,7;112;0
vpja09;24;5916;6082;-412,8;-246,6;166;0
vpja09;24;6104;6427;-445,7;-280,4;323;0
vpja09;24;6460;6660;-450,7;-433,9;200;0
vpja09;24;6677;6944;-469,9;-460,5;267;0
vpja09;24;6955;7248;-454,7;-474,5;293;0
vpja09;24;7325;7528;107;-427,9;203;0
vpja09;24;7570;7740;285,4;-312;170;0
vpja09;24;7795;7995;132,9;-198,9;200;0
vpja09;24;8036;8241;37,5;-296,1;205;2,55e+08
vpja09;24;8265;8570;31,5999999999999;-358,4;305;255000
vpja09;24;8580;8880;19,0999999999999;-348;300;255000
vpja09;24;9075;9231;-181,6;-201,6;156;0
vpja09;24;9275;9479;42,5999999999999;-354,3;204;255000
vpja09;24;9496;9855;25,6999999999999;-357,5;359;255000
vpja09;24;9863;10000;34,9;-358,3;137;255000
vpja09;25;178;309;-82,3440273037544;-151,457337883959;131;255000
vpja09;25;332;622;-124,444027303754;-144,157337883959;290;255000
vpja09;25;635;1132;-130,044027303754;-141,157337883959;497;255000
vpja09;25;1150;1719;-109,444027303754;-148,757337883959;569;255000
vpja09;25;1744;2186;-117,144027303754;-203,557337883959;442;255000
vpja09;25;2230;2707;-105,844027303754;-136,557337883959;477;255000
vpja09;25;2717;3130;-115,444027303754;-149,957337883959;413;255000
vpja09;25;3204;3368;-291,144027303754;108,842662116041;164;0
vpja09;25;3405;3639;-285,744027303754;159,042662116041;234;0
vpja09;25;3698;3866;-131,244027303754;372,842662116041;168;0
vpja09;25;3927;4197;29,1559726962456;146,742662116041;270;255255000
vpja09;25;4244;4439;-127,244027303754;346,042662116041;195;0
vpja09;25;4466;4797;-228,244027303754;379,742662116041;331;0
vpja09;25;4841;5121;-50,7440273037544;347,842662116041;280;0
vpja09;25;5172;5351;-467,844027303754;313,342662116041;179;0
vpja09;25;5374;5539;-525,344027303754;311,642662116041;165;0
vpja09;25;5567;5835;-468,344027303754;256,042662116041;268;0
vpja09;25;5847;6203;-474,644027303754;241,342662116041;356;0
vpja09;25;6315;6474;48,4559726962456;-247,957337883959;159;0
vpja09;25;6523;6676;103,255972696246;-333,157337883959;153;0
vpja09;25;6696;6930;85,2559726962456;-382,657337883959;234;0
vpja09;25;6954;7220;34,2559726962456;-402,457337883959;266;0
vpja09;25;7241;7631;84,7559726962456;-393,357337883959;390;0
vpja09;25;7661;7817;90,5559726962456;-327,357337883959;156;0
vpja09;25;7857;8224;226,055972696246;-295,957337883959;367;0
vpja09;25;8248;8461;171,855972696246;-376,957337883959;213;0
vpja09;25;8484;8688;219,255972696246;-396,857337883959;204;0
vpja09;25;8734;8962;62,2559726962456;-314,357337883959;228;0
vpja09;25;9012;9158;-66,0440273037544;-369,857337883959;146;0
vpja09;25;9207;9370;-140,444027303754;-276,557337883959;163;0
vpja09;25;9429;9780;-448,044027303754;-150,957337883959;351;0
vpja09;25;9800;10000;-442,244027303754;-121,457337883959;200;0
vpja09;26;176;298;-101,8;-125,5;122;2,55e+08
vpja09;26;321;500;-90,9;-164,3;179;255000
vpja09;26;513;1127;-109;-178;614;255000
vpja09;26;1176;1399;-271,7;89,6;223;0
vpja09;26;1456;1587;-100,5;-137,3;131;2,55e+08
vpja09;26;1607;1884;-101,5;-167,5;277;255000
vpja09;26;1897;2383;-91,2;-184,6;486;255000
vpja09;26;2401;2553;-112,3;-172;152;255000
vpja09;26;2623;2810;-322,6;122,8;187;0
vpja09;26;2835;3171;-279,4;117,5;336;255
vpja09;26;3229;3452;56,5;82;223;0
vpja09;26;3507;3625;-102,6;-132,7;118;2,55e+08
vpja09;26;3644;3792;-101,1;-164,1;148;255000
vpja09;26;3851;4078;346,8;-26;227;0
vpja09;26;4095;4226;328,5;-49,9;131;0
vpja09;26;4275;4440;598,7;-123,3;165;0
vpja09;26;4465;4673;616;-201,3;208;0
vpja09;26;4690;5069;599,4;-240,9;379;0
vpja09;26;5151;5269;-46,2;-204,4;118;255000
vpja09;26;5305;5610;-106,8;-182,8;305;255000
vpja09;26;5618;6168;-115,1;-183,5;550;255000
vpja09;26;6193;6444;-78,6;-148,9;251;255000
vpja09;26;6483;6737;-109,4;-54,5;254;2,55e+08
vpja09;26;6770;7149;-126,7;-163,6;379;255000
vpja09;26;7212;7483;-101,5;-24,9;271;2,55e+08
vpja09;26;7505;7690;-137,1;-6,89999999999998;185;2,55e+08
vpja09;26;7715;7903;-183,2;-19;188;2,55e+08
vpja09;26;7938;8216;-147,8;-89,7;278;2,55e+08
vpja09;26;8249;8338;-89,6;-150,5;89;255000
vpja09;26;8373;8463;-88,2;-197,7;90;255000
vpja09;26;8516;8667;-109,7;-367;151;0
vpja09;26;8690;8871;-161,7;-412,9;181;0
vpja09;26;8926;9050;-104,5;-222;124;255000
vpja09;26;9075;9384;-98,3;-182,6;309;255000
vpja09;26;9427;9780;-37,4;-62,1;353;2,55e+08
vpja09;26;9822;9957;244,5;-44,2;135;0
