vp;trial;timest;timeend;x;y;duration;roi
vpja20;1;308;505;-117,4;-131,3;197;2,55e+08
vpja20;1;550;844;-289,4;152,4;294;0
vpja20;1;867;1101;-327,2;163,5;234;0
vpja20;1;1109;1272;-334,8;165,3;163;0
vpja20;1;1321;1532;83,0999999999999;96,6;211;255255000
vpja20;1;1553;1836;57,5;114,8;283;0
vpja20;1;1845;2080;68,5;119,9;235;0
vpja20;1;2135;2342;-314,9;145,9;207;0
vpja20;1;2361;2612;-332,4;159;251;0
vpja20;1;2669;3314;69,2;111,7;645;0
vpja20;1;3326;3625;54,7;119;299;0
vpja20;1;3639;4114;71,3;123,6;475;0
vpja20;1;4123;4564;74,5999999999999;117,5;441;0
vpja20;1;4575;5048;59,0999999999999;120,6;473;0
vpja20;1;5097;5274;-300,5;146;177;0
vpja20;1;5292;5463;-321,5;161,7;171;0
vpja20;1;5508;5823;63,5999999999999;129,6;315;0
vpja20;1;5841;6201;75,8;119,5;360;0
vpja20;1;6214;6443;59;109;229;0
vpja20;1;6501;6712;-295,7;128,5;211;0
vpja20;1;6727;6945;-313,5;142,6;218;0
vpja20;1;6993;7171;-100,8;-128,8;178;2,55e+08
vpja20;1;7196;7374;-136,7;-129,5;178;2,55e+08
vpja20;1;7386;7634;-132,3;-143,8;248;255000
vpja20;1;7644;7769;-139,8;-151,5;125;255000
vpja20;1;7826;7956;78,9000000000001;148,6;130;0
vpja20;1;7977;8427;86,9000000000001;128,8;450;0
vpja20;1;8445;8565;58,3;125,9;120;0
vpja20;1;8634;8834;574,6;-90,2;200;0
vpja20;1;8877;9074;570,8;-238,2;197;0
vpja20;1;9128;9423;320,4;-82,1;295;0
vpja20;1;9482;9635;26,7;96,1;153;0
vpja20;1;9702;9916;-288,2;125,8;214;255
vpja20;1;9934;10000;-313,8;147,6;66;0
vpja20;2;296;438;-101;236,7;142;255
vpja20;2;461;652;-157;270,8;191;255
vpja20;2;684;875;-247,7;296,9;191;255
vpja20;2;903;1128;-152,8;344,4;225;255
vpja20;2;1134;1302;-136,2;341,4;168;255
vpja20;2;1324;1587;-163,5;294,4;263;255
vpja20;2;1651;1801;349,5;389,3;150;255255000
vpja20;2;1828;2037;253,9;409,3;209;255255000
vpja20;2;2107;2258;182,2;-105,7;151;255000
vpja20;2;2290;2522;137,1;-81;232;2,55e+08
vpja20;2;2548;2951;147,4;-108,5;403;255000
vpja20;2;2960;3203;162,3;-107,2;243;255000
vpja20;2;3225;3834;142,6;-83,7;609;2,55e+08
vpja20;2;3855;4016;154,8;-66;161;2,55e+08
vpja20;2;4048;4351;163,5;79,5;303;2,55e+08
vpja20;2;4360;4395;163,3;95,5;35;2,55e+08
vpja20;2;4445;4611;-4,30000000000007;303,2;166;0
vpja20;2;4645;4851;-68,6;308,9;206;255
vpja20;2;4898;5179;311,1;376,9;281;255255000
vpja20;2;5205;5487;253,6;426,2;282;0
vpja20;2;5507;5692;229,6;432,2;185;0
vpja20;2;5743;5979;-113,2;314,2;236;255
vpja20;2;6033;6276;198,9;232,8;243;0
vpja20;2;6309;6540;194,1;73,1999999999999;231;2,55e+08
vpja20;2;6566;6851;155,4;15,6999999999999;285;2,55e+08
vpja20;2;6908;7080;317,9;276,5;172;255255000
vpja20;2;7104;7248;271,9;309;144;255255000
vpja20;2;7306;8058;-132,9;296,9;752;255
vpja20;2;8090;8301;-248,8;317,8;211;0
vpja20;2;8316;8985;-224,1;315,5;669;255
vpja20;2;9310;9375;123,4;18,9;65;2,55e+08
vpja20;2;9388;10000;136,4;-71,6;612;2,55e+08
vpja20;3;322;510;334,7;224,3;188;255255000
vpja20;3;595;753;-371,4;235,9;158;255
vpja20;3;777;974;-358,8;156,2;197;255
vpja20;3;999;1129;-318,6;140,4;130;255
vpja20;3;1175;1326;-82,4;-122,9;151;0
vpja20;3;1347;1677;-71,1;-137,7;330;2,55e+08
vpja20;3;1701;1857;-73,6;-185,9;156;255000
vpja20;3;1877;2392;-38,8;-185,9;515;255000
vpja20;3;2419;2796;-93,4;-190,8;377;0
vpja20;3;2823;2932;-66,5;-151,4;109;255000
vpja20;3;2981;3295;-317,8;134,6;314;255
vpja20;3;3376;3549;298,6;218,6;173;255255000
vpja20;3;3581;3771;355,8;238,5;190;255255000
vpja20;3;3797;4015;272,7;258,1;218;255255000
vpja20;3;4083;4308;-313,9;190,3;225;255
vpja20;3;4337;4622;-409,9;199,8;285;255
vpja20;3;4669;4898;-27,1999999999999;76,8;229;2,55e+08
vpja20;3;4924;5103;8,89999999999998;5,70000000000005;179;2,55e+08
vpja20;3;5143;5368;-48,9;-168,7;225;255000
vpja20;3;5393;5643;-54,6;-204,3;250;255000
vpja20;3;5667;5848;-95,1999999999999;-201,1;181;255000
vpja20;3;5879;6000;58,6;-216,5;121;0
vpja20;3;6047;6218;289,3;-228,9;171;0
vpja20;3;6236;6388;320,4;-219,7;152;0
vpja20;3;6446;6667;-71,6;-187,3;221;255000
vpja20;3;6679;6852;-67,5;-165,4;173;255000
vpja20;3;6908;7066;292,5;-200,4;158;0
vpja20;3;7097;7458;319,3;-116,5;361;0
vpja20;3;7508;7745;385,4;219,1;237;255255000
vpja20;3;7772;8175;295,6;239,1;403;255255000
vpja20;3;8201;8379;358,9;221,6;178;255255000
vpja20;3;8453;8683;-363,9;197,6;230;255
vpja20;3;8708;8880;-307,2;137,7;172;255
vpja20;3;8959;9181;368,6;234,9;222;255255000
vpja20;3;9207;9435;289,3;250,6;228;255255000
vpja20;3;9453;9550;267,7;263,8;97;255255000
vpja20;3;9601;9785;-57,8;105,5;184;2,55e+08
vpja20;3;9811;9954;-11,8;44;143;2,55e+08
vpja20;4;340;472;-174,7;-116,9;132;2,55e+08
vpja20;4;492;909;-199;-134,9;417;255000
vpja20;4;977;1179;394,4;206,6;202;0
vpja20;4;1224;1584;398,4;37,9;360;255
vpja20;4;1613;1765;432,3;89,1;152;255
vpja20;4;1851;2102;-364,8;315;251;255255000
vpja20;4;2131;2325;-424,9;368,1;194;255255000
vpja20;4;2353;2577;-313,2;377,4;224;0
vpja20;4;2615;2783;-15,9;312,6;168;2,55e+08
vpja20;4;2829;3043;427,9;360,8;214;0
vpja20;4;3086;3288;446,2;204,3;202;0
vpja20;4;3315;3481;353,9;221,6;166;0
vpja20;4;3549;3725;-147,4;71,6;176;2,55e+08
vpja20;4;3781;4091;-410,8;101,8;310;0
vpja20;4;4123;4306;-385;92;183;0
vpja20;4;4355;4536;-156,6;-28,2;181;2,55e+08
vpja20;4;4567;4791;-180,1;-134,1;224;255000
vpja20;4;4831;5076;-363,8;-161,7;245;0
vpja20;4;5098;5343;-351,5;-212,4;245;0
vpja20;4;5394;5682;14,4000000000001;-294;288;0
vpja20;4;5748;6025;369,6;-50,4;277;255
vpja20;4;6050;6397;299,6;-20,6;347;255
vpja20;4;6424;6612;271,7;55,5;188;0
vpja20;4;6653;6894;417,1;214,8;241;0
vpja20;4;6964;7068;-143;-98,7;104;2,55e+08
vpja20;4;7100;7366;-183,4;-146,3;266;255000
vpja20;4;7376;7790;-191,5;-151,6;414;255000
vpja20;4;7808;8049;-181,7;-125,3;241;2,55e+08
vpja20;4;8094;8383;-68,9;71,8;289;2,55e+08
vpja20;4;8419;8714;-123,5;295,4;295;0
vpja20;4;8760;8975;-406,6;339,8;215;255255000
vpja20;4;9001;9306;-340,2;382,1;305;255255000
vpja20;4;9346;9667;-511,3;428,3;321;0
vpja20;4;9698;9926;-351,8;425,4;228;0
vpja20;4;9947;10000;-333,7;434,1;53;0
vpja20;5;251;422;120,231884057971;5,70144927536239;171;2,55e+08
vpja20;5;471;658;187,231884057971;-198,298550724638;187;255000
vpja20;5;667;793;191,431884057971;-189,398550724638;126;255000
vpja20;5;850;1045;383,931884057971;222,601449275362;195;255
vpja20;5;1078;1202;413,831884057971;292,501449275362;124;255
vpja20;5;1287;1507;-330,968115942029;102,501449275362;220;255255000
vpja20;5;1547;1747;-165,068115942029;74,1014492753624;200;255255000
vpja20;5;1803;1945;186,831884057971;-102,398550724638;142;2,55e+08
vpja20;5;1972;2147;198,731884057971;-199,498550724638;175;255000
vpja20;5;2195;2453;364,931884057971;148,101449275362;258;0
vpja20;5;2483;2788;421,231884057971;247,501449275362;305;255
vpja20;5;2828;3123;299,431884057971;165,801449275362;295;255
vpja20;5;3135;3378;303,131884057971;139,301449275362;243;0
vpja20;5;3473;3672;-293,268115942029;95,9014492753624;199;255255000
vpja20;5;3699;3975;-321,768115942029;0,10144927536237;276;255255000
vpja20;5;4007;4188;-153,668115942029;8,60144927536237;181;0
vpja20;5;4235;4427;182,231884057971;-204,998550724638;192;255000
vpja20;5;4436;4585;193,031884057971;-204,998550724638;149;255000
vpja20;5;4614;4857;140,031884057971;-71,4985507246376;243;2,55e+08
vpja20;5;4887;5230;190,331884057971;-208,098550724638;343;255000
vpja20;5;5246;5567;194,731884057971;-189,298550724638;321;255000
vpja20;5;5622;5792;-54,5681159420291;-334,798550724638;170;0
vpja20;5;5811;6033;-79,468115942029;-356,898550724638;222;0
vpja20;5;6062;6327;-157,468115942029;-361,698550724638;265;0
vpja20;5;6361;6605;-87,1681159420291;-369,598550724638;244;0
vpja20;5;6627;6870;-43,0681159420291;-369,898550724638;243;0
vpja20;5;6918;7092;169,731884057971;-218,898550724638;174;255000
vpja20;5;7146;7351;-73,0681159420291;-172,198550724638;205;0
vpja20;5;7387;7618;-108,068115942029;-113,698550724638;231;0
vpja20;5;7668;7917;-202,268115942029;-293,998550724638;249;0
vpja20;5;7943;8115;-281,468115942029;-286,198550724638;172;0
vpja20;5;8149;8384;-338,168115942029;-119,498550724638;235;0
vpja20;5;8410;8665;-284,768115942029;-117,698550724638;255;0
vpja20;5;8745;9251;-218,468115942029;125,401449275362;506;255255000
vpja20;5;9277;9594;-293,268115942029;33,0014492753625;317;255255000
vpja20;5;9683;10000;398,631884057971;337,901449275362;317;255
vpja20;6;250;445;10,3000000000001;42,5;195;255255000
vpja20;6;458;513;18,7;54,5;55;255255000
vpja20;6;539;763;-72,9;63;224;0
vpja20;6;807;895;-306,8;63,7;88;2,55e+08
vpja20;6;916;1204;-299,4;67,7;288;255
vpja20;6;1254;1455;-419;-79,3;201;0
vpja20;6;1474;1740;-399;-112,7;266;0
vpja20;6;1786;1975;-146,1;-211,3;189;0
vpja20;6;2005;2244;-30,1999999999999;-228,3;239;0
vpja20;6;2283;2501;101,9;-396,8;218;0
vpja20;6;2532;2739;-18,6999999999999;-358;207;0
vpja20;6;2808;3045;505,6;-189,8;237;0
vpja20;6;3080;3238;553;-17,8;158;0
vpja20;6;3286;3499;378,6;216,3;213;0
vpja20;6;3554;3718;-150,4;179,9;164;0
vpja20;6;3758;3910;-318,3;232,5;152;0
vpja20;6;3974;4150;-393,4;-122,3;176;255000
vpja20;6;4196;4398;-142,3;-237,6;202;0
vpja20;6;4426;4575;-34,1;-229,8;149;0
vpja20;6;4622;4860;48,5000000000001;-408,1;238;0
vpja20;6;4887;5212;-72,9;-353,8;325;0
vpja20;6;5272;5444;-321,4;-136,9;172;255000
vpja20;6;5471;5660;-376;-102,3;189;255000
vpja20;6;5689;6007;-256,4;-64,6999999999999;318;0
vpja20;6;6054;6227;-13,5;56,3000000000001;173;255255000
vpja20;6;6259;6398;126,8;73,5;139;0
vpja20;6;6417;6718;148,9;98;301;0
vpja20;6;6750;7031;0,899999999999977;48,7;281;255255000
vpja20;6;7061;7164;-106,9;44,1;103;0
vpja20;6;7207;7431;-290,6;-97,3;224;0
vpja20;6;7448;7583;-292,8;-63,3;135;2,55e+08
vpja20;6;7609;7897;-378,9;-81,1999999999999;288;2,55e+08
vpja20;6;7913;8045;-387,6;-96,6;132;0
vpja20;6;8086;8284;-292,7;64,5;198;255
vpja20;6;8338;8525;20,1;58,9;187;255255000
vpja20;6;8551;8800;-56;68,3000000000001;249;0
vpja20;6;8846;9019;116,7;87,5;173;0
vpja20;6;9037;10000;139,6;101,9;963;0
vpja20;7;369;486;-307,8;-214,9;117;255000
vpja20;7;517;686;-348,6;-195,3;169;255000
vpja20;7;757;908;-422;334,8;151;255
vpja20;7;947;1036;-337,7;335,6;89;0
vpja20;7;1110;1402;185;238,5;292;255255000
vpja20;7;1424;1681;219,1;266,2;257;255255000
vpja20;7;1704;1874;256,2;298,4;170;255255000
vpja20;7;1900;2084;151,9;202,2;184;255255000
vpja20;7;2177;2288;-322,3;-190,6;111;255000
vpja20;7;2310;2565;-316,4;-207;255;255000
vpja20;7;2589;2955;-286,3;-260,3;366;255000
vpja20;7;2984;3312;-315,5;-197,2;328;255000
vpja20;7;3374;3517;-280,8;135,4;143;2,55e+08
vpja20;7;3564;3837;-384,1;350,2;273;255
vpja20;7;3863;3989;-338,2;355,5;126;255
vpja20;7;4055;4338;213,1;256,8;283;255255000
vpja20;7;4360;4643;146,5;222,4;283;255255000
vpja20;7;4666;4910;199,3;211;244;255255000
vpja20;7;4941;5161;297,3;329,7;220;0
vpja20;7;5179;5326;271,4;346,6;147;0
vpja20;7;5407;5667;-381,5;374,4;260;255
vpja20;7;5735;7780;192;249,7;2045;255255000
vpja20;7;8332;8849;232,2;468,3;517;0
vpja20;7;9392;9486;193,3;525,7;94;NA
vpja20;7;9559;10000;192,9;471,8;441;0
vpja20;8;325;352;-37,5;93,5;27;2,55e+08
vpja20;8;388;882;-78,9;-78,3;494;255000
vpja20;8;933;1159;234,9;102,8;226;255
vpja20;8;1172;1378;231,9;126;206;255
vpja20;8;1441;1659;-425,4;161,6;218;255255000
vpja20;8;1682;1909;-358;149,7;227;255255000
vpja20;8;1947;2212;-498;167,5;265;255255000
vpja20;8;2277;2445;35,2;124,6;168;2,55e+08
vpja20;8;2477;2620;-39,8;272,1;143;0
vpja20;8;2646;2838;-100,5;330,9;192;2,55e+08
vpja20;8;2889;3142;266,6;157,7;253;0
vpja20;8;3168;3462;191,2;156,7;294;0
vpja20;8;3493;3685;33;205,3;192;2,55e+08
vpja20;8;3726;3898;-49,4;71,6;172;2,55e+08
vpja20;8;3948;4163;398,2;52,6;215;0
vpja20;8;4190;4353;467,4;78,3000000000001;163;0
vpja20;8;4427;4552;120,9;-339,7;125;0
vpja20;8;4585;4790;-52,6999999999999;-336,2;205;0
vpja20;8;4843;5006;-422,5;-342,5;163;0
vpja20;8;5069;5292;-494,2;2,30000000000007;223;0
vpja20;8;5330;5557;-637,8;37,1;227;0
vpja20;8;5604;5857;-533;189;253;0
vpja20;8;5889;6148;-376,1;182,3;259;0
vpja20;8;6202;6317;-422,4;-76,3;115;0
vpja20;8;6381;6637;-72,1;-86,9;256;255000
vpja20;8;6646;6980;-68,4;-68,8;334;255000
vpja20;8;7032;7265;-10,1999999999999;155;233;2,55e+08
vpja20;8;7297;7525;-83,6999999999999;352,9;228;2,55e+08
vpja20;8;7545;7587;-79,6;469,9;42;0
vpja20;8;7646;7808;270,1;641,8;162;NA
vpja20;8;7851;7963;442,3;672,1;112;NA
vpja20;8;8041;8176;682,8;326,3;135;NA
vpja20;8;8215;8318;652,3;166,8;103;NA
vpja20;8;8370;8521;465,2;245,5;151;0
vpja20;8;8829;9015;-39,4;-49,5;186;2,55e+08
vpja20;8;9038;9394;-54,9;-104,4;356;255000
vpja20;8;9468;9808;-387,2;161,7;340;255255000
vpja20;8;9843;9899;-212,6;130,3;56;0
vpja20;8;9966;10000;215,1;117,8;34;255
vpja20;9;288;419;-94,1274021352311;156,298220640569;131;2,55e+08
vpja20;9;448;617;-188,327402135231;257,598220640569;169;255
vpja20;9;643;764;-134,427402135231;256,398220640569;121;255
vpja20;9;811;1030;260,772597864769;149,498220640569;219;255255000
vpja20;9;1044;1336;284,272597864769;156,798220640569;292;0
vpja20;9;1355;1520;252,172597864769;136,098220640569;165;0
vpja20;9;1586;1742;-145,827402135231;-179,501779359431;156;2,55e+08
vpja20;9;1764;1909;-134,827402135231;-192,501779359431;145;255000
vpja20;9;1937;2167;-47,0274021352311;-246,001779359431;230;255000
vpja20;9;2224;2406;-187,427402135231;236,698220640569;182;255
vpja20;9;2429;2662;-140,927402135231;244,798220640569;233;255
vpja20;9;2707;2891;-23,2274021352312;122,198220640569;184;2,55e+08
vpja20;9;2914;3018;-48,0274021352311;157,598220640569;104;2,55e+08
vpja20;9;3060;3500;265,372597864769;145,598220640569;440;0
vpja20;9;3543;3772;-23,0274021352311;119,798220640569;229;2,55e+08
vpja20;9;3799;3978;-100,227402135231;138,498220640569;179;2,55e+08
vpja20;9;4031;4263;-133,527402135231;-198,501779359431;232;255000
vpja20;9;4274;4422;-145,627402135231;-191,801779359431;148;255000
vpja20;9;4447;4689;-130,227402135231;-252,001779359431;242;255000
vpja20;9;4699;4987;-110,927402135231;-247,901779359431;288;255000
vpja20;9;5021;5219;-118,527402135231;-113,001779359431;198;2,55e+08
vpja20;9;5237;5534;-110,427402135231;-79,4017793594306;297;2,55e+08
vpja20;9;5588;5755;306,672597864769;-121,001779359431;167;0
vpja20;9;5786;5935;182,172597864769;-52,2017793594306;149;0
vpja20;9;6007;6213;-441,427402135231;156,498220640569;206;0
vpja20;9;6251;6438;-433,427402135231;354,898220640569;187;0
vpja20;9;6463;6682;-385,927402135231;378,198220640569;219;0
vpja20;9;6746;6855;8,0725978647688;268,098220640569;109;0
vpja20;9;6902;7095;247,272597864769;210,998220640569;193;0
vpja20;9;7116;7285;269,872597864769;175,898220640569;169;255255000
vpja20;9;7331;7526;-100,127402135231;182,598220640569;195;0
vpja20;9;7548;7735;-52,6274021352311;174,898220640569;187;2,55e+08
vpja20;9;7758;8024;-11,5274021352311;130,898220640569;266;2,55e+08
vpja20;9;8052;8282;-112,827402135231;146,198220640569;230;2,55e+08
vpja20;9;8310;8489;-190,927402135231;249,798220640569;179;255
vpja20;9;8505;8833;-160,227402135231;261,898220640569;328;255
vpja20;9;8899;9908;264,372597864769;161,198220640569;1009;255255000
vpja20;9;9919;10000;284,372597864769;174,798220640569;81;0
vpja20;10;219;369;-66,5020689655172;-9,48000000000002;150;2,55e+08
vpja20;10;410;618;-75,2020689655171;-154,28;208;255000
vpja20;10;628;751;-79,6020689655171;-142,28;123;2,55e+08
vpja20;10;794;1125;-301,202068965517;101,32;331;255255000
vpja20;10;1180;1417;6,79793103448287;165,52;237;0
vpja20;10;1439;1640;-16,8020689655172;175,82;201;255
vpja20;10;1676;2082;66,0979310344829;166,22;406;255
vpja20;10;2111;2339;-22,5020689655172;180,92;228;255
vpja20;10;2386;2620;-275,202068965517;146,62;234;255255000
vpja20;10;2678;2837;-56,9020689655172;-117,88;159;2,55e+08
vpja20;10;2857;3043;-62,7020689655171;-147,98;186;255000
vpja20;10;3101;3502;-281,202068965517;115,62;401;255255000
vpja20;10;3820;4028;-291,302068965517;411,12;208;0
vpja20;10;4041;4085;-282,602068965517;301,82;44;0
vpja20;10;4109;5122;-220,902068965517;207,52;1013;0
vpja20;10;5182;5603;-47,0020689655172;-168,28;421;255000
vpja20;10;5614;6089;-33,9020689655172;-171,98;475;0
vpja20;10;6142;6506;-240,202068965517;80,62;364;0
vpja20;10;6521;6891;-259,202068965517;90,42;370;255255000
vpja20;10;6954;7117;6,69793103448285;-237,78;163;0
vpja20;10;7149;7404;-38,0020689655172;-220,68;255;255000
vpja20;10;7424;7943;-27,3020689655172;-192,18;519;0
vpja20;10;8240;8411;5,89793103448289;-23,58;171;0
vpja20;10;8424;8645;-16,5020689655172;-105,88;221;2,55e+08
vpja20;10;9279;9642;-21,6020689655171;-98,78;363;2,55e+08
vpja20;10;9651;10000;-15,5020689655172;-178,78;349;0
vpja20;11;341;470;33,6;29,5;129;2,55e+08
vpja20;11;519;741;62,3000000000001;-209,3;222;255000
vpja20;11;757;901;69,9;-187,9;144;255000
vpja20;11;960;1176;329,4;194,8;216;0
vpja20;11;1197;1355;320,1;159,2;158;255
vpja20;11;1432;1627;-326;199,4;195;255255000
vpja20;11;1649;2192;-271,8;191,2;543;255255000
vpja20;11;2217;2489;-302,7;169,4;272;255255000
vpja20;11;2524;2665;-236,9;174;141;255255000
vpja20;11;2732;3005;277,9;126,1;273;0
vpja20;11;3031;3118;331,9;124,6;87;0
vpja20;11;3164;3419;139,9;109,2;255;2,55e+08
vpja20;11;3476;3734;79,5000000000001;-176,9;258;255000
vpja20;11;3751;3868;66,5000000000001;-165,6;117;255000
vpja20;11;3897;4125;62,9;-223,2;228;255000
vpja20;11;4132;4354;52,8000000000001;-224,4;222;255000
vpja20;11;4375;4396;79,9;-212,9;21;255000
vpja20;11;4476;4676;-260,8;169,7;200;255255000
vpja20;11;4700;4899;-227,6;179,8;199;255255000
vpja20;11;4944;5217;144,4;114,2;273;2,55e+08
vpja20;11;5277;5500;81,1;-206,2;223;255000
vpja20;11;5518;5873;70,1;-178,3;355;255000
vpja20;11;5902;6173;67,4;-230,5;271;255000
vpja20;11;6181;6445;58,5000000000001;-235,5;264;255000
vpja20;11;6495;6732;-182,6;-231,9;237;0
vpja20;11;6804;6961;-304,8;196,4;157;255255000
vpja20;11;6988;7414;-258,7;186,8;426;255255000
vpja20;11;7492;7901;305,2;148,7;409;255
vpja20;11;7941;8165;106,2;117,9;224;2,55e+08
vpja20;11;8179;8323;126,4;118,1;144;2,55e+08
vpja20;11;8382;8680;-294,7;162;298;255255000
vpja20;11;8701;8951;-316,8;167,1;250;255255000
vpja20;11;8992;9142;-213,3;167,1;150;255255000
vpja20;11;9216;9417;304,9;145,7;201;255
vpja20;11;9480;9815;96,0000000000001;-225,2;335;255000
vpja20;11;9841;10000;61,0000000000001;-180,3;159;255000
vpja20;12;209;367;-18,1999999999999;50;158;255
vpja20;12;394;548;-107,4;68,9;154;255
vpja20;12;576;834;-35,4;165,7;258;0
vpja20;12;865;1040;-100,1;275,7;175;0
vpja20;12;1063;1154;-67,5999999999999;302,6;91;0
vpja20;12;1209;1452;-456,7;98,2;243;255255000
vpja20;12;1476;1680;-529,7;85,9;204;255255000
vpja20;12;1707;1939;-451,6;90,5;232;255255000
vpja20;12;1962;2099;-489,9;101,2;137;255255000
vpja20;12;2148;2359;-224,3;-158,9;211;2,55e+08
vpja20;12;2380;2597;-231,3;-177,3;217;2,55e+08
vpja20;12;2627;2791;-221,9;-8,89999999999998;164;2,55e+08
vpja20;12;2827;3056;-179;54,3000000000001;229;2,55e+08
vpja20;12;3099;3273;-50,8;319,5;174;0
vpja20;12;3296;3673;-85,9;337,6;377;0
vpja20;12;3692;3934;-79,5999999999999;334,3;242;0
vpja20;12;3983;4232;-17,5999999999999;87,5;249;255
vpja20;12;4258;4604;-46,5999999999999;129,9;346;255
vpja20;12;4648;4917;-147,1;42,2;269;2,55e+08
vpja20;12;4942;5124;-214;-11,6999999999999;182;2,55e+08
vpja20;12;5149;5462;-227,5;-74,7;313;2,55e+08
vpja20;12;5502;5765;-224,7;-192,9;263;2,55e+08
vpja20;12;5782;6019;-232;-173,6;237;2,55e+08
vpja20;12;6057;6431;-62,5999999999999;35,8000000000001;374;255
vpja20;12;6481;6703;-489,1;92,8000000000001;222;255255000
vpja20;12;6728;7015;-557;89;287;255255000
vpja20;12;7045;7336;-440;78,3000000000001;291;255255000
vpja20;12;7361;7808;-495,4;93,2;447;255255000
vpja20;12;7815;8011;-496,9;100,3;196;255255000
vpja20;12;8037;8199;-409,7;93,9;162;255255000
vpja20;12;8281;8444;392,2;-30,4;163;0
vpja20;12;8482;8625;263,3;-19,1999999999999;143;0
vpja20;12;8678;8928;-227,5;-83,9;250;2,55e+08
vpja20;12;8955;9655;-234,6;-174,1;700;2,55e+08
vpja20;12;9674;9982;-242,6;-199,8;308;255000
vpja20;13;297;490;20,9000000000001;-106,4;193;255000
vpja20;13;546;754;-108,7;291,8;208;255
vpja20;13;775;1157;-104,4;231,2;382;255
vpja20;13;1166;1357;-92,4;239,6;191;255
vpja20;13;1410;1627;-511,5;163,2;217;255255000
vpja20;13;1646;1930;-540,9;148,4;284;255255000
vpja20;13;1993;2171;-35,9;157,1;178;2,55e+08
vpja20;13;2202;2335;9,40000000000009;155,3;133;255
vpja20;13;2366;2859;-90,8;209,1;493;255
vpja20;13;2884;3055;-0,199999999999932;166,7;171;255
vpja20;13;3083;3191;-82,5;204,3;108;255
vpja20;13;3256;3772;-520,1;144,3;516;255255000
vpja20;13;3833;4234;-102,7;250,4;401;255
vpja20;13;4563;4624;53;-7,60000000000002;61;2,55e+08
vpja20;13;4646;4850;4,40000000000009;-70,8000000000001;204;255000
vpja20;13;4894;5118;71,6000000000001;-243,7;224;255000
vpja20;13;5143;5411;123,1;-235,8;268;255000
vpja20;13;5439;5654;113,4;-160,4;215;255000
vpja20;13;5683;5902;5,5;-93,9;219;255000
vpja20;13;5962;6126;-49,6999999999999;221;164;255
vpja20;13;6151;6278;-78,5999999999999;220,8;127;255
vpja20;13;6307;6641;13,6;146,7;334;2,55e+08
vpja20;13;6671;6841;-73,8;194;170;0
vpja20;13;6885;7439;47,7;51;554;2,55e+08
vpja20;13;7474;8357;-60,1999999999999;199,6;883;255
vpja20;13;8382;8532;-128;240,2;150;255
vpja20;13;8581;9359;-510,6;165,4;778;255255000
vpja20;13;9430;10000;-88,8;220,7;570;255
vpja20;14;120;224;0,362857142857138;32,5414285714286;104;0
vpja20;14;259;561;-163,237142857143;63,8414285714285;302;255
vpja20;14;628;891;307,462857142857;103,841428571429;263;255255000
vpja20;14;967;1186;15,7628571428571;-267,458571428571;219;2,55e+08
vpja20;14;1208;1352;24,0628571428571;-279,258571428571;144;2,55e+08
vpja20;14;1371;1568;26,3628571428571;-306,258571428571;197;0
vpja20;14;1588;1661;52,262857142857;-293,858571428571;73;255000
vpja20;14;1719;1902;336,262857142857;123,141428571428;183;255255000
vpja20;14;1928;2135;260,262857142857;142,041428571429;207;255255000
vpja20;14;2165;2416;391,362857142857;42,5414285714286;251;255255000
vpja20;14;2435;2591;420,662857142857;24,7414285714285;156;255255000
vpja20;14;2655;2989;-156,837142857143;26,5414285714286;334;255
vpja20;14;3018;3313;-209,837142857143;54,6414285714285;295;255
vpja20;14;3611;3814;103,362857142857;-15,0585714285714;203;0
vpja20;14;3832;3883;103,262857142857;-10,1585714285715;51;0
vpja20;14;3921;4161;65,3628571428571;-225,358571428571;240;2,55e+08
vpja20;14;4186;4354;17,6628571428571;-282,858571428571;168;2,55e+08
vpja20;14;4379;4570;40,5628571428572;-313,958571428571;191;255000
vpja20;14;4636;4962;-153,437142857143;59,6414285714285;326;255
vpja20;14;4989;5347;-224,137142857143;86,0414285714286;358;0
vpja20;14;5386;5553;-104,237142857143;63,4414285714286;167;255
vpja20;14;5603;5886;290,662857142857;93,6414285714285;283;255255000
vpja20;14;5904;6079;316,562857142857;107,741428571429;175;255255000
vpja20;14;6110;6352;419,162857142857;36,7414285714285;242;0
vpja20;14;6365;6657;419,862857142857;11,1414285714285;292;255255000
vpja20;14;6698;6903;251,062857142857;78,5414285714286;205;0
vpja20;14;6953;7103;-90,1371428571429;39,7414285714285;150;255
vpja20;14;7417;7513;-51,7371428571429;70,0414285714286;96;0
vpja20;14;7565;7808;163,162857142857;50,8414285714285;243;0
vpja20;14;7852;8101;238,162857142857;69,2414285714285;249;0
vpja20;14;8146;8296;427,962857142857;83,7414285714285;150;0
vpja20;14;8324;8622;296,962857142857;108,541428571429;298;255255000
vpja20;14;8673;9175;-167,837142857143;82,0414285714286;502;255
vpja20;14;9203;9634;-101,937142857143;22,0414285714286;431;255
vpja20;14;9652;9981;-82,6371428571429;-9,45857142857142;329;255
vpja20;15;280;436;-127,281454545454;32,7989090909092;156;2,55e+08
vpja20;15;478;645;-101,481454545454;-89,0010909090909;167;2,55e+08
vpja20;15;693;830;-109,881454545454;-329,101090909091;137;2,55e+08
vpja20;15;850;1562;-108,081454545454;-346,801090909091;712;255000
vpja20;15;1632;1730;-321,081454545454;201,998909090909;98;0
vpja20;15;1770;1947;-405,381454545454;199,598909090909;177;255255000
vpja20;15;1973;2266;-460,081454545454;251,898909090909;293;255255000
vpja20;15;2350;2514;230,118545454546;144,898909090909;164;255
vpja20;15;2572;2813;452,418545454546;-145,901090909091;241;0
vpja20;15;2879;3079;50,2185454545456;-187,701090909091;200;0
vpja20;15;3134;3244;-125,781454545454;-217,201090909091;110;2,55e+08
vpja20;15;3290;3426;-277,581454545454;-210,101090909091;136;0
vpja20;15;3476;3710;-383,981454545454;-376,701090909091;234;0
vpja20;15;3759;3973;-485,481454545454;-279,801090909091;214;0
vpja20;15;4013;4246;-365,981454545454;-185,801090909091;233;0
vpja20;15;4277;4440;-353,281454545454;-125,501090909091;163;0
vpja20;15;4499;4752;115,018545454546;-158,401090909091;253;0
vpja20;15;4776;5021;168,618545454546;-126,401090909091;245;0
vpja20;15;5075;5314;482,618545454546;-159,701090909091;239;0
vpja20;15;5379;5515;-60,6814545454544;41,9989090909091;136;0
vpja20;15;5552;5906;-100,181454545454;130,598909090909;354;2,55e+08
vpja20;15;5921;6042;-117,581454545454;136,498909090909;121;2,55e+08
vpja20;15;6101;6294;-439,581454545454;217,598909090909;193;255255000
vpja20;15;6319;6444;-472,281454545454;261,198909090909;125;255255000
vpja20;15;6533;6677;-482,881454545454;-235,901090909091;144;0
vpja20;15;6694;6907;-488,581454545454;-276,801090909091;213;0
vpja20;15;6933;7171;-506,781454545454;-424,001090909091;238;0
vpja20;15;7206;7426;-584,181454545454;-362,801090909091;220;0
vpja20;15;7471;7733;-255,081454545454;-226,301090909091;262;0
vpja20;15;7763;7874;-233,281454545454;-150,801090909091;111;0
vpja20;15;7919;8093;-88,0814545454544;-324,701090909091;174;255000
vpja20;15;8118;8364;-102,081454545454;-346,601090909091;246;255000
vpja20;15;8394;8623;-115,681454545454;-227,001090909091;229;2,55e+08
vpja20;15;8652;8967;-114,281454545454;-137,201090909091;315;2,55e+08
vpja20;15;8999;9216;-151,581454545454;-282,901090909091;217;2,55e+08
vpja20;15;9231;9392;-163,581454545454;-270,701090909091;161;2,55e+08
vpja20;15;9452;9714;-101,081454545454;-47,5010909090909;262;2,55e+08
vpja20;15;9744;9925;-111,081454545454;66,9989090909091;181;0
vpja20;15;9947;10000;-94,6814545454544;102,998909090909;53;2,55e+08
vpja20;16;312;527;-13,6;-189,5;215;255000
vpja20;16;546;695;-13,4;-219,8;149;255000
vpja20;16;710;976;12,5;-222,6;266;255000
vpja20;16;1001;1118;-20,9;-158,4;117;2,55e+08
vpja20;16;1181;1395;-418,1;216,7;214;255
vpja20;16;1419;1856;-428,8;190,2;437;255
vpja20;16;1880;2061;-390,9;232,9;181;255
vpja20;16;2084;2410;-427,1;256,2;326;255
vpja20;16;2437;2679;-356,4;237,6;242;255
vpja20;16;2705;2835;-433,3;174,6;130;255
vpja20;16;2918;3247;351,3;230,8;329;255255000
vpja20;16;3268;3517;391,4;239,8;249;0
vpja20;16;3536;3718;351,2;246;182;255255000
vpja20;16;3779;3948;-396,7;242,5;169;255
vpja20;16;3969;4102;-433,5;250,1;133;255
vpja20;16;4128;4283;-434,1;155,1;155;255
vpja20;16;4359;4510;75,5000000000001;-13,7;151;2,55e+08
vpja20;16;4541;4792;-31,5;43,6999999999999;251;2,55e+08
vpja20;16;4822;4977;-26,8;118,2;155;2,55e+08
vpja20;16;5040;5344;-412,2;90,5;304;0
vpja20;16;5372;5582;-394,1;152,7;210;255
vpja20;16;5639;5777;-482,1;-170;138;0
vpja20;16;5853;6037;24,6;-207,8;184;255000
vpja20;16;6062;6303;-3,69999999999993;-187,2;241;255000
vpja20;16;6349;6508;126,2;-251,4;159;0
vpja20;16;6562;6768;368,4;-337,3;206;0
vpja20;16;6831;6995;179,5;78,9;164;2,55e+08
vpja20;16;7028;7371;48,2;-39,2;343;2,55e+08
vpja20;16;7417;7703;-21,5;-191,7;286;255000
vpja20;16;7729;7881;-18,1;-245,2;152;255000
vpja20;16;7902;8091;17;-245,6;189;255000
vpja20;16;8117;8356;-15,4;-210,8;239;255000
vpja20;16;8365;8700;-1,19999999999993;-212,6;335;255000
vpja20;16;8728;9021;85,6999999999999;-227,5;293;255000
vpja20;16;9063;9253;147,4;-46,1;190;2,55e+08
vpja20;16;9283;9445;12,5;18,3;162;2,55e+08
vpja20;16;9468;9606;-10,3;54,8;138;2,55e+08
vpja20;16;9673;9888;485,8;73,5;215;0
vpja20;16;9928;10000;351,7;263,5;72;255255000
vpja20;17;204;366;-121,068345323741;-28,0741007194245;162;2,55e+08
vpja20;17;406;566;-211,968345323741;-182,974100719424;160;2,55e+08
vpja20;17;582;746;-239,568345323741;-173,274100719424;164;2,55e+08
vpja20;17;767;960;-239,668345323741;-217,074100719424;193;0
vpja20;17;1022;1165;291,531654676259;-16,3741007194244;143;0
vpja20;17;1192;1415;316,731654676259;46,0258992805756;223;0
vpja20;17;1470;1694;-139,068345323741;335,025899280576;224;255255000
vpja20;17;1742;2119;-474,268345323741;326,225899280576;377;0
vpja20;17;2139;2262;-440,268345323741;328,625899280576;123;255
vpja20;17;2314;2646;-133,968345323741;344,025899280576;332;255255000
vpja20;17;2667;2900;-153,868345323741;357,525899280576;233;255255000
vpja20;17;2979;3139;-215,468345323741;-185,774100719424;160;0
vpja20;17;3163;3541;-250,468345323741;-173,774100719424;378;0
vpja20;17;3564;3782;-238,568345323741;-236,174100719424;218;0
vpja20;17;3808;4003;-158,768345323741;-222,374100719424;195;255000
vpja20;17;4031;4216;-223,368345323741;-178,574100719424;185;0
vpja20;17;4225;4508;-225,968345323741;-163,774100719424;283;2,55e+08
vpja20;17;4554;4785;-190,068345323741;145,525899280576;231;2,55e+08
vpja20;17;4817;5016;-232,068345323741;228,925899280576;199;2,55e+08
vpja20;17;5039;5090;-208,468345323741;229,325899280576;51;2,55e+08
vpja20;17;5119;5644;-299,068345323741;211,425899280576;525;0
vpja20;17;5679;5999;-96,3683453237411;236,125899280576;320;2,55e+08
vpja20;17;6010;6147;-78,3683453237411;250,825899280576;137;0
vpja20;17;6196;6529;-456,868345323741;330,525899280576;333;255
vpja20;17;6856;7099;-488,568345323741;419,725899280576;243;0
vpja20;17;7116;7158;-456,768345323741;350,225899280576;42;0
vpja20;17;7261;7334;227,431654676259;-69,8741007194245;73;0
vpja20;17;7389;7543;197,831654676259;-259,474100719424;154;0
vpja20;17;7585;7727;276,031654676259;-330,974100719424;142;0
vpja20;17;7773;7992;-81,0683453237411;-228,674100719424;219;0
vpja20;17;8012;8353;-47,1683453237411;-231,874100719424;341;0
vpja20;17;8422;8568;-97,8683453237411;297,325899280576;146;255255000
vpja20;17;8603;8885;-141,468345323741;345,025899280576;282;255255000
vpja20;17;8938;9332;-491,968345323741;333,825899280576;394;0
vpja20;17;9376;9882;-151,268345323741;348,825899280576;506;255255000
vpja20;17;9903;10000;-130,468345323741;367,225899280576;97;255255000
vpja20;18;311;505;-46,1068592057762;-247,18916967509;194;255000
vpja20;18;528;729;-57,0068592057762;-212,48916967509;201;0
vpja20;18;751;973;-45,5068592057762;-248,98916967509;222;255000
vpja20;18;1027;1228;-274,806859205776;166,41083032491;201;255
vpja20;18;1252;1485;-231,606859205776;120,01083032491;233;255
vpja20;18;1515;1778;-336,406859205776;131,21083032491;263;255
vpja20;18;1807;2286;-217,306859205776;102,11083032491;479;255
vpja20;18;2307;2437;-182,606859205776;102,01083032491;130;255
vpja20;18;2513;2685;309,093140794224;143,21083032491;172;255255000
vpja20;18;2714;2921;166,893140794224;147,21083032491;207;255255000
vpja20;18;2962;3225;403,693140794224;123,11083032491;263;255255000
vpja20;18;3244;3497;419,293140794224;140,21083032491;253;255255000
vpja20;18;3549;3769;19,8931407942238;20,0108303249098;220;2,55e+08
vpja20;18;3795;3979;-18,8068592057762;-66,1891696750902;184;2,55e+08
vpja20;18;4033;4250;240,893140794224;-87,9891696750902;217;0
vpja20;18;4313;4452;-218,906859205776;-58,7891696750902;139;0
vpja20;18;4477;4860;-248,506859205776;-48,6891696750902;383;0
vpja20;18;4906;5036;16,4931407942238;-138,78916967509;130;2,55e+08
vpja20;18;5065;5272;-39,4068592057762;-223,68916967509;207;255000
vpja20;18;5285;5559;-46,4068592057762;-217,18916967509;274;0
vpja20;18;5617;5793;262,593140794224;100,41083032491;176;255255000
vpja20;18;5818;5949;316,493140794224;113,31083032491;131;255255000
vpja20;18;5974;6612;377,893140794224;90,4108303249097;638;0
vpja20;18;6671;6881;68,0931407942237;121,51083032491;210;0
vpja20;18;6904;7177;29,8931407942238;137,81083032491;273;0
vpja20;18;7223;7643;-234,506859205776;126,01083032491;420;255
vpja20;18;7701;7888;186,493140794224;79,1108303249098;187;0
vpja20;18;7913;8152;142,193140794224;89,5108303249098;239;0
vpja20;18;8199;8522;253,493140794224;-91,1891696750902;323;0
vpja20;18;8586;8912;-267,706859205776;-70,7891696750902;326;0
vpja20;18;8952;9626;-220,206859205776;149,61083032491;674;255
vpja20;18;9677;9906;-396,506859205776;157,11083032491;229;0
vpja20;18;9951;10000;-192,106859205776;116,51083032491;49;255
vpja20;19;297;514;56;37,3000000000001;217;2,55e+08
vpja20;19;564;713;-19,8;-252,1;149;0
vpja20;19;734;891;-43,1999999999999;-281,2;157;255000
vpja20;19;941;1121;-190;-56,5;180;0
vpja20;19;1156;1371;-234,8;-60,8;215;255
vpja20;19;1398;1673;-217,1;-0,699999999999932;275;255
vpja20;19;1699;2084;-223,7;-87,9999999999999;385;255
vpja20;19;2127;2395;-10,4;-271,7;268;255000
vpja20;19;2414;2759;-32,4;-275,1;345;255000
vpja20;19;2824;3005;67,1000000000001;4,90000000000009;181;2,55e+08
vpja20;19;3029;3153;74,2;47,1;124;2,55e+08
vpja20;19;3182;3873;-47,5;1;691;255255000
vpja20;19;3916;5297;73,1000000000001;51,9000000000001;1381;2,55e+08
vpja20;19;5326;6979;-49,5;-26,1999999999999;1653;255255000
vpja20;19;7023;7271;-220,9;216,4;248;0
vpja20;19;7301;7492;-99,5;226,2;191;0
vpja20;19;7514;7688;-63,5;231,2;174;0
vpja20;19;7736;8530;-36,1999999999999;-14,1999999999999;794;255255000
vpja20;19;8576;8987;293,2;-62,1999999999999;411;0
vpja20;19;9005;9212;322;-66,9;207;0
vpja20;19;9270;10000;-54,3;0;730;255255000
vpja20;20;389;519;-5,07474402730384;-292,971672354949;130;255000
vpja20;20;546;721;-24,9747440273038;-384,771672354949;175;255000
vpja20;20;797;1108;408,925255972696;327,428327645051;311;255
vpja20;20;1180;1353;-321,274744027304;236,328327645051;173;255255000
vpja20;20;1377;1551;-248,174744027304;186,528327645051;174;255255000
vpja20;20;1596;1793;-545,574744027304;337,328327645051;197;255255000
vpja20;20;1816;2007;-504,774744027304;333,728327645051;191;255255000
vpja20;20;2031;2199;-469,374744027304;361,928327645051;168;255255000
vpja20;20;2243;2391;-236,274744027304;224,928327645051;148;0
vpja20;20;2470;2720;480,525255972696;445,128327645051;250;0
vpja20;20;2749;2985;486,425255972696;434,228327645051;236;0
vpja20;20;3009;3318;435,925255972696;448,528327645051;309;0
vpja20;20;3411;3726;454,125255972696;298,028327645051;315;0
vpja20;20;3780;3953;-35,2747440273039;100,128327645051;173;2,55e+08
vpja20;20;3973;4136;-45,5747440273038;53,7283276450513;163;2,55e+08
vpja20;20;4221;4345;-5,47474402730381;-349,271672354949;124;255000
vpja20;20;4367;4552;-10,9747440273038;-364,271672354949;185;255000
vpja20;20;4579;4739;-19,7747440273039;-428,171672354949;160;255000
vpja20;20;4761;5349;28,4252559726962;-435,871672354949;588;255000
vpja20;20;5447;5547;475,025255972696;505,128327645051;100;NA
vpja20;20;5577;5798;472,225255972696;371,628327645051;221;0
vpja20;20;5823;6323;413,225255972696;407,528327645051;500;255
vpja20;20;6346;6493;479,125255972696;413,428327645051;147;255
vpja20;20;6514;6747;522,225255972696;425,228327645051;233;0
vpja20;20;6770;7027;443,725255972696;373,428327645051;257;0
vpja20;20;7070;7268;401,225255972696;200,828327645051;198;0
vpja20;20;7321;7493;-57,0747440273038;67,9283276450514;172;2,55e+08
vpja20;20;7554;7729;-17,4747440273038;-375,471672354949;175;255000
vpja20;20;7755;8023;-18,3747440273038;-431,271672354949;268;255000
vpja20;20;8048;8184;-65,9747440273038;-428,471672354949;136;255000
vpja20;20;8218;8411;-228,074744027304;-347,871672354949;193;0
vpja20;20;8447;8646;-15,9747440273038;-414,471672354949;199;255000
vpja20;20;8665;8844;16,9252559726962;-427,071672354949;179;255000
vpja20;20;8872;9297;-9,07474402730384;-373,971672354949;425;255000
vpja20;20;9338;9675;137,925255972696;-344,171672354949;337;0
vpja20;20;9717;10000;-10,5747440273038;-376,771672354949;283;255000
vpja20;21;207;392;48,6;-18;185;255000
vpja20;21;424;653;-46,9;147,7;229;0
vpja20;21;672;904;-73,5;133,6;232;0
vpja20;21;932;1264;14,3;125,6;332;255
vpja20;21;1290;1483;-37,6;110,3;193;255
vpja20;21;1499;1751;-51;116,7;252;255
vpja20;21;1813;2124;344,6;194,7;311;0
vpja20;21;2140;2412;359,9;192,1;272;0
vpja20;21;2436;2689;289,2;185,5;253;255255000
vpja20;21;2698;2922;294,6;181,8;224;255255000
vpja20;21;2944;3105;332,3;180,3;161;255255000
vpja20;21;3155;3418;-43,2;63,6999999999999;263;255
vpja20;21;3441;3823;-62,5;106,3;382;255
vpja20;21;3858;4056;-1,60000000000002;102,4;198;255
vpja20;21;4106;4427;74,6;-59,3000000000001;321;255000
vpja20;21;4439;4598;62,6;-57,2;159;255000
vpja20;21;4656;4889;342,3;170,6;233;255255000
vpja20;21;4909;5242;307,6;170,8;333;255255000
vpja20;21;5267;5552;330;189,9;285;0
vpja20;21;5619;5784;390,6;-69,2;165;0
vpja20;21;5839;6102;82,9;-69,0000000000001;263;255000
vpja20;21;6150;6351;-1,10000000000002;55,0999999999999;201;2,55e+08
vpja20;21;6376;6483;-21,9;69,4;107;2,55e+08
vpja20;21;6510;6835;57,4999999999999;93,0999999999999;325;2,55e+08
vpja20;21;6888;7064;329,5;182,7;176;255255000
vpja20;21;7377;7486;469,3;-72,5000000000001;109;0
vpja20;21;7545;7742;123,1;-64,1;197;0
vpja20;21;7778;8069;73,4;-46,9000000000001;291;255000
vpja20;21;8101;8392;-14,2;80,5999999999999;291;2,55e+08
vpja20;21;8413;8595;-31,1;84,3;182;255
vpja20;21;8623;8824;67,3000000000001;90,4;201;2,55e+08
vpja20;21;9094;9229;127,4;87,3;135;2,55e+08
vpja20;21;9288;9446;369;-90,7;158;0
vpja20;21;9504;9695;30;-183,2;191;0
vpja20;21;9715;9815;13,5;-199,9;100;0
vpja20;21;9853;10000;111,7;-66,2;147;0
vpja20;22;88;204;18,4;349,6;116;0
vpja20;22;264;310;326,8;361,5;46;0
vpja20;22;326;416;266,3;239,3;90;0
vpja20;22;491;697;-368,9;156;206;0
vpja20;22;763;909;-14,3;-190,4;146;2,55e+08
vpja20;22;932;1260;-42,9;-240,7;328;0
vpja20;22;1269;1734;-39,9;-218,1;465;2,55e+08
vpja20;22;1754;1997;-17,9;-248,3;243;255000
vpja20;22;2071;2275;262,9;120,2;204;255255000
vpja20;22;2357;2715;-356,1;151,2;358;255
vpja20;22;2722;2946;-365,8;149,7;224;255
vpja20;22;3015;3245;269,1;68,6;230;255255000
vpja20;22;3288;3526;494,9;-9;238;0
vpja20;22;3548;3667;512;-43,5;119;0
vpja20;22;3719;3940;263,8;46,1;221;255255000
vpja20;22;4009;4242;-9,10000000000002;-192,7;233;2,55e+08
vpja20;22;4303;4469;212,2;66,1;166;255255000
vpja20;22;4503;4977;266,9;47,1;474;255255000
vpja20;22;4985;5113;273,6;38,1999999999999;128;0
vpja20;22;5403;5545;-2;-37,8000000000001;142;2,55e+08
vpja20;22;5617;5809;-294,6;106,3;192;0
vpja20;22;5835;6185;-350,3;122,8;350;255
vpja20;22;6263;6784;251,8;78,5;521;255255000
vpja20;22;6851;7092;-350,6;135,8;241;255
vpja20;22;7109;7262;-367,4;138,8;153;255
vpja20;22;7333;7833;274,8;64,6999999999999;500;255255000
vpja20;22;7912;8068;-7,29999999999995;-195,8;156;2,55e+08
vpja20;22;8089;8426;-44,8;-245;337;0
vpja20;22;8445;8639;-44,5;-203;194;2,55e+08
vpja20;22;8709;8955;-465,4;44,9;246;0
vpja20;22;8986;9220;-591,1;83,4;234;0
vpja20;22;9263;10000;-367,5;144,5;737;255
vpja20;23;73;279;4,60000000000002;-5,20000000000005;206;2,55e+08
vpja20;23;335;498;-325,9;161,4;163;0
vpja20;23;513;641;-309;150,3;128;0
vpja20;23;705;863;311,6;213,2;158;255
vpja20;23;888;1093;342,2;181;205;0
vpja20;23;1167;1356;53,6;-272,7;189;255000
vpja20;23;1379;1554;32,3;-240,8;175;255000
vpja20;23;1580;1903;8,89999999999998;-293;323;255000
vpja20;23;1917;2117;35,7;-279;200;255000
vpja20;23;2152;2240;27,2;-206,2;88;2,55e+08
vpja20;23;2302;2467;-265,5;91;165;0
vpja20;23;2491;2639;-276,3;120;148;255255000
vpja20;23;2664;2915;-235,1;119,6;251;0
vpja20;23;2973;3159;88,3;1,89999999999998;186;2,55e+08
vpja20;23;3235;3379;-314,4;136,5;144;0
vpja20;23;3401;3717;-343,5;135,3;316;255255000
vpja20;23;3753;4021;-270;129,6;268;255255000
vpja20;23;4040;4428;-299,9;135,8;388;0
vpja20;23;4444;4672;-329,4;128,5;228;255255000
vpja20;23;4722;4819;55,2;-0,200000000000045;97;2,55e+08
vpja20;23;5113;5207;43,9;-40,2;94;2,55e+08
vpja20;23;5243;5531;51,9;-267,8;288;255000
vpja20;23;5563;5947;189,6;-262,3;384;0
vpja20;23;5998;6335;217,3;-400,7;337;0
vpja20;23;6390;6542;16,4;-334,2;152;255000
vpja20;23;6572;6965;-79;-412,2;393;0
vpja20;23;7009;7218;39,5;-239,9;209;255000
vpja20;23;7276;7398;69,0999999999999;-21,3;122;2,55e+08
vpja20;23;7457;8964;328,7;167;1507;0
vpja20;23;9233;9415;48,6;-203,8;182;2,55e+08
vpja20;23;9449;9697;50,2;-134,4;248;2,55e+08
vpja20;23;9747;10000;21,2;-278,7;253;255000
vpja20;24;266;357;-56,1;103,5;91;2,55e+08
vpja20;24;415;634;284,6;296,8;219;255
vpja20;24;649;871;306,7;304,7;222;0
vpja20;24;962;1160;9,39999999999998;-275,9;198;255000
vpja20;24;1183;1442;-7,89999999999998;-219,9;259;255000
vpja20;24;1512;1642;-376,6;269,6;130;0
vpja20;24;1682;1898;-438,1;290;216;255255000
vpja20;24;1923;2049;-402,3;295;126;255255000
vpja20;24;2112;2285;-26,1;138;173;2,55e+08
vpja20;24;2310;2452;32,9;133;142;2,55e+08
vpja20;24;2483;2719;-92,7;122,8;236;2,55e+08
vpja20;24;2726;2836;-82,4;126,4;110;2,55e+08
vpja20;24;2885;3128;284,1;-83,6;243;0
vpja20;24;3148;3253;267,4;-41,8000000000001;105;0
vpja20;24;3311;3600;-65,8000000000001;-84,7;289;2,55e+08
vpja20;24;3613;3710;-55;-70,3000000000001;97;2,55e+08
vpja20;24;3763;4195;-431,2;289,2;432;255255000
vpja20;24;4214;4490;-411,6;305,3;276;255255000
vpja20;24;4822;5103;-459,7;470;281;0
vpja20;24;5128;5155;-409,4;380;27;0
vpja20;24;5230;5424;-2,60000000000002;101,7;194;2,55e+08
vpja20;24;5462;5663;53,3;112,1;201;2,55e+08
vpja20;24;5722;5879;339,6;190,3;157;0
vpja20;24;5932;6192;449;117,2;260;0
vpja20;24;6236;6652;325;323,6;416;0
vpja20;24;6707;7061;584,2;102,8;354;0
vpja20;24;7118;7253;390;357,7;135;0
vpja20;24;7292;7379;326,2;367,9;87;255
vpja20;24;7430;7500;345,5;399,6;70;0
vpja20;24;7548;7766;65,4;274,9;218;0
vpja20;24;7819;7975;345,9;417,2;156;0
vpja20;24;7991;8011;338,3;453,9;20;0
vpja20;24;8525;8840;-447,3;563,4;315;NA
vpja20;24;8919;9058;283,6;495;139;NA
vpja20;24;9083;9315;311;480,4;232;0
vpja20;24;9351;9800;354,3;481,2;449;NA
vpja20;24;9852;10000;27,6;302,3;148;0
vpja20;25;281;482;-365,8;-10;201;255000
vpja20;25;496;772;-407,7;5;276;2,55e+08
vpja20;25;1039;1126;-338,6;308,5;87;255
vpja20;25;1144;1332;-312,2;321,5;188;255
vpja20;25;1400;1606;252,6;187,9;206;255255000
vpja20;25;1641;1809;163,8;200,8;168;255255000
vpja20;25;1828;1935;132;213,2;107;255255000
vpja20;25;1989;2212;458,9;-11,8000000000001;223;0
vpja20;25;2268;2475;138,8;-14,8000000000001;207;0
vpja20;25;2527;2706;-194,4;-29,9;179;0
vpja20;25;2720;2901;-178,3;-24,3000000000001;181;0
vpja20;25;2943;3110;-417,8;-2,80000000000007;167;2,55e+08
vpja20;25;3120;3584;-394;5,89999999999998;464;2,55e+08
vpja20;25;3601;3807;-390,6;-33;206;255000
vpja20;25;3838;4057;-227,4;74,9;219;2,55e+08
vpja20;25;4072;4320;-206,2;88;248;0
vpja20;25;4365;4600;-402,4;-22;235;0
vpja20;25;4619;5004;-391,9;16,8;385;2,55e+08
vpja20;25;5087;5251;105,8;214,8;164;255255000
vpja20;25;5302;5674;501,3;300,8;372;0
vpja20;25;5720;5953;166,4;224,3;233;255255000
vpja20;25;6017;6241;-291,2;300;224;255
vpja20;25;6260;6431;-265,9;310,6;171;255
vpja20;25;6484;6587;273,8;282,2;103;0
vpja20;25;6619;6694;244,1;239,9;75;255255000
vpja20;25;6722;6900;124;213,9;178;255255000
vpja20;25;6957;7177;-267,3;156,7;220;2,55e+08
vpja20;25;7201;7372;-339,5;103,4;171;2,55e+08
vpja20;25;7432;7561;-391,9;-85,5;129;255000
vpja20;25;7600;7820;-478,6;-186,1;220;0
vpja20;25;7859;8062;-374,3;-45;203;255000
vpja20;25;8087;8433;-392,1;9,89999999999998;346;2,55e+08
vpja20;25;8483;8727;-546,6;-172;244;0
vpja20;25;8777;9063;-373,8;-41,4;286;255000
vpja20;25;9087;9350;-417,5;-34,5;263;0
vpja20;25;9366;9577;-444,7;-29,8000000000001;211;0
vpja20;25;9616;9874;-581,6;18,5;258;0
vpja20;25;9912;10000;-377,3;-13,7;88;255000
vpja20;26;313;419;123,5;-174,9;106;255000
vpja20;26;446;610;129,1;-248,1;164;255000
vpja20;26;627;822;128,3;-283,5;195;255000
vpja20;26;839;1044;164,7;-283,4;205;255000
vpja20;26;1108;1392;180,1;229,3;284;255
vpja20;26;1459;1638;-407,7;314,7;179;255255000
vpja20;26;1656;2128;-374,8;308,6;472;255255000
vpja20;26;2195;2399;160,2;268;204;255
vpja20;26;2433;2579;190,1;328,1;146;255
vpja20;26;2602;2792;138,1;336,7;190;255
vpja20;26;2862;3048;-427,4;324,7;186;255255000
vpja20;26;3070;3642;-379,7;318,8;572;255255000
vpja20;26;3709;3961;185;242,1;252;255
vpja20;26;3991;4166;187,3;335,2;175;255
vpja20;26;4188;4379;145,5;348,9;191;255
vpja20;26;4469;4599;-412,1;339,3;130;255255000
vpja20;26;4621;5011;-371,2;328,5;390;255255000
vpja20;26;5043;5248;-384,8;417,6;205;255255000
vpja20;26;5317;5541;245,7;379,8;224;2,55e+08
vpja20;26;5561;5703;211,2;381,4;142;255
vpja20;26;5727;5959;152,6;369,7;232;255
vpja20;26;5975;6091;130,6;356,3;116;255
vpja20;26;6115;6155;122,4;337,3;40;255
vpja20;26;6275;6297;-401,9;399,9;22;255255000
vpja20;26;6314;6616;-385,7;345,2;302;255255000
vpja20;26;6628;7026;-389,5;316,3;398;255255000
vpja20;26;7046;7456;-382,9;284,3;410;255255000
vpja20;26;7536;7835;187,4;237,4;299;255
vpja20;26;7895;8101;152,2;353,4;206;255
vpja20;26;8113;8266;143,8;371,3;153;255
vpja20;26;8292;8576;215,8;396,9;284;255
vpja20;26;8646;8848;-402,6;337,6;202;255255000
vpja20;26;8868;9353;-375,2;325,5;485;255255000
vpja20;26;9418;9570;200;323,4;152;255
vpja20;26;9952;9973;248,1;378,1;21;2,55e+08
