vp;trial;timest;timeend;x;y;duration;roi
vpja05;1;495;662;-37,3970745727845;-318,497655265852;167;255000
vpja05;1;687;1055;-54,3970745727845;-371,297655265852;368;255000
vpja05;1;1065;1381;-47,0970745727844;-384,897655265852;316;255000
vpja05;1;1411;1537;-97,7970745727845;-389,697655265851;126;0
vpja05;1;1559;1928;-46,4970745727844;-392,497655265852;369;255000
vpja05;1;1946;2119;-35,2970745727845;-367,297655265852;173;255000
vpja05;1;2195;2389;-453,897074572784;208,002344734148;194;0
vpja05;1;2435;2650;-488,097074572784;340,502344734148;215;255
vpja05;1;2686;2851;-538,597074572784;427,602344734149;165;255
vpja05;1;2926;3035;107,402925427215;288,202344734148;109;0
vpja05;1;3081;3297;234,602925427215;230,502344734148;216;255255000
vpja05;1;3340;3827;447,602925427215;342,002344734148;487;255255000
vpja05;1;3868;4032;324,202925427216;293,102344734148;164;255255000
vpja05;1;4060;4367;264,702925427216;255,102344734148;307;255255000
vpja05;1;4390;4474;219,502925427216;209,302344734149;84;0
vpja05;1;4557;4701;272,502925427216;-176,697655265851;144;0
vpja05;1;4755;4838;-39,3970745727845;-350,297655265852;83;255000
vpja05;1;4965;5129;-53,7970745727845;-395,797655265852;164;255000
vpja05;1;5179;5641;-390,297074572784;-325,897655265852;462;0
vpja05;1;5683;5903;-539,997074572784;-329,897655265852;220;0
vpja05;1;5968;6219;-47,0970745727844;-380,497655265852;251;255000
vpja05;1;6238;6331;-34,8970745727845;-416,697655265851;93;255000
vpja05;1;6467;6713;275,502925427216;-327,397655265852;246;0
vpja05;1;6736;6937;344,402925427215;-311,397655265852;201;0
vpja05;1;6971;7153;257,302925427216;-310,197655265851;182;0
vpja05;1;7174;7458;230,002925427216;-270,597655265852;284;0
vpja05;1;7495;7594;84,7029254272156;-195,997655265852;99;2,55e+08
vpja05;1;7644;8015;-40,1970745727845;-409,697655265851;371;255000
vpja05;1;8084;8268;-148,397074572785;123,502344734148;184;0
vpja05;1;8306;8492;-70,5970745727844;124,902344734149;186;2,55e+08
vpja05;1;8554;8674;-416,597074572784;344,902344734149;120;0
vpja05;1;8731;8946;-378,997074572784;118,402344734149;215;0
vpja05;1;8970;9173;-404,297074572784;60,6023447341485;203;0
vpja05;1;9224;9596;-581,397074572785;148,302344734149;372;0
vpja05;1;9641;9901;-503,997074572784;379,402344734149;260;255
vpja05;1;9922;10000;-539,397074572785;421,002344734148;78;0
vpja05;2;229;417;-39,3;-204,2;188;255000
vpja05;2;434;1781;-71,3;-230,4;1347;255000
vpja05;2;1851;2289;-446,2;185,2;438;255
vpja05;2;2308;3156;-486,3;188,7;848;255
vpja05;2;3188;3388;-562,5;220,1;200;0
vpja05;2;3621;3773;-468,3;190,6;152;255
vpja05;2;3783;4292;-478,8;186,5;509;255
vpja05;2;4312;4490;-456,2;173;178;255
vpja05;2;4519;4782;-489,4;119,1;263;0
vpja05;2;4822;5039;-519;22,3;217;0
vpja05;2;5066;5244;-428,9;-58,8000000000001;178;0
vpja05;2;5268;5750;-425,1;-119,1;482;0
vpja05;2;5820;5991;134,4;45,5999999999999;171;2,55e+08
vpja05;2;6040;6321;345,7;154,2;281;255255000
vpja05;2;6343;6769;345,4;104,6;426;255255000
vpja05;2;6793;6907;298,2;96,3;114;255255000
vpja05;2;7137;7347;282,6;77,4;210;255255000
vpja05;2;7355;7632;272,4;86,0999999999999;277;255255000
vpja05;2;7656;8137;322,3;141,6;481;255255000
vpja05;2;8158;8427;350,5;121,4;269;255255000
vpja05;2;8453;8532;370,8;61,0999999999999;79;255255000
vpja05;2;8608;8746;485,3;-226,9;138;0
vpja05;2;8771;9255;525,4;-292,1;484;0
vpja05;2;9288;9590;564,1;-220,3;302;0
vpja05;2;9612;9975;586;-237,5;363;0
vpja05;3;289;535;93;170,4;246;255255000
vpja05;3;602;755;-542,2;368;153;255
vpja05;3;833;1179;-396,1;-244,3;346;255000
vpja05;3;1196;1346;-415;-243,4;150;255000
vpja05;3;1431;1739;-492;375;308;255
vpja05;3;1761;2021;-490,7;329,6;260;255
vpja05;3;2040;3441;-488,2;280,8;1401;255
vpja05;3;3472;3534;-419,6;303,9;62;0
vpja05;3;3589;3728;35,7;226,2;139;255255000
vpja05;3;3753;3999;84,0999999999999;193,3;246;255255000
vpja05;3;4023;4324;111,4;185,3;301;255255000
vpja05;3;4375;4499;107,8;9,39999999999998;124;0
vpja05;3;4539;4794;273,7;-48;255;0
vpja05;3;4852;5139;395,6;-183,3;287;0
vpja05;3;5155;5431;407,6;-192,9;276;0
vpja05;3;5531;5731;-493,2;-270,6;200;255000
vpja05;3;5768;6262;-398,7;-260,7;494;255000
vpja05;3;6277;6475;-398,2;-245,9;198;255000
vpja05;3;6490;6804;-408,8;-262,7;314;255000
vpja05;3;6881;7224;-510,6;340,5;343;255
vpja05;3;7240;7525;-487,9;310,4;285;255
vpja05;3;7532;7765;-487,6;299,5;233;255
vpja05;3;7774;8190;-498,2;287;416;255
vpja05;3;8209;8380;-506,9;263,5;171;255
vpja05;3;8427;8722;-331,8;181,8;295;0
vpja05;3;8761;8897;-423,1;221,2;136;0
vpja05;3;9184;9280;-490,7;398,4;96;255
vpja05;3;9338;9491;-247,5;335;153;0
vpja05;3;9536;9772;-460,7;357,4;236;255
vpja05;3;9798;10000;-507,5;325,5;202;255
vpja05;4;230;350;-11,1763066202092;-237,057142857143;120;255000
vpja05;4;386;744;-36,2763066202091;-311,857142857143;358;255000
vpja05;4;912;1003;-31,6763066202092;-309,757142857143;91;255000
vpja05;4;1078;1421;-528,976306620209;124,342857142857;343;255
vpja05;4;1463;1951;-549,376306620209;216,942857142857;488;255
vpja05;4;1975;2253;-535,076306620209;282,242857142857;278;255
vpja05;4;2288;2493;-406,676306620209;344,842857142857;205;0
vpja05;4;2528;2933;-463,176306620209;379,042857142857;405;255
vpja05;4;2951;3124;-462,376306620209;355,642857142857;173;255
vpja05;4;3176;3436;-193,476306620209;402,542857142857;260;0
vpja05;4;3486;3690;13,2236933797909;362,342857142857;204;0
vpja05;4;3730;4020;177,823693379791;303,442857142857;290;255255000
vpja05;4;4041;4363;215,923693379791;305,142857142857;322;255255000
vpja05;4;4388;4670;242,723693379791;237,942857142857;282;2,55e+08
vpja05;4;4696;4898;262,123693379791;161,042857142857;202;2,55e+08
vpja05;4;4937;5260;375,823693379791;219,442857142857;323;0
vpja05;4;5302;5431;430,823693379791;144,242857142857;129;0
vpja05;4;5517;5774;-283,676306620209;-195,457142857143;257;0
vpja05;4;5816;6305;-292,176306620209;-274,657142857143;489;0
vpja05;4;6358;6587;-70,7763066202091;-310,557142857143;229;0
vpja05;4;6610;6831;-21,9763066202091;-307,357142857143;221;255000
vpja05;4;6845;7074;-43,6763066202092;-312,057142857143;229;255000
vpja05;4;7090;7284;-66,4763066202091;-314,357142857143;194;255000
vpja05;4;7358;7571;-467,176306620209;30,0428571428572;213;0
vpja05;4;7632;7846;-82,7763066202091;114,742857142857;214;2,55e+08
vpja05;4;7883;8029;-158,776306620209;202,342857142857;146;2,55e+08
vpja05;4;8089;8246;-434,976306620209;218,342857142857;157;0
vpja05;4;8270;8610;-462,076306620209;191,842857142857;340;255
vpja05;4;8648;9038;-528,376306620209;252,142857142857;390;255
vpja05;4;9058;9443;-506,076306620209;207,042857142857;385;255
vpja05;4;9633;9836;-471,076306620209;429,342857142857;203;0
vpja05;4;9888;10000;-260,376306620209;385,542857142857;112;0
vpja05;5;252;450;-64,3;-199,7;198;255000
vpja05;5;472;858;-82,3;-245,2;386;255000
vpja05;5;871;1247;-55,3;-234;376;255000
vpja05;5;1274;1415;-83,9;-202,5;141;255000
vpja05;5;1472;1728;-115,9;170,2;256;2,55e+08
vpja05;5;1762;1998;-55,6999999999999;265,9;236;255
vpja05;5;2028;2231;-18,1999999999999;204,1;203;2,55e+08
vpja05;5;2255;2439;27,4000000000001;194,4;184;2,55e+08
vpja05;5;2638;2659;-70,0999999999999;386,8;21;0
vpja05;5;2710;2796;-47,9;271;86;255
vpja05;5;2815;3268;-78,9;277,9;453;255
vpja05;5;3288;3866;-49,6999999999999;301,1;578;255
vpja05;5;3909;4059;108,8;286,1;150;0
vpja05;5;4107;4384;-60,5999999999999;300,5;277;255
vpja05;5;4394;4797;-50,4;297,4;403;255
vpja05;5;4855;4993;323,6;226,7;138;0
vpja05;5;5012;5405;348,2;193,6;393;255255000
vpja05;5;5425;5671;306,9;175,1;246;255255000
vpja05;5;5695;5938;377,4;203,8;243;255255000
vpja05;5;5946;6356;388;214,5;410;255255000
vpja05;5;6381;6730;313,1;193,6;349;255255000
vpja05;5;6773;6873;280,5;110,6;100;0
vpja05;5;6927;7159;-76,6999999999999;293,9;232;255
vpja05;5;7385;7615;-74,5999999999999;366,7;230;0
vpja05;5;7630;7839;-71,9;284,4;209;255
vpja05;5;7859;7981;-93,0999999999999;276;122;255
vpja05;5;8042;8420;-375,1;86,0999999999999;378;2,55e+08
vpja05;5;8451;8655;-476,2;39,0999999999999;204;0
vpja05;5;8678;8831;-512,8;16,3;153;0
vpja05;5;8913;9144;-429,6;-427,9;231;0
vpja05;5;9204;9331;-45,6999999999999;-408,8;127;255000
vpja05;5;9388;9590;268;-199,6;202;0
vpja05;5;9619;9843;284,4;-112,8;224;0
vpja05;5;9880;9999;388;-176,5;119;0
vpja05;6;213;336;-116,5;-147,3;123;255000
vpja05;6;359;748;-103,8;-187,2;389;255000
vpja05;6;797;1255;80,0999999999999;55,5;458;0
vpja05;6;1275;1634;80,9000000000001;82,5999999999999;359;255
vpja05;6;1686;1761;-294,7;112;75;0
vpja05;6;2075;2333;93;78,0999999999999;258;255
vpja05;6;2724;3131;57,4000000000001;60,0999999999999;407;0
vpja05;6;3252;3600;-314;105,9;348;0
vpja05;6;3619;3799;-329,1;120,6;180;0
vpja05;6;3847;3882;-309;116,4;35;0
vpja05;6;5049;5228;-132,5;-173,4;179;255000
vpja05;6;5251;5663;-109,8;-193,9;412;255000
vpja05;6;5681;5867;-99,2;-196,2;186;255000
vpja05;6;5910;6184;-126,1;-6;274;2,55e+08
vpja05;6;6220;6481;-36,7;12,9;261;2,55e+08
vpja05;6;6494;6646;-58,5;7,09999999999991;152;2,55e+08
vpja05;6;6696;6819;148,4;14;123;0
vpja05;6;6861;6987;277,2;-37,9000000000001;126;0
vpja05;6;7036;7254;89,2;82,6999999999999;218;255
vpja05;6;7272;7312;108;72,6999999999999;40;255
vpja05;6;7507;7573;101,7;95,5999999999999;66;255
vpja05;6;7609;7755;191,5;34;146;0
vpja05;6;7782;7920;255,6;-2,90000000000009;138;0
vpja05;6;7962;8212;93,8;55;250;0
vpja05;6;8231;8631;109,9;70;400;255
vpja05;6;8643;9100;90,3;74,9;457;255
vpja05;6;9137;9301;164,5;40,6999999999999;164;0
vpja05;6;9495;9594;217,6;-0,200000000000045;99;0
vpja05;6;9641;10000;85,5999999999999;83,6999999999999;359;255
vpja05;7;261;391;-464,7;-100,8;130;255000
vpja05;7;408;585;-472,9;-108,4;177;255000
vpja05;7;597;1048;-466,5;-118,9;451;255000
vpja05;7;1094;1326;-276,6;29,2;232;255255000
vpja05;7;1344;1470;-292,3;41,5;126;255255000
vpja05;7;1526;1604;2,10000000000002;45,5;78;255
vpja05;7;1781;2030;10,7;45,5;249;255
vpja05;7;2051;2350;-26;36;299;255
vpja05;7;2387;2588;93,9000000000001;124,2;201;255
vpja05;7;2626;2784;224,2;211,4;158;0
vpja05;7;2833;3074;53,1;156,9;241;0
vpja05;7;3145;3369;-176,9;-207,4;224;0
vpja05;7;3403;3634;-60,7;-216,3;231;0
vpja05;7;3653;3783;-19,5;-235,3;130;0
vpja05;7;3826;4051;24,6;-357,8;225;0
vpja05;7;4075;4304;72,0999999999999;-402,6;229;0
vpja05;7;4323;4516;46,2;-384,6;193;0
vpja05;7;4568;4932;-184,5;-227,6;364;0
vpja05;7;4979;5037;-266,4;-129,3;58;0
vpja05;7;5087;5210;-421,1;-73,2;123;0
vpja05;7;5231;5535;-437,1;-129,9;304;255000
vpja05;7;5584;5802;-258,8;100,6;218;255255000
vpja05;7;5852;6051;-408,8;283,9;199;0
vpja05;7;6102;6291;-560,8;424,6;189;0
vpja05;7;6552;6672;-286,3;88,7;120;255255000
vpja05;7;6689;7029;-283;55,1;340;255255000
vpja05;7;7049;7229;-279,3;26,2;180;255255000
vpja05;7;7255;7511;-266,8;-36,4;256;0
vpja05;7;7539;7834;-282,8;16;295;255255000
vpja05;7;7887;8254;-23,3;76,7;367;255
vpja05;7;8266;8432;-48;81,5;166;255
vpja05;7;8482;8661;98,5999999999999;103,5;179;255
vpja05;7;8681;8964;139,7;117,3;283;0
vpja05;7;8999;9231;16,4;76,2;232;255
vpja05;7;9440;9720;52;26,5;280;255
vpja05;7;9739;10000;21,6;47,5;261;255
vpja05;8;212;427;-8,07046263345194;-191,273309608541;215;255000
vpja05;8;440;734;-30,3704626334519;-195,573309608541;294;255000
vpja05;8;744;968;-42,1704626334518;-199,073309608541;224;255000
vpja05;8;987;1189;-21,8704626334519;-188,573309608541;202;255000
vpja05;8;1202;1405;-32,6704626334518;-179,173309608541;203;255000
vpja05;8;1451;1587;-257,770462633452;-170,073309608541;136;0
vpja05;8;1647;1862;-352,270462633452;143,126690391459;215;255
vpja05;8;1880;2098;-348,970462633452;126,326690391459;218;255
vpja05;8;2122;2426;-325,170462633452;124,426690391459;304;255
vpja05;8;2447;2716;-291,770462633452;115,326690391459;269;255
vpja05;8;2737;2995;-331,170462633452;143,726690391459;258;255
vpja05;8;3016;3255;-344,970462633452;187,226690391459;239;255
vpja05;8;3278;3725;-328,670462633452;128,026690391459;447;255
vpja05;8;3793;3898;93,3295373665482;147,426690391459;105;0
vpja05;8;3946;4248;245,529537366548;162,926690391459;302;255255000
vpja05;8;4260;4601;225,529537366548;169,726690391459;341;255255000
vpja05;8;4621;5194;240,929537366548;196,826690391459;573;255255000
vpja05;8;5201;6117;247,829537366548;186,826690391459;916;255255000
vpja05;8;6135;6294;269,629537366548;175,426690391459;159;255255000
vpja05;8;6338;6597;397,929537366548;55,5266903914591;259;0
vpja05;8;6650;6895;229,529537366548;96,126690391459;245;0
vpja05;8;6945;7303;92,8295373665482;-35,273309608541;358;2,55e+08
vpja05;8;7353;7551;-93,5704626334519;118,026690391459;198;2,55e+08
vpja05;8;7577;7982;-134,470462633452;151,626690391459;405;2,55e+08
vpja05;8;8022;8233;-295,470462633452;156,526690391459;211;255
vpja05;8;8254;9097;-322,670462633452;121,626690391459;843;255
vpja05;8;9115;9416;-314,670462633452;115,326690391459;301;255
vpja05;8;9467;9933;-138,470462633452;122,826690391459;466;2,55e+08
vpja05;9;233;372;-145,537883959044;-151,391467576792;139;2,55e+08
vpja05;9;398;631;-163,737883959044;-218,691467576792;233;255000
vpja05;9;641;963;-172,637883959044;-224,191467576792;322;255000
vpja05;9;970;1150;-163,837883959044;-219,891467576792;180;255000
vpja05;9;1225;1521;-422,337883959044;198,108532423208;296;0
vpja05;9;1548;1998;-445,237883959044;271,708532423208;450;255
vpja05;9;2020;2432;-419,237883959044;308,108532423208;412;255
vpja05;9;2466;2762;-490,837883959044;328,408532423208;296;255
vpja05;9;2792;3028;-526,437883959044;345,708532423208;236;255
vpja05;9;3057;3195;-423,837883959044;277,008532423208;138;255
vpja05;9;3246;3427;-457,137883959044;121,608532423208;181;0
vpja05;9;3445;3782;-479,537883959044;107,008532423208;337;0
vpja05;9;3793;4165;-475,937883959044;95,0085324232082;372;0
vpja05;9;4210;4520;-446,937883959044;288,608532423208;310;255
vpja05;9;4554;4922;-402,237883959044;344,208532423208;368;255
vpja05;9;4973;5142;-244,237883959044;314,408532423208;169;0
vpja05;9;5212;5299;195,462116040956;251,308532423208;87;0
vpja05;9;5347;5521;342,762116040956;116,508532423208;174;255255000
vpja05;9;5578;5794;336,862116040956;-13,7914675767918;216;255255000
vpja05;9;6054;6274;382,162116040956;259,608532423208;220;0
vpja05;9;6371;6454;-108,237883959044;-110,691467576792;83;2,55e+08
vpja05;9;6489;6770;-148,537883959044;-231,991467576792;281;255000
vpja05;9;6781;7085;-159,337883959044;-236,491467576792;304;255000
vpja05;9;7142;7651;-147,237883959044;82,4085324232082;509;2,55e+08
vpja05;9;7700;7830;-158,337883959044;-178,291467576792;130;2,55e+08
vpja05;9;7856;8077;-154,937883959044;-233,191467576792;221;255000
vpja05;9;8098;8409;-158,537883959044;-247,591467576792;311;255000
vpja05;9;8426;8808;-155,637883959044;-239,091467576792;382;255000
vpja05;9;8835;9024;-114,337883959044;-280,091467576792;189;255000
vpja05;9;9060;9420;-158,137883959044;-253,491467576792;360;255000
vpja05;9;9431;9667;-147,137883959044;-236,491467576792;236;255000
vpja05;9;9680;9940;-162,437883959044;-234,891467576792;260;255000
vpja05;10;191;416;52,5;-64,1;225;255000
vpja05;10;425;894;52,4000000000001;-49,4000000000001;469;255000
vpja05;10;941;1339;23,2;182,4;398;255
vpja05;10;1373;1585;91,7;174;212;255
vpja05;10;1607;1976;44,8000000000001;179,5;369;255
vpja05;10;1993;2221;12,6;182,1;228;255
vpja05;10;2268;2476;128,4;164,7;208;0
vpja05;10;2513;2698;50,9000000000001;188,4;185;255
vpja05;10;2719;3147;55,1;165,9;428;0
vpja05;10;3190;3333;135,2;163;143;0
vpja05;10;3384;3602;86,7;-46,2;218;255000
vpja05;10;3616;4011;59,6000000000001;-63,7;395;255000
vpja05;10;4064;4265;306,9;92,3;201;255255000
vpja05;10;4282;4510;280;72;228;255255000
vpja05;10;4527;4757;286,3;58,6999999999999;230;255255000
vpja05;10;4808;4942;110,3;-14;134;0
vpja05;10;5139;5322;314,2;55,6999999999999;183;0
vpja05;10;5339;5570;288,6;75,4;231;255255000
vpja05;10;5594;5798;304,8;71,3;204;0
vpja05;10;5821;5915;293,8;41,8;94;0
vpja05;10;5975;6126;200,8;-177,2;151;0
vpja05;10;6178;6370;22,4000000000001;-213;192;0
vpja05;10;6389;6955;-4,19999999999993;-211,8;566;0
vpja05;10;7002;7045;182,2;-150,5;43;0
vpja05;10;7091;7413;320,3;-161,6;322;0
vpja05;10;7439;7709;396,6;-175,9;270;0
vpja05;10;7727;7953;369,1;-167,7;226;0
vpja05;10;7968;8124;385,4;-186,3;156;0
vpja05;10;8214;8349;-450,5;-112,4;135;0
vpja05;10;8401;8527;-553,2;30,1999999999999;126;0
vpja05;10;8573;8771;-576,5;168,3;198;0
vpja05;10;8797;9098;-564,2;152,4;301;0
vpja05;10;9142;9363;-533,2;324,3;221;0
vpja05;10;9433;9795;-5,29999999999995;110,3;362;2,55e+08
vpja05;10;9824;10000;54,2;24;176;2,55e+08
vpja05;11;212;331;-112,468259385666;-214,676450511945;119;255000
vpja05;11;355;624;-135,468259385666;-284,176450511945;269;255000
vpja05;11;638;967;-125,468259385666;-304,176450511945;329;255000
vpja05;11;1011;1112;-11,7682593856657;-259,776450511945;101;255000
vpja05;11;1150;1260;-105,968259385666;-296,676450511945;110;255000
vpja05;11;1341;1397;-111,868259385666;-310,176450511945;56;255000
vpja05;11;1559;1888;-113,868259385666;-322,776450511945;329;255000
vpja05;11;1913;2278;-104,568259385666;-279,276450511945;365;255000
vpja05;11;2368;2586;-402,968259385666;323,223549488055;218;255
vpja05;11;2605;2792;-440,568259385666;329,023549488055;187;255
vpja05;11;2817;3278;-482,868259385666;374,523549488055;461;255
vpja05;11;3301;3640;-430,468259385666;333,523549488055;339;255
vpja05;11;3652;4314;-451,668259385666;330,023549488055;662;255
vpja05;11;4327;4934;-436,668259385666;310,923549488055;607;255
vpja05;11;5003;5124;196,731740614334;283,723549488055;121;0
vpja05;11;5151;5323;282,731740614334;284,423549488055;172;255255000
vpja05;11;5345;5638;264,031740614334;258,423549488055;293;0
vpja05;11;5666;5973;315,731740614334;311,923549488055;307;0
vpja05;11;6031;6159;313,131740614334;93,3235494880546;128;0
vpja05;11;6205;6429;280,931740614334;-28,4764505119455;224;0
vpja05;11;6446;6584;263,931740614334;-46,6764505119454;138;0
vpja05;11;6635;6840;462,131740614334;22,9235494880546;205;0
vpja05;11;6875;7090;533,431740614334;-1,6764505119454;215;0
vpja05;11;7171;7403;459,031740614334;-356,776450511945;232;0
vpja05;11;7420;7691;487,131740614334;-353,076450511945;271;0
vpja05;11;7718;7975;451,231740614334;-449,776450511945;257;0
vpja05;11;8054;8329;-130,868259385666;-322,476450511945;275;255000
vpja05;11;8374;8558;-252,268259385666;-298,476450511945;184;0
vpja05;11;8602;9484;-360,168259385666;-253,576450511945;882;0
vpja05;11;9517;9641;-425,068259385666;-260,876450511945;124;0
vpja05;11;9697;9921;-121,368259385666;-313,676450511945;224;255000
vpja05;11;9952;10000;-91,5682593856657;-316,276450511945;48;255000
vpja05;12;103;198;4,81276595744669;-11,6340425531915;95;2,55e+08
vpja05;12;258;428;-5,48723404255327;-237,734042553192;170;255000
vpja05;12;448;840;-36,4872340425533;-258,334042553192;392;255000
vpja05;12;859;1071;-14,1872340425533;-245,534042553192;212;255000
vpja05;12;1082;1394;-27,1872340425533;-239,534042553192;312;255000
vpja05;12;1406;1571;-24,0872340425533;-257,134042553192;165;255000
vpja05;12;1582;1784;-37,9872340425533;-265,734042553192;202;255000
vpja05;12;1802;1880;-57,4872340425533;-251,534042553192;78;255000
vpja05;12;1936;2191;-318,187234042553;33,7659574468084;255;0
vpja05;12;2248;2501;-382,787234042553;261,665957446809;253;255
vpja05;12;2520;2794;-380,887234042553;236,165957446809;274;255
vpja05;12;2831;3046;-341,687234042553;215,965957446808;215;255
vpja05;12;3092;3214;-187,787234042553;150,865957446808;122;0
vpja05;12;3408;3429;-272,987234042553;144,665957446809;21;0
vpja05;12;3467;3660;-340,287234042553;179,865957446808;193;0
vpja05;12;3694;3955;-389,587234042553;239,665957446809;261;255
vpja05;12;3965;4723;-386,087234042553;230,665957446809;758;255
vpja05;12;4804;4978;370,412765957447;226,565957446809;174;255255000
vpja05;12;5002;5158;404,612765957447;209,565957446809;156;255255000
vpja05;12;5175;5461;405,312765957447;187,665957446809;286;255255000
vpja05;12;5488;5880;407,212765957447;256,565957446809;392;255255000
vpja05;12;5900;6202;400,512765957447;292,665957446809;302;255255000
vpja05;12;6217;6840;402,012765957447;270,465957446808;623;255255000
vpja05;12;6923;7097;-399,687234042553;283,765957446808;174;255
vpja05;12;7126;7216;-411,787234042553;261,665957446809;90;255
vpja05;12;7379;7405;-413,487234042553;224,065957446809;26;255
vpja05;12;7554;7686;-409,387234042553;224,465957446808;132;255
vpja05;12;7769;7996;-41,4872340425533;-242,834042553192;227;255000
vpja05;12;8028;8574;-9,28723404255322;-262,534042553192;546;255000
vpja05;12;8596;8880;14,2127659574468;-267,634042553192;284;255000
vpja05;12;8900;9056;-13,4872340425533;-266,734042553192;156;255000
vpja05;12;9089;9298;65,0127659574467;-339,634042553192;209;255000
vpja05;12;9334;9437;164,112765957447;-378,234042553192;103;0
vpja05;12;9480;9828;294,812765957447;-434,134042553192;348;0
vpja05;12;9903;10000;409,312765957447;36,8659574468085;97;0
vpja05;13;39;178;-4,19999999999993;-10,1999999999999;139;2,55e+08
vpja05;13;240;294;-12,1999999999999;-225,5;54;2,55e+08
vpja05;13;341;664;-16,1999999999999;-305;323;255000
vpja05;13;678;953;-24,0999999999999;-281,9;275;255000
vpja05;13;965;1574;-6,39999999999998;-300,1;609;255000
vpja05;13;1627;1891;-14,5999999999999;-119;264;2,55e+08
vpja05;13;1910;2498;-38,5;-94,3;588;255
vpja05;13;2533;2741;-94,4;-22;208;2,55e+08
vpja05;13;2765;3004;-49,3;-17,0999999999999;239;255
vpja05;13;3026;3372;-38,0999999999999;-75,9;346;255
vpja05;13;3424;3700;-222,4;-11,6999999999999;276;255255000
vpja05;13;3710;4025;-235;-7,59999999999991;315;255255000
vpja05;13;4077;4133;-45,6999999999999;-43,8;56;255
vpja05;13;4329;4789;-40,0999999999999;-76,5999999999999;460;255
vpja05;13;4838;4938;54,4000000000001;-70,5999999999999;100;2,55e+08
vpja05;13;4971;5184;-23,5999999999999;-73,3;213;255
vpja05;13;5245;5445;332,9;-46,5;200;0
vpja05;13;5488;5797;411;-39,3;309;0
vpja05;13;5821;6130;336,4;-33,5999999999999;309;0
vpja05;13;6158;6420;329,6;25,1;262;0
vpja05;13;6435;6564;342,3;32,5;129;0
vpja05;13;6605;6899;202,4;-32,6999999999999;294;0
vpja05;13;6919;7054;231,8;-34,3;135;0
vpja05;13;7117;7347;17,7;312,2;230;2,55e+08
vpja05;13;7404;7598;-263,5;262,6;194;0
vpja05;13;7653;7941;-342,2;442,5;288;0
vpja05;13;7961;8063;-323,3;418,9;102;0
vpja05;13;8140;8321;-600,9;136,7;181;0
vpja05;13;8382;8515;-608,7;5,10000000000002;133;0
vpja05;13;8565;8751;-582;-222;186;0
vpja05;13;8821;8938;-82,4;-298,2;117;0
vpja05;13;8976;9689;-4,39999999999998;-294,7;713;255000
vpja05;13;9751;9926;393,8;-222;175;0
vpja05;13;9946;10000;382,9;-234,9;54;0
vpja05;14;197;267;48,5972125435541;-215,88362369338;70;2,55e+08
vpja05;14;292;500;47,6972125435541;-280,58362369338;208;255000
vpja05;14;512;795;39,497212543554;-293,08362369338;283;255000
vpja05;14;857;1123;-124,602787456446;-75,3836236933797;266;0
vpja05;14;1158;1358;-25,9027874564459;-68,5836236933798;200;2,55e+08
vpja05;14;1399;1564;-156,002787456446;48,8163763066202;165;255
vpja05;14;1613;1883;-278,902787456446;83,7163763066202;270;0
vpja05;14;1922;2193;-190,202787456446;71,2163763066202;271;255
vpja05;14;2206;2454;-217,202787456446;69,5163763066203;248;255
vpja05;14;2500;2749;-128,102787456446;25,4163763066202;249;255
vpja05;14;2766;2854;-154,602787456446;33,8163763066202;88;255
vpja05;14;2917;3109;281,597212543554;64,9163763066202;192;0
vpja05;14;3155;3769;411,497212543554;76,5163763066203;614;255255000
vpja05;14;3788;4029;376,997212543554;88,4163763066202;241;255255000
vpja05;14;4043;4343;393,597212543554;85,0163763066203;300;255255000
vpja05;14;4364;4616;412,797212543554;106,81637630662;252;255255000
vpja05;14;4635;4867;432,697212543554;79,5163763066203;232;255255000
vpja05;14;4891;4911;448,197212543554;13,3163763066202;20;0
vpja05;14;5169;5940;447,797212543554;-4,68362369337979;771;0
vpja05;14;6022;6345;-136,302787456446;8,91637630662024;323;0
vpja05;14;6368;6536;-175,002787456446;21,6163763066203;168;0
vpja05;14;6567;6828;-268,802787456446;13,6163763066203;261;0
vpja05;14;6899;7063;37,2972125435541;-267,08362369338;164;255000
vpja05;14;7097;7399;51,8972125435541;-306,68362369338;302;255000
vpja05;14;7411;7571;59,0972125435542;-289,18362369338;160;255000
vpja05;14;7600;7772;78,1972125435541;-218,58362369338;172;2,55e+08
vpja05;14;7784;8350;70,497212543554;-231,48362369338;566;2,55e+08
vpja05;14;8374;8612;55,497212543554;-287,48362369338;238;255000
vpja05;14;8628;9269;58,1972125435541;-306,58362369338;641;255000
vpja05;14;9336;9534;-339,902787456446;-84,8836236933797;198;0
vpja05;14;9567;9912;-300,402787456446;-12,1836236933798;345;0
vpja05;14;9959;10000;-493,002787456446;155,41637630662;41;0
vpja05;15;228;306;32,7424460431655;-216,618705035971;78;2,55e+08
vpja05;15;363;1201;16,7424460431655;-345,618705035971;838;255000
vpja05;15;1244;1413;50,1424460431655;-225,218705035971;169;2,55e+08
vpja05;15;1469;1644;34,3424460431655;-347,718705035971;175;255000
vpja05;15;1660;1922;17,0424460431655;-343,418705035971;262;255000
vpja05;15;1988;2321;37,6424460431655;-11,6187050359713;333;2,55e+08
vpja05;15;2373;2708;-321,357553956835;128,881294964029;335;255
vpja05;15;2740;2956;-281,057553956834;183,081294964029;216;255
vpja05;15;2975;3171;-257,157553956834;165,681294964029;196;255
vpja05;15;3208;3394;-361,257553956834;119,481294964029;186;255
vpja05;15;3453;3645;-39,7575539568345;167,981294964029;192;0
vpja05;15;3670;4043;4,84244604316552;172,981294964029;373;0
vpja05;15;4278;4411;-352,157553956834;161,181294964029;133;255
vpja05;15;4453;4564;-389,757553956834;70,5812949640286;111;255
vpja05;15;4636;4778;-429,557553956834;-190,818705035971;142;0
vpja05;15;4803;5050;-441,157553956834;-259,818705035971;247;0
vpja05;15;5090;5261;-430,457553956835;-350,818705035971;171;0
vpja05;15;5353;5544;274,942446043166;185,481294964029;191;255255000
vpja05;15;5589;5761;354,242446043166;261,581294964029;172;255255000
vpja05;15;5787;6223;374,242446043166;295,981294964029;436;255255000
vpja05;15;6249;6520;361,542446043165;228,781294964029;271;255255000
vpja05;15;6539;6794;329,542446043165;213,681294964029;255;255255000
vpja05;15;6821;6989;339,442446043166;120,081294964029;168;0
vpja05;15;7017;7139;405,942446043166;29,4812949640287;122;0
vpja05;15;7193;7438;486,142446043166;-119,218705035971;245;0
vpja05;15;7462;7671;459,542446043165;-181,618705035971;209;0
vpja05;15;7705;7950;374,642446043166;-111,218705035971;245;0
vpja05;15;8011;8234;115,742446043166;-383,818705035971;223;0
vpja05;15;8256;8424;160,942446043166;-398,918705035971;168;0
vpja05;15;8475;8650;34,7424460431655;-338,718705035971;175;255000
vpja05;15;8668;8835;8,44244604316555;-334,518705035971;167;255000
vpja05;15;8886;9048;-113,057553956834;-274,018705035971;162;0
vpja05;15;9078;9179;-172,757553956834;-199,618705035971;101;0
vpja05;15;9234;9404;41,1424460431655;-351,618705035971;170;255000
vpja05;15;9422;9909;14,8424460431655;-342,018705035971;487;255000
vpja05;15;9965;9999;-195,657553956834;-56,2187050359713;34;0
vpja05;16;206;364;-120,1;-101,6;158;255000
vpja05;16;383;1194;-135;-121,8;811;255000
vpja05;16;1210;1452;-121,7;-117;242;255000
vpja05;16;1509;1773;122,5;87,5;264;255
vpja05;16;1823;2060;-112;177,4;237;2,55e+08
vpja05;16;2108;2196;-4,10000000000002;124,8;88;0
vpja05;16;2490;2989;157;81;499;255
vpja05;16;3009;3200;195,4;94,7;191;255
vpja05;16;3217;3532;219;82,3000000000001;315;255
vpja05;16;3553;3849;178,9;86,3000000000001;296;255
vpja05;16;3872;4082;129;76,9;210;255
vpja05;16;4147;4257;-425,2;152,2;110;255255000
vpja05;16;4334;4673;55,6;135,4;339;0
vpja05;16;4707;4867;103,5;173,3;160;0
vpja05;16;4948;5234;-476,3;161,3;286;255255000
vpja05;16;5255;5642;-455,4;133,5;387;255255000
vpja05;16;5673;5863;-361,1;85,4;190;0
vpja05;16;5929;6068;-163;-124,4;139;0
vpja05;16;6100;6425;-132,7;-130;325;255000
vpja05;16;6483;6803;-416,9;107,3;320;0
vpja05;16;7021;7280;-421,1;138,3;259;255255000
vpja05;16;7295;7620;-452,7;139,7;325;255255000
vpja05;16;7664;7883;-375,4;162,7;219;0
vpja05;16;7909;8166;-307,1;195,2;257;0
vpja05;16;8224;8357;-308,8;66,3000000000001;133;0
vpja05;16;8417;8560;-396,5;-106,7;143;0
vpja05;16;8617;8768;-415,5;-358,4;151;0
vpja05;16;8823;9157;-100,4;-391,4;334;0
vpja05;16;9227;9432;308,1;-73,4;205;0
vpja05;16;9465;9613;294,1;-28,1999999999999;148;0
vpja05;16;9632;9929;307,7;-3,69999999999993;297;0
vpja05;16;9959;10000;303,9;43,2;41;0
vpja05;17;210;344;-303,197074572784;-84,2976552658515;134;255000
vpja05;17;374;1201;-389,297074572784;-32,8976552658515;827;255000
vpja05;17;1217;1479;-393,797074572784;5,10234473414846;262;2,55e+08
vpja05;17;1495;1628;-371,397074572785;7,00234473414844;133;2,55e+08
vpja05;17;1641;1747;-391,497074572784;-2,49765526585156;106;2,55e+08
vpja05;17;1761;1914;-410,997074572784;5,00234473414844;153;2,55e+08
vpja05;17;4135;4467;-325,997074572784;389,302344734149;332;255
vpja05;17;4480;4801;-326,997074572784;420,002344734148;321;255
vpja05;17;5593;5771;177,902925427215;190,602344734148;178;255255000
vpja05;17;5797;6319;202,502925427216;176,302344734149;522;255255000
vpja05;17;6334;6519;215,002925427216;164,002344734148;185;255255000
vpja05;17;6547;6798;217,502925427216;59,1023447341485;251;0
vpja05;17;6830;7049;176,002925427216;149,102344734148;219;255255000
vpja05;17;7096;7335;224,102925427215;8,60234473414846;239;0
vpja05;17;7357;7533;189,702925427216;-7,89765526585154;176;0
vpja05;17;7587;7817;-75,1970745727845;-59,5976552658515;230;0
vpja05;17;7853;8055;-224,397074572785;-67,4976552658516;202;0
vpja05;17;8069;8278;-245,197074572784;-79,1976552658515;209;0
vpja05;17;8330;8577;-520,797074572784;-100,997655265852;247;0
vpja05;17;8601;8773;-453,297074572784;-96,7976552658515;172;0
vpja05;17;8809;9019;-388,897074572785;-62,7976552658515;210;255000
vpja05;17;9035;9238;-383,797074572784;-41,2976552658515;203;255000
vpja05;17;9297;9450;-611,697074572784;-107,697655265851;153;0
vpja05;17;9500;9739;-390,897074572785;-34,7976552658515;239;255000
vpja05;17;9758;10000;-374,297074572784;-7,99765526585156;242;255000
vpja05;18;174;244;-11,6;-86;70;2,55e+08
vpja05;18;291;413;-5,10000000000002;-233;122;255000
vpja05;18;439;941;-14,6;-269,8;502;255000
vpja05;18;951;1508;6;-282,4;557;255000
vpja05;18;1581;1826;268,5;64,6;245;255
vpja05;18;1845;2109;278,2;64;264;255
vpja05;18;2120;2593;270,2;65,4;473;255
vpja05;18;2640;2813;527,4;89,1999999999999;173;0
vpja05;18;2863;3066;347,5;76;203;0
vpja05;18;3099;3299;273,4;76,9;200;255
vpja05;18;3547;3670;272,3;63,8;123;255
vpja05;18;3688;3903;256,9;62,1999999999999;215;255
vpja05;18;3920;4137;271,9;54,8;217;255
vpja05;18;4178;4316;419,9;22,3;138;0
vpja05;18;4341;4482;492,6;-15,2;141;0
vpja05;18;4533;5049;314,9;0,299999999999955;516;0
vpja05;18;5087;5327;249,5;60,4;240;255
vpja05;18;5343;5574;279,6;58,8;231;255
vpja05;18;5583;6070;290,3;55,5;487;255
vpja05;18;6103;6194;239,2;70;91;255
vpja05;18;6276;6543;-364,4;133,2;267;255255000
vpja05;18;6567;7175;-353,3;124,8;608;255255000
vpja05;18;7198;7521;-396,2;166,2;323;0
vpja05;18;7546;7802;-351,7;141,6;256;255255000
vpja05;18;7824;7960;-304,2;124,1;136;0
vpja05;18;8012;8184;-52,8000000000001;11,9;172;2,55e+08
vpja05;18;8251;8378;11,6;-168,2;127;2,55e+08
vpja05;18;8423;8483;244,7;-181,8;60;0
vpja05;18;8540;8726;525,8;-156,5;186;0
vpja05;18;8924;9120;515,1;-66,7;196;0
vpja05;18;9169;9355;508,5;-173,2;186;0
vpja05;18;9384;9655;556,7;-228,5;271;0
vpja05;18;9680;9941;527,8;-300,5;261;0
vpja05;18;9962;10000;554,9;-341,1;38;0
vpja05;19;200;320;31,4029254272156;-224,497655265852;120;255000
vpja05;19;345;1012;-2,19707457278446;-265,397655265852;667;255000
vpja05;19;1025;1263;-2,09707457278444;-284,497655265852;238;255000
vpja05;19;1281;1564;29,4029254272156;-281,297655265852;283;255000
vpja05;19;1663;1887;-299,697074572784;111,302344734149;224;255
vpja05;19;1911;2154;-326,697074572784;135,602344734148;243;255
vpja05;19;2175;2383;-312,997074572784;129,202344734148;208;255
vpja05;19;2422;2572;-408,897074572785;177,502344734148;150;0
vpja05;19;2619;2848;-312,597074572784;141,702344734148;229;255
vpja05;19;2858;3263;-323,597074572784;138,002344734148;405;255
vpja05;19;3332;3450;165,902925427215;137,602344734148;118;0
vpja05;19;3494;3994;280,602925427215;143,002344734148;500;255255000
vpja05;19;4013;4309;326,902925427215;143,702344734148;296;255255000
vpja05;19;4332;4643;285,102925427215;143,102344734148;311;0
vpja05;19;4718;4918;-312,397074572785;146,602344734148;200;255
vpja05;19;4933;5571;-340,497074572784;145,102344734148;638;255
vpja05;19;5596;5855;-297,897074572785;135,902344734149;259;0
vpja05;19;5872;6093;-317,597074572784;128,702344734148;221;255
vpja05;19;6112;6359;-289,597074572784;103,902344734149;247;0
vpja05;19;6383;6673;-294,297074572784;93,5023447341484;290;0
vpja05;19;6701;6972;-334,297074572784;126,002344734148;271;255
vpja05;19;7037;7072;-41,3970745727845;40,7023447341485;35;2,55e+08
vpja05;19;7301;7552;1,20292542721552;-16,1976552658515;251;2,55e+08
vpja05;19;7577;7773;25,2029254272155;-28,6976552658515;196;2,55e+08
vpja05;19;7822;8204;13,5029254272156;-278,797655265852;382;255000
vpja05;19;8225;8620;-0,097074572784436;-258,497655265852;395;255000
vpja05;19;8635;8782;26,9029254272156;-261,297655265852;147;255000
vpja05;19;8855;9043;263,002925427216;120,902344734149;188;0
vpja05;19;9068;9224;319,702925427216;150,102344734148;156;255255000
vpja05;19;9242;9517;335,102925427215;132,002344734148;275;255255000
vpja05;19;9534;9733;349,902925427215;107,902344734149;199;0
vpja05;20;211;305;10,577738515901;-178,837102473498;94;2,55e+08
vpja05;20;334;989;4,97773851590102;-257,037102473498;655;255000
vpja05;20;1048;1285;269,277738515901;136,962897526502;237;255
vpja05;20;1315;1499;343,077738515901;144,762897526502;184;255
vpja05;20;1726;1870;373,377738515901;147,862897526502;144;255
vpja05;20;1882;2507;368,277738515901;117,462897526502;625;255
vpja05;20;2543;2768;257,577738515901;122,762897526502;225;255
vpja05;20;2807;3070;370,977738515901;141,462897526502;263;255
vpja05;20;3084;3330;379,777738515901;123,962897526502;246;255
vpja05;20;3346;3652;360,577738515901;115,062897526502;306;255
vpja05;20;3659;3695;351,077738515901;127,862897526502;36;255
vpja05;20;3770;3898;-130,422261484099;142,462897526502;128;0
vpja05;20;3960;4212;313,777738515901;146,562897526502;252;255
vpja05;20;4229;4614;340,777738515901;148,962897526502;385;255
vpja05;20;4693;5058;-240,322261484099;165,362897526502;365;255255000
vpja05;20;5075;5595;-257,522261484099;152,562897526502;520;255255000
vpja05;20;5691;5824;-17,622261484099;-226,337102473498;133;255000
vpja05;20;5849;6093;17,1777385159011;-249,537102473498;244;255000
vpja05;20;6150;6713;-264,422261484099;-68,7371024734982;563;0
vpja05;20;6760;6996;-276,122261484099;162,462897526502;236;0
vpja05;20;7019;7467;-237,522261484099;153,262897526502;448;255255000
vpja05;20;7539;7706;144,577738515901;188,762897526502;167;0
vpja05;20;7743;8134;73,4777385159011;154,462897526502;391;0
vpja05;20;8161;8427;150,377738515901;138,862897526502;266;255
vpja05;20;8438;9130;140,977738515901;131,362897526502;692;255
vpja05;20;9151;9476;162,777738515901;115,662897526502;325;255
vpja05;20;9527;9728;334,077738515901;132,962897526502;201;255
vpja05;20;9971;10000;376,377738515901;99,3628975265018;29;0
vpja05;21;213;319;-198,2;-190,3;106;2,55e+08
vpja05;21;348;698;-221,5;-258;350;255000
vpja05;21;728;920;-240,3;-198,7;192;2,55e+08
vpja05;21;945;1385;-217,9;-255,4;440;255000
vpja05;21;1445;1764;-174;170,6;319;2,55e+08
vpja05;21;1821;1974;-105,5;327,6;153;255
vpja05;21;1993;2165;-95,6;288;172;255
vpja05;21;2201;2516;-93,8000000000001;184,7;315;2,55e+08
vpja05;21;2539;2805;-80,6;193,8;266;0
vpja05;21;2845;3027;-105,9;311,6;182;255
vpja05;21;3043;3342;-109,5;287,1;299;255
vpja05;21;3365;3577;-137,6;305,8;212;255
vpja05;21;3593;3824;-119,5;307,9;231;255
vpja05;21;3884;4211;-433,8;317,2;327;255255000
vpja05;21;4265;4473;-176,7;331,3;208;0
vpja05;21;4535;4759;-485,7;308,6;224;255255000
vpja05;21;4785;5152;-444;300,9;367;255255000
vpja05;21;5266;5408;-252,3;-231,2;142;0
vpja05;21;5434;5806;-218,5;-258,7;372;255000
vpja05;21;5822;6162;-214,1;-292,7;340;255000
vpja05;21;6183;6426;-215,4;-264,1;243;255000
vpja05;21;6473;6981;-46,6;-238,7;508;0
vpja05;21;7000;7396;-50,4000000000001;-198,4;396;0
vpja05;21;7409;7688;-44,7;-178,6;279;0
vpja05;21;7707;7964;-44,4000000000001;-215,2;257;0
vpja05;21;7980;8225;-46,5000000000001;-238,2;245;0
vpja05;21;8415;8586;-257,8;314,2;171;0
vpja05;21;8645;8991;-489,1;315,8;346;255255000
vpja05;21;9017;9335;-427;314,5;318;255255000
vpja05;21;9395;9710;-111,9;316,3;315;255
vpja05;21;9766;10000;-447;308,4;234;255255000
vpja05;22;19;195;12,5900343642612;-8,47422680412365;176;255255000
vpja05;22;252;375;-69,9099656357388;-170,974226804124;123;255000
vpja05;22;396;1226;-97,7099656357389;-181,874226804124;830;255000
vpja05;22;1276;1675;-244,009965635739;105,625773195876;399;2,55e+08
vpja05;22;1731;2173;-438,709965635739;98,3257731958763;442;255
vpja05;22;2194;2411;-497,509965635739;101,525773195876;217;255
vpja05;22;2438;2740;-427,009965635739;100,225773195876;302;255
vpja05;22;2751;3142;-412,309965635739;97,1257731958763;391;255
vpja05;22;3177;3667;-512,909965635739;93,0257731958764;490;255
vpja05;22;3692;3918;-412,209965635739;101,825773195876;226;255
vpja05;22;3942;4258;-397,809965635739;93,7257731958763;316;255
vpja05;22;4277;4568;-450,809965635739;96,2257731958763;291;255
vpja05;22;4588;4736;-471,609965635739;114,725773195876;148;255
vpja05;22;4775;4932;-536,309965635739;274,725773195876;157;0
vpja05;22;4963;5298;-493,309965635739;214,725773195876;335;0
vpja05;22;5344;5682;-345,009965635739;284,425773195876;338;2,55e+08
vpja05;22;5735;5858;-460,009965635739;133,125773195876;123;255
vpja05;22;5984;6151;-458,809965635739;52,5257731958764;167;255
vpja05;22;6176;6453;-476,409965635739;48,3257731958763;277;0
vpja05;22;6470;6822;-449,409965635739;60,1257731958763;352;255
vpja05;22;6840;7290;-470,109965635739;58,5257731958764;450;0
vpja05;22;7306;7577;-449,809965635739;68,1257731958763;271;255
vpja05;22;7641;7891;-44,7099656357389;77,6257731958763;250;255255000
vpja05;22;7911;8191;-29,5099656357388;52,7257731958763;280;255255000
vpja05;22;8236;8593;-33,4099656357388;167,425773195876;357;255255000
vpja05;22;8613;8979;2,69003436426112;179,225773195876;366;255255000
vpja05;22;9007;9084;-12,4099656357388;224,925773195876;77;0
vpja05;22;9142;9320;358,590034364261;20,7257731958763;178;0
vpja05;22;9357;9564;464,590034364261;-39,1742268041237;207;0
vpja05;22;9602;9829;583,790034364261;-74,4742268041236;227;0
vpja05;22;9883;10000;317,390034364261;93,6257731958763;117;0
vpja05;23;188;383;134,9;-100,6;195;255000
vpja05;23;398;649;127,6;-111,9;251;255000
vpja05;23;1075;1175;153,5;-128,5;100;255000
vpja05;23;1200;1547;130;-111,1;347;255000
vpja05;23;1554;1726;131,4;-116,8;172;255000
vpja05;23;1775;2115;-41,8;-245,2;340;0
vpja05;23;2148;2304;63,3;-175,9;156;0
vpja05;23;2335;2509;99,8;-150,7;174;255000
vpja05;23;2580;2912;-379,4;-87,4;332;0
vpja05;23;2981;4280;-198,8;265;1299;255
vpja05;23;4500;4637;276,3;386,7;137;0
vpja05;23;4685;5020;384,4;398,8;335;255255000
vpja05;23;5253;5332;409,2;544,5;79;NA
vpja05;23;5357;5481;391,5;434,4;124;255255000
vpja05;23;5493;5744;379,1;422,6;251;255255000
vpja05;23;5767;6053;351,4;335,3;286;255255000
vpja05;23;6069;6402;324,2;334,2;333;255255000
vpja05;23;6435;6605;396,6;390,3;170;255255000
vpja05;23;6622;6854;418,4;382,6;232;255255000
vpja05;23;6867;7022;432,9;393,9;155;255255000
vpja05;23;7065;7238;394,2;240,1;173;0
vpja05;23;7258;7514;386,7;199,7;256;0
vpja05;23;7539;7885;431,3;248,5;346;0
vpja05;23;7952;8241;131,2;-124,9;289;255000
vpja05;23;8251;8630;120,5;-116,8;379;255000
vpja05;23;8682;8974;-98,8;-266,7;292;0
vpja05;23;9023;9306;-365,7;-283,7;283;0
vpja05;23;9352;9481;-199,6;-238,7;129;0
vpja05;23;9523;9823;-342,2;-374,9;300;0
vpja05;23;9873;10000;-423,3;-301,7;127;0
vpja05;24;207;337;-54,3;-53,9;130;2,55e+08
vpja05;24;393;598;-299,6;66,5;205;0
vpja05;24;619;760;-315,7;95,2;141;255
vpja05;24;1005;1127;-82;-174,9;122;255000
vpja05;24;1147;1754;-96,3;-171,1;607;255000
vpja05;24;1778;1976;-82,3;-152,5;198;255000
vpja05;24;1995;2299;-87,5999999999999;-157,1;304;255000
vpja05;24;2319;2545;-77,0999999999999;-153,5;226;255000
vpja05;24;2558;2782;-91,5999999999999;-151;224;255000
vpja05;24;2857;2961;-296,7;177,2;104;255
vpja05;24;2981;3148;-290,9;139,9;167;255
vpja05;24;3191;3596;-437,5;226,9;405;0
vpja05;24;3608;3855;-448,6;237,7;247;0
vpja05;24;3876;3959;-429,4;227,1;83;0
vpja05;24;4029;4134;-145,6;-102,7;105;0
vpja05;24;4165;4409;-109,6;-161,4;244;255000
vpja05;24;4427;4632;-102,3;-171,5;205;255000
vpja05;24;4688;5166;-313,2;108,6;478;255
vpja05;24;5185;5437;-304,5;143;252;255
vpja05;24;5455;5738;-313,6;126,9;283;255
vpja05;24;5757;6002;-318,4;120,6;245;255
vpja05;24;6027;6272;-300,9;110,4;245;255
vpja05;24;6282;6593;-307,6;104,2;311;255
vpja05;24;6611;6884;-291,3;100,8;273;255
vpja05;24;6893;7369;-297,6;115,7;476;255
vpja05;24;7414;7677;-386,4;40,3000000000001;263;0
vpja05;24;7702;8163;-423,3;21,1;461;0
vpja05;24;8222;8400;-448,5;231,5;178;0
vpja05;24;8429;8676;-425,3;237,7;247;0
vpja05;24;8732;8863;-419,1;-8;131;0
vpja05;24;8892;9105;-400;-86,5;213;0
vpja05;24;9135;9357;-417,6;-176;222;0
vpja05;24;9383;9470;-463,9;-143,9;87;0
vpja05;24;9534;9890;8,60000000000002;171,4;356;0
vpja05;24;9901;10000;-10,0999999999999;183,6;99;255255000
vpja05;25;219;331;68,4000000000001;-114,9;112;2,55e+08
vpja05;25;376;604;162,7;-196,9;228;255000
vpja05;25;622;693;184,8;-202,8;71;255000
vpja05;25;886;1035;159,4;-65,4000000000001;149;2,55e+08
vpja05;25;1083;1207;275,2;-2,20000000000005;124;2,55e+08
vpja05;25;1252;1481;360,5;204;229;255
vpja05;25;1569;1774;176;-196,6;205;255000
vpja05;25;1797;2073;187,6;-218,2;276;255000
vpja05;25;2087;2483;193,1;-197,8;396;255000
vpja05;25;2549;2792;339,4;201,1;243;255
vpja05;25;2815;2938;357,9;192,8;123;255
vpja05;25;2990;3386;162,8;12;396;2,55e+08
vpja05;25;3403;3729;143,9;4,39999999999998;326;2,55e+08
vpja05;25;3781;4016;314,8;152,4;235;255
vpja05;25;4237;4347;373,2;289,6;110;255
vpja05;25;4422;4625;-317,5;206,1;203;255255000
vpja05;25;4651;4880;-347,5;163,5;229;255255000
vpja05;25;4962;5086;314,6;248,4;124;255
vpja05;25;5179;5272;361,4;-208,9;93;0
vpja05;25;5326;5499;416,9;-301,7;173;0
vpja05;25;5521;5819;409,4;-364,1;298;0
vpja05;25;5826;6001;403,5;-352,7;175;0
vpja05;25;6020;6264;411,4;-343,4;244;0
vpja05;25;6283;6436;406,9;-317,1;153;0
vpja05;25;6504;6692;-87,6;-376,5;188;0
vpja05;25;6715;7256;-47;-365,8;541;0
vpja05;25;7306;7442;-70,3;-256,5;136;0
vpja05;25;7473;7762;-94,6;-163,3;289;0
vpja05;25;7784;7885;-111,6;-125,1;101;0
vpja05;25;7914;8183;-44,2;-193,1;269;0
vpja05;25;8248;8541;-462;-175,3;293;0
vpja05;25;8615;8750;1;-388,7;135;0
vpja05;25;8791;9129;159,3;-420,6;338;0
vpja05;25;9163;9369;255,8;-375;206;0
vpja05;25;9393;9599;284,4;-371,5;206;0
vpja05;25;9647;9913;426,5;-336,8;266;0
vpja05;25;9947;10000;458,8;-223,3;53;0
vpja05;26;217;402;7,69999999999993;-154,7;185;255000
vpja05;26;438;517;-130,4;-104,1;79;0
vpja05;26;544;847;-35,9000000000001;-151,2;303;255000
vpja05;26;859;1148;-44,6;-146,4;289;255000
vpja05;26;1169;1599;-20,3000000000001;-140,5;430;255000
vpja05;26;1657;1857;-471,6;138,5;200;255
vpja05;26;1882;2490;-516,9;138,7;608;255
vpja05;26;2499;3505;-537,7;145,4;1006;255
vpja05;26;3531;3787;-489,1;104,8;256;0
vpja05;26;3805;3932;-479,7;95,1;127;0
vpja05;26;3974;4281;-534,9;235,1;307;255
vpja05;26;4297;4721;-504,6;220,3;424;255
vpja05;26;4799;5220;-48,6;311,4;421;255255000
vpja05;26;5249;5449;68,3;257,3;200;0
vpja05;26;5474;5748;21,6999999999999;214;274;2,55e+08
vpja05;26;5765;6356;53;235,4;591;2,55e+08
vpja05;26;6397;6681;-29,2;308,9;284;255255000
vpja05;26;6692;7254;-43,4000000000001;317,9;562;255255000
vpja05;26;7274;7496;-36,3000000000001;317,7;222;255255000
vpja05;26;7504;7831;-45,3000000000001;314,2;327;255255000
vpja05;26;7924;8090;6,39999999999998;-174,7;166;255000
vpja05;26;8137;8485;64,2;-295,2;348;255000
vpja05;26;8543;8827;357,4;-287,6;284;0
vpja05;26;8840;8971;357,4;-271,3;131;0
vpja05;26;9055;9223;454,3;338;168;0
vpja05;26;9247;9477;495;311,2;230;0
vpja05;26;9500;9789;522,5;327,8;289;0
vpja05;26;9860;9932;571,6;107,8;72;0
