vp;trial;timest;timeend;x;y;duration;roi
vpja60;1;393;554;11,1999999999999;-69,8;161;255000
vpja60;1;603;800;-81,5;200,4;197;255
vpja60;1;838;977;-31,1;127,8;139;2,55e+08
vpja60;1;1031;1321;18,9;-100,6;290;255000
vpja60;1;1374;1662;-89,8000000000001;241,4;288;255
vpja60;1;1699;1845;-17,2;191,4;146;2,55e+08
vpja60;1;1901;2126;10,5999999999999;-2,5;225;2,55e+08
vpja60;1;2152;2377;15,4;-85,3;225;255000
vpja60;1;2450;2655;-513;145,3;205;255255000
vpja60;1;2665;2897;-529,1;153,7;232;255255000
vpja60;1;2960;3193;-101,6;276,8;233;255
vpja60;1;3218;3435;-79,1;239,6;217;255
vpja60;1;3491;3668;-12,4000000000001;70,8000000000001;177;2,55e+08
vpja60;1;3717;3957;13,4;-96,3;240;255000
vpja60;1;3976;4244;29,3;-113,5;268;255000
vpja60;1;4263;4444;14,5;-81,3;181;255000
vpja60;1;4497;4730;7,69999999999993;140,9;233;2,55e+08
vpja60;1;4795;4942;488,7;187,6;147;0
vpja60;1;4974;5271;575,5;174,3;297;0
vpja60;1;5349;5533;-65,3000000000001;258,5;184;255
vpja60;1;5551;5817;-96,5;245,8;266;255
vpja60;1;5854;5952;-20,9000000000001;183,2;98;2,55e+08
vpja60;1;6023;6185;-537,5;173,4;162;255255000
vpja60;1;6201;6272;-556,2;158,7;71;255255000
vpja60;1;6338;6479;-47;-93,2;141;2,55e+08
vpja60;1;6501;6629;-5,10000000000002;-75,1999999999999;128;255000
vpja60;1;6668;7112;19,3;73,4;444;2,55e+08
vpja60;1;7122;7490;32,5;62,1;368;2,55e+08
vpja60;1;7533;7708;37,0999999999999;-43,1999999999999;175;2,55e+08
vpja60;1;7761;7993;44,4;-253,3;232;255000
vpja60;1;8042;8393;-174,5;-335,8;351;0
vpja60;1;8407;8504;-157,9;-339,7;97;0
vpja60;1;8570;8755;316,1;-292;185;0
vpja60;1;8765;9336;322;-271,3;571;0
vpja60;1;9409;9623;324,8;312,1;214;0
vpja60;1;9677;9852;544,8;402,7;175;0
vpja60;1;9877;10000;623,1;346,8;123;0
vpja60;2;329;595;11,2;-236,2;266;255000
vpja60;2;616;829;-4;-259,2;213;255000
vpja60;2;894;1044;-278,6;-100,8;150;0
vpja60;2;1060;1191;-265,3;-74,2;131;0
vpja60;2;1234;1558;-262,6;116;324;255255000
vpja60;2;1584;1788;-314,6;13,8;204;0
vpja60;2;1847;1979;-566,4;131,1;132;0
vpja60;2;2003;2399;-614,1;173,3;396;0
vpja60;2;2452;2588;-313,1;-39,5;136;0
vpja60;2;2612;2997;-261,5;-82,4;385;0
vpja60;2;3032;3085;-178,9;-80,8;53;0
vpja60;2;3149;3476;229,6;-90,8;327;0
vpja60;2;3524;3738;491,8;-85,6;214;0
vpja60;2;3745;3982;480,2;-88,2;237;0
vpja60;2;4030;4247;351,1;156,4;217;255
vpja60;2;4302;4457;106;180,5;155;0
vpja60;2;4485;4606;15,8000000000001;166,4;121;0
vpja60;2;4667;4905;512,3;-24,6;238;0
vpja60;2;4918;5088;524,8;-5,20000000000005;170;0
vpja60;2;5159;5312;-29,8;-318,4;153;255000
vpja60;2;5336;5689;-53,5;-398,6;353;0
vpja60;2;5712;6036;-70,4;-395,1;324;0
vpja60;2;6062;6192;-114,8;-370;130;0
vpja60;2;6217;6323;-150,4;-351,3;106;0
vpja60;2;6376;6505;44,3000000000001;-257,5;129;255000
vpja60;2;6522;6673;25,9;-252,1;151;255000
vpja60;2;6693;6846;0,300000000000068;-292,3;153;255000
vpja60;2;6915;7217;-481,4;-113,3;302;0
vpja60;2;7260;7384;-533,4;51,1;124;0
vpja60;2;7415;7636;-609,7;178,7;221;0
vpja60;2;7772;7808;413,7;-51,2;36;0
vpja60;2;7863;7969;496,4;117;106;0
vpja60;2;8001;8165;400;194,9;164;255
vpja60;2;8226;8412;35,6;168,4;186;0
vpja60;2;8482;8718;22,8000000000001;-245,8;236;255000
vpja60;2;8739;9032;0,100000000000023;-281,7;293;255000
vpja60;2;9077;9299;-114,6;-70,3;222;2,55e+08
vpja60;2;9355;9584;100;32;229;2,55e+08
vpja60;2;9632;9758;-103,3;55,1;126;2,55e+08
vpja60;2;9807;10000;-276,2;140;193;255255000
vpja60;3;357;473;-96,3000000000001;194,8;116;0
vpja60;3;499;652;-117,5;253,7;153;255255000
vpja60;3;716;891;-281,9;-130,9;175;255000
vpja60;3;909;1162;-264,9;-126,6;253;255000
vpja60;3;1170;1453;-259,2;-124,6;283;255000
vpja60;3;1462;1858;-272,1;-125,8;396;255000
vpja60;3;1865;2163;-264,3;-131,5;298;255000
vpja60;3;2176;2334;-278,9;-143,6;158;255000
vpja60;3;2403;2764;241,6;61;361;255
vpja60;3;2781;2968;269,9;57;187;255
vpja60;3;3036;3290;-181;-11,9;254;0
vpja60;3;3340;3553;19;-128,7;213;0
vpja60;3;3572;3671;5,69999999999993;-165,9;99;0
vpja60;3;3726;3973;296,3;-105;247;0
vpja60;3;3988;4119;267,2;-107,7;131;0
vpja60;3;4163;4432;490,9;-74,8000000000001;269;0
vpja60;3;4453;4714;524,6;-95,4;261;0
vpja60;3;4731;4870;488,8;-85,3000000000001;139;0
vpja60;3;4903;5122;361,6;-92,6;219;0
vpja60;3;5160;5379;514,9;-124,3;219;0
vpja60;3;5402;5610;576,1;-160;208;0
vpja60;3;5631;5735;591,6;-236,8;104;0
vpja60;3;5816;6006;-63,3000000000001;-213,4;190;0
vpja60;3;6053;6233;-201,4;-168,9;180;0
vpja60;3;6295;6541;-487,7;-221,4;246;0
vpja60;3;6579;6680;-534;-263,8;101;0
vpja60;3;6715;6942;-660;-264,6;227;NA
vpja60;3;6980;7153;-577,6;-346;173;0
vpja60;3;7170;7324;-610,1;-365,7;154;0
vpja60;3;7374;7557;-643,4;-83,6;183;NA
vpja60;3;7588;7753;-633,4;12,3;165;0
vpja60;3;7765;7899;-637,5;33,1;134;0
vpja60;3;7953;8122;-122,8;-106,4;169;0
vpja60;3;8139;8285;-118;-126,5;146;0
vpja60;3;8302;8485;-144,5;-131,1;183;0
vpja60;3;8512;8750;-211,5;-138,2;238;0
vpja60;3;8760;8988;-199,1;-137;228;0
vpja60;3;9152;9253;-49;-166,7;101;0
vpja60;3;9282;9632;-147;-141,4;350;0
vpja60;3;9668;9860;2,39999999999998;-166,8;192;0
vpja60;3;9903;10000;87,0999999999999;-330;97;0
vpja60;4;274;391;-146,7;-169,8;117;2,55e+08
vpja60;4;415;547;-200,2;-186,1;132;2,55e+08
vpja60;4;608;823;-169,9;311,8;215;0
vpja60;4;842;1007;-129,3;318,3;165;255255000
vpja60;4;1070;1377;-474,3;291,1;307;0
vpja60;4;1391;1549;-497,1;276,6;158;0
vpja60;4;1593;1708;-408,9;146,3;115;0
vpja60;4;1771;1929;-194,4;-228,3;158;255000
vpja60;4;1942;2161;-203,2;-213,5;219;255000
vpja60;4;2214;2434;79,7;-294;220;0
vpja60;4;2464;2759;-27,7;-274,3;295;0
vpja60;4;2783;3042;-78,3000000000001;-243,7;259;0
vpja60;4;3052;3247;-88,7;-239,3;195;0
vpja60;4;3271;3407;-25,4000000000001;-265,2;136;0
vpja60;4;3440;3712;-87,8000000000001;-175,8;272;2,55e+08
vpja60;4;3781;3951;389,3;23,8;170;0
vpja60;4;3969;4045;419,6;28,8;76;0
vpja60;4;4116;4329;-113,4;322,1;213;255255000
vpja60;4;4363;4423;-235,8;301,1;60;0
vpja60;4;4494;4732;409,8;9,5;238;0
vpja60;4;4787;4910;540,5;414,6;123;0
vpja60;4;4930;5151;520,1;447,1;221;0
vpja60;4;5242;5538;225,4;-263,3;296;0
vpja60;4;5602;5698;-100,6;-252;96;0
vpja60;4;5732;5950;-218,2;-211,8;218;0
vpja60;4;6012;6216;-556,1;-179,9;204;0
vpja60;4;6262;6409;-657,4;-70,2;147;NA
vpja60;4;6466;6661;-574,1;262,3;195;0
vpja60;4;6684;6957;-598,2;292,6;273;0
vpja60;4;6982;7122;-547,4;288,9;140;0
vpja60;4;7182;7368;-218,9;319,2;186;0
vpja60;4;7425;7664;-463,1;303,5;239;255
vpja60;4;7736;7954;-275,5;-151,1;218;0
vpja60;4;7975;8068;-311,9;-134,3;93;0
vpja60;4;8122;8262;-439;-388,7;140;0
vpja60;4;8321;8502;-106,4;-271;181;255000
vpja60;4;8531;8771;-9,30000000000007;-274,9;240;0
vpja60;4;8817;9029;-161,9;-221,9;212;255000
vpja60;4;9052;9305;-204,5;-215,2;253;255000
vpja60;4;9381;9569;400;-23,8000000000001;188;0
vpja60;4;9622;9800;219,2;-157,4;178;0
vpja60;4;9850;9949;260,2;-328,7;99;0
vpja60;5;299;402;-187,5;-134,5;103;2,55e+08
vpja60;5;427;973;-211,3;-198,9;546;255000
vpja60;5;1038;1262;-486,2;46;224;255255000
vpja60;5;1286;1570;-544,5;60;284;255255000
vpja60;5;1577;1807;-558,5;61,1;230;0
vpja60;5;1835;1951;-486,5;88,6999999999999;116;255255000
vpja60;5;2017;2201;-23,1999999999999;171,7;184;0
vpja60;5;2242;2391;80;118,8;149;0
vpja60;5;2445;2628;360,6;-54,3000000000001;183;0
vpja60;5;2684;2860;567,8;-96,4;176;0
vpja60;5;2885;3155;600,1;-130,9;270;0
vpja60;5;3165;3434;591,8;-141,3;269;0
vpja60;5;3443;3672;599;-143,7;229;0
vpja60;5;3692;3905;567,2;-113;213;0
vpja60;5;3933;4321;510,1;-78,8000000000001;388;0
vpja60;5;4333;4416;526,4;-85,7;83;0
vpja60;5;4486;4605;44,8000000000001;75,3;119;0
vpja60;5;4632;4873;-35,3;108,7;241;255
vpja60;5;4902;5064;-38,4;191,7;162;0
vpja60;5;5091;5296;-62,9;269,6;205;2,55e+08
vpja60;5;5374;5552;-490,1;124,5;178;255255000
vpja60;5;5574;5899;-514,7;78,1999999999999;325;255255000
vpja60;5;5914;6081;-499,5;71,5;167;255255000
vpja60;5;6109;6291;-430,4;54,1999999999999;182;255255000
vpja60;5;6317;6577;-483,2;23,8;260;0
vpja60;5;6584;6855;-486,4;29,6;271;0
vpja60;5;6892;7058;-625,3;77,8;166;0
vpja60;5;7114;7288;-403;-72,5;174;0
vpja60;5;7308;7340;-441,5;-74,5;32;0
vpja60;5;7394;7585;-203,9;-187,6;191;255000
vpja60;5;7598;7998;-214,2;-208,4;400;255000
vpja60;5;8026;8193;-211,9;-134,4;167;2,55e+08
vpja60;5;8216;8388;-212,8;-200,5;172;255000
vpja60;5;8455;8784;245,8;-91,1;329;0
vpja60;5;8847;8926;340,6;-301;79;0
vpja60;5;8953;9239;416,5;-380,4;286;0
vpja60;5;9264;9416;508,9;-374,1;152;0
vpja60;5;9466;9792;574,7;-107,4;326;0
vpja60;5;9807;9999;593,6;-101,8;192;0
vpja60;6;2;247;-1,89101123595503;-3,39325842696633;245;0
vpja60;6;311;423;-10,091011235955;-275,793258426966;112;2,55e+08
vpja60;6;445;619;-11,191011235955;-339,293258426966;174;255000
vpja60;6;628;881;-12,391011235955;-327,593258426966;253;255000
vpja60;6;943;1030;-71,9910112359551;-42,4932584269663;87;2,55e+08
vpja60;6;1098;1262;338,808988764045;261,906741573034;164;255
vpja60;6;1288;1611;364,308988764045;312,906741573034;323;255
vpja60;6;1630;1844;357,108988764045;285,806741573034;214;255
vpja60;6;1912;2102;-95,191011235955;190,606741573034;190;0
vpja60;6;2167;2442;354,408988764045;301,206741573034;275;255
vpja60;6;2471;2567;295,108988764045;254,106741573034;96;255
vpja60;6;2650;2892;-343,191011235955;129,506741573034;242;255255000
vpja60;6;2978;3139;-45,9910112359551;-290,793258426966;161;2,55e+08
vpja60;6;3161;3283;-18,591011235955;-331,893258426966;122;255000
vpja60;6;3333;3547;-114,191011235955;-85,4932584269663;214;2,55e+08
vpja60;6;3629;3880;-426,891011235955;-261,893258426966;251;0
vpja60;6;3906;4171;-500,991011235955;-343,293258426966;265;0
vpja60;6;4193;4323;-528,891011235955;-368,093258426966;130;0
vpja60;6;4347;4476;-464,491011235955;-350,193258426966;129;0
vpja60;6;4508;4710;-467,991011235955;-256,293258426966;202;0
vpja60;6;4769;5002;-453,091011235955;-459,793258426966;233;0
vpja60;6;5049;5187;-322,791011235955;-446,693258426966;138;0
vpja60;6;5252;5447;109,308988764045;-366,293258426966;195;0
vpja60;6;5486;5736;153,308988764045;-225,393258426966;250;0
vpja60;6;5761;5874;112,008988764045;-210,393258426966;113;0
vpja60;6;5921;6215;-7,79101123595501;-319,893258426966;294;255000
vpja60;6;6228;6315;-12,191011235955;-334,793258426966;87;255000
vpja60;6;6375;6603;-74,9910112359551;-82,1932584269663;228;2,55e+08
vpja60;6;6682;6971;496,708988764045;-142,193258426966;289;0
vpja60;6;6985;7071;515,408988764045;-141,993258426966;86;0
vpja60;6;7134;7251;358,908988764045;181,806741573034;117;0
vpja60;6;7318;7522;443,408988764045;-212,893258426966;204;0
vpja60;6;7601;7884;-187,591011235955;-226,193258426966;283;0
vpja60;6;7927;8074;-31,391011235955;-307,193258426966;147;2,55e+08
vpja60;6;8090;8276;-16,091011235955;-323,893258426966;186;255000
vpja60;6;8296;8543;-9,59101123595497;-352,693258426966;247;255000
vpja60;6;8588;8744;-195,791011235955;-365,193258426966;156;0
vpja60;6;8765;8936;-227,991011235955;-363,493258426966;171;0
vpja60;6;8982;9306;-175,591011235955;-148,693258426966;324;0
vpja60;6;9327;9512;-194,891011235955;-185,693258426966;185;0
vpja60;6;9581;9793;-520,191011235955;-200,493258426966;212;0
vpja60;6;9846;10000;-540,291011235955;-370,993258426966;154;0
vpja60;7;235;402;-17,6;-193,6;167;255000
vpja60;7;423;595;-39,4;-257,3;172;255000
vpja60;7;668;858;35,5;251,1;190;255255000
vpja60;7;884;1061;22,1;301,4;177;255255000
vpja60;7;1121;1277;316,9;294,9;156;0
vpja60;7;1343;1452;-93,8000000000001;339,5;109;0
vpja60;7;1519;1730;-496,7;313,8;211;255
vpja60;7;1749;1867;-508,5;274,3;118;255
vpja60;7;1913;2162;-384,1;145,2;249;0
vpja60;7;2202;2245;-397,2;48,6999999999999;43;0
vpja60;7;2297;2496;-293,4;-206,3;199;0
vpja60;7;2537;2630;-152,6;-241,8;93;0
vpja60;7;2662;2828;-25,3000000000001;-260,7;166;255000
vpja60;7;2844;3073;-17,6;-287,8;229;255000
vpja60;7;3101;3243;-48,6;-225,5;142;255000
vpja60;7;3306;3761;425,9;204,7;455;0
vpja60;7;3807;3958;236,3;254,4;151;2,55e+08
vpja60;7;4009;4215;35,1;348,3;206;255255000
vpja60;7;4248;4459;147,2;336,1;211;2,55e+08
vpja60;7;4500;4703;40,6;393;203;255255000
vpja60;7;4721;4855;31,5;359,5;134;255255000
vpja60;7;4923;5129;-425,7;368,9;206;255
vpja60;7;5172;5253;-383,2;260,8;81;0
vpja60;7;5327;5431;-117;-232,4;104;0
vpja60;7;5480;5768;-280,9;-239,7;288;0
vpja60;7;5826;6012;-35,8000000000001;-281,1;186;255000
vpja60;7;6031;6355;-17,6;-302,8;324;255000
vpja60;7;6363;6523;-23,1;-300,9;160;255000
vpja60;7;6553;6725;72,6;-288;172;255000
vpja60;7;6790;6985;410,1;46,3;195;0
vpja60;7;7010;7162;376;92,1999999999999;152;0
vpja60;7;7203;7449;446,8;272,5;246;0
vpja60;7;7467;7556;469,2;270;89;0
vpja60;7;7672;7842;-597,8;-215,6;170;0
vpja60;7;7864;8150;-630,1;-293,1;286;0
vpja60;7;8165;8310;-631,3;-318,9;145;0
vpja60;7;8375;8627;-126,9;-293;252;0
vpja60;7;8694;8876;-220;129,1;182;0
vpja60;7;8902;9043;-269;128,8;141;0
vpja60;7;9096;9470;-461,2;140,6;374;0
vpja60;7;9538;9820;-66,5;231;282;2,55e+08
vpja60;7;9845;9892;-144,1;241,8;47;2,55e+08
vpja60;7;9941;10000;22;289,4;59;255255000
vpja60;8;271;576;-19,7320819112628;-210,669283276451;305;255000
vpja60;8;590;780;-15,0320819112627;-234,769283276451;190;255000
vpja60;8;788;1002;-18,8320819112628;-228,169283276451;214;255000
vpja60;8;1025;1171;-2,4320819112628;-277,269283276451;146;255000
vpja60;8;1239;1398;-421,932081911263;298,330716723549;159;255
vpja60;8;1422;1760;-399,132081911263;257,930716723549;338;255
vpja60;8;1801;1991;-455,632081911263;139,53071672355;190;0
vpja60;8;2083;2288;415,467918088737;206,630716723549;205;255255000
vpja60;8;2303;2455;431,967918088737;190,730716723549;152;255255000
vpja60;8;2481;2658;422,767918088737;263,930716723549;177;255255000
vpja60;8;2673;3002;412,767918088737;288,130716723549;329;255255000
vpja60;8;3018;3205;438,067918088737;282,430716723549;187;255255000
vpja60;8;3216;3461;418,967918088737;288,230716723549;245;255255000
vpja60;8;3746;3794;483,267918088737;94,9307167235495;48;0
vpja60;8;3828;4091;508,667918088737;-0,369283276450574;263;0
vpja60;8;4131;4355;388,067918088737;-19,8692832764506;224;0
vpja60;8;4386;4476;466,067918088737;19,2307167235494;90;0
vpja60;8;4555;4685;-211,732081911263;55,3307167235495;130;0
vpja60;8;4740;4907;-428,232081911263;74,6307167235494;167;0
vpja60;8;4967;5101;-537,132081911263;-155,969283276451;134;0
vpja60;8;5119;5279;-561,232081911263;-174,569283276451;160;0
vpja60;8;5348;5484;-26,4320819112628;-279,069283276451;136;255000
vpja60;8;5514;5724;90,9679180887373;-374,769283276451;210;0
vpja60;8;5755;6012;216,367918088737;-359,169283276451;257;0
vpja60;8;6038;6293;177,767918088737;-409,569283276451;255;0
vpja60;8;6368;6613;-6,13208191126273;-260,569283276451;245;255000
vpja60;8;6623;6760;-0,0320819112627078;-248,569283276451;137;255000
vpja60;8;6785;6998;-27,9320819112628;-209,069283276451;213;255000
vpja60;8;7007;7413;-15,8320819112628;-217,669283276451;406;255000
vpja60;8;7451;7682;68,9679180887373;-253,769283276451;231;255000
vpja60;8;7708;7799;16,3679180887373;-287,769283276451;91;255000
vpja60;8;7866;8132;-5,63208191126273;80,9307167235495;266;2,55e+08
vpja60;8;8158;8408;29,1679180887372;149,03071672355;250;2,55e+08
vpja60;8;8487;8743;-401,632081911263;257,630716723549;256;255
vpja60;8;8769;8908;-385,332081911263;311,330716723549;139;255
vpja60;8;8959;9170;-527,532081911263;127,930716723549;211;0
vpja60;8;9210;9311;-522,532081911263;310,430716723549;101;0
vpja60;8;9395;9604;139,467918088737;477,930716723549;209;0
vpja60;8;9648;9799;302,467918088737;408,930716723549;151;0
vpja60;8;9827;10000;357,867918088737;421,03071672355;173;0
vpja60;9;310;435;32,8;-273,7;125;255000
vpja60;9;503;687;-323,1;133,3;184;255
vpja60;9;708;1085;-340,8;141,1;377;255
vpja60;9;1159;1440;276,9;137,2;281;255255000
vpja60;9;1457;1587;308,7;139,6;130;255255000
vpja60;9;1656;1842;21;-262;186;255000
vpja60;9;1865;2113;34;-304,3;248;255000
vpja60;9;2138;2499;105,8;-262,6;361;255000
vpja60;9;2510;2855;93,4999999999999;-259,9;345;255000
vpja60;9;2889;3090;4;-229;201;255000
vpja60;9;3107;3238;18,9;-254,3;131;255000
vpja60;9;3279;3392;19,4;-75,5;113;2,55e+08
vpja60;9;3449;3777;-76,7;-379,8;328;0
vpja60;9;3792;3921;-54,4;-380,9;129;0
vpja60;9;3943;4240;-84,2;-433,6;297;0
vpja60;9;4257;4521;-58;-453,2;264;0
vpja60;9;4549;4763;-67,7;-364,2;214;0
vpja60;9;4823;5069;214,2;-347,6;246;0
vpja60;9;5098;5250;317;-413,1;152;0
vpja60;9;5267;5662;297,9;-431,6;395;0
vpja60;9;5687;6005;238,5;-380;318;0
vpja60;9;6055;6241;320,7;-140,3;186;0
vpja60;9;6298;6486;565,1;130,9;188;0
vpja60;9;6527;6714;598;266,6;187;0
vpja60;9;6736;7071;547,9;329,1;335;0
vpja60;9;7141;7246;172,1;266,2;105;0
vpja60;9;7318;7589;-320,2;147,6;271;255
vpja60;9;7606;7809;-332;134,9;203;255
vpja60;9;7879;8039;243,3;123,9;160;0
vpja60;9;8065;8196;288,8;136,8;131;0
vpja60;9;8257;8446;21,3;-242,2;189;255000
vpja60;9;8469;8801;29,9;-293,5;332;255000
vpja60;9;8827;9018;11,4;-225,3;191;255000
vpja60;9;9110;9282;-525,1;-262,5;172;0
vpja60;9;9303;9389;-506,3;-278,9;86;0
vpja60;9;9436;9664;-500,6;-29,1999999999999;228;0
vpja60;9;9728;9889;17,1999999999999;-234,9;161;255000
vpja60;9;9914;10000;32,9;-290,4;86;255000
vpja60;10;191;220;-10,2;-29,4000000000001;29;0
vpja60;10;285;448;-428,1;-110,1;163;255000
vpja60;10;471;731;-440,3;-168;260;255000
vpja60;10;790;969;-205,6;63,4;179;0
vpja60;10;1023;1114;9,29999999999995;27,0999999999999;91;255
vpja60;10;1289;1494;-141,2;-273,3;205;0
vpja60;10;1551;1792;29,4;-36,8000000000001;241;255
vpja60;10;1851;1936;-254,6;38,4;85;0
vpja60;10;2099;2279;21;-18;180;255
vpja60;10;2355;2491;-469,4;-129;136;255000
vpja60;10;2513;2593;-437,8;-127;80;255000
vpja60;10;2651;2892;-285,5;117,4;241;255255000
vpja60;10;2955;3130;39,1;43,0999999999999;175;255
vpja60;10;3189;3345;-273,7;109,4;156;255255000
vpja60;10;3421;3634;-115,1;-257,5;213;0
vpja60;10;3663;3887;-26,5;-254,8;224;0
vpja60;10;3929;4087;-134,4;-252,5;158;0
vpja60;10;4167;4356;519,1;-194,2;189;0
vpja60;10;4388;4660;605,9;-169,5;272;0
vpja60;10;4698;5203;459,4;-158,6;505;0
vpja60;10;5271;5492;427,9;-439,6;221;0
vpja60;10;5532;5624;578,2;-474,9;92;0
vpja60;10;5685;5823;460,8;-185,5;138;0
vpja60;10;5843;6057;467,1;-148;214;0
vpja60;10;6113;6264;597,2;139,5;151;0
vpja60;10;6372;6498;-511,1;372,4;126;0
vpja60;10;6523;6720;-551,3;417,1;197;0
vpja60;10;6821;7037;-11,8;-394,2;216;0
vpja60;10;7070;7235;89,5;-423,7;165;0
vpja60;10;7248;7419;78;-440,7;171;0
vpja60;10;7439;7568;50,4;-439,8;129;0
vpja60;10;7579;7799;39,1;-435,6;220;0
vpja60;10;7852;8125;192,1;-442,7;273;0
vpja60;10;8151;8463;114,4;-423,3;312;0
vpja60;10;8492;8690;-3;-378,3;198;0
vpja60;10;8719;8901;-79,4;-371,4;182;0
vpja60;10;8950;9229;-33,8;-236,5;279;0
vpja60;10;9254;9532;-108;-239,6;278;0
vpja60;10;9548;9761;-116,7;-265,3;213;0
vpja60;10;9775;10000;-96,1;-272,3;225;0
vpja60;11;245;397;3,79379310344837;-185,580689655172;152;255000
vpja60;11;458;650;297,993793103448;288,819310344828;192;0
vpja60;11;676;782;248,293793103448;286,719310344828;106;255
vpja60;11;863;1103;-466,306206896552;330,119310344828;240;255255000
vpja60;11;1124;1312;-495,006206896552;348,519310344828;188;255255000
vpja60;11;1395;1556;-100,906206896552;88,4193103448276;161;2,55e+08
vpja60;11;1637;1854;14,8937931034484;-257,680689655172;217;255000
vpja60;11;1909;2057;-54,6062068965516;-66,7806896551724;148;2,55e+08
vpja60;11;2140;2303;-490,106206896552;361,119310344828;163;255255000
vpja60;11;2381;2518;-29,0062068965516;-31,1806896551724;137;2,55e+08
vpja60;11;2548;2758;-70,1062068965516;71,3193103448276;210;2,55e+08
vpja60;11;2807;2919;85,8937931034483;74,2193103448276;112;2,55e+08
vpja60;11;2984;3322;-389,906206896552;-266,980689655172;338;0
vpja60;11;3341;3506;-376,706206896552;-242,980689655172;165;0
vpja60;11;3601;3738;210,793793103448;-176,180689655172;137;0
vpja60;11;3766;3951;273,393793103448;-117,380689655172;185;0
vpja60;11;4009;4228;487,593793103448;57,3193103448276;219;0
vpja60;11;4251;4573;435,293793103448;92,5193103448275;322;0
vpja60;11;4628;4940;273,893793103448;-85,3806896551724;312;0
vpja60;11;4967;5146;273,893793103448;-26,6806896551724;179;0
vpja60;11;5186;5429;451,893793103448;82,5193103448275;243;0
vpja60;11;5449;5649;420,193793103448;83,7193103448276;200;0
vpja60;11;5670;6040;414,293793103448;51,8193103448276;370;0
vpja60;11;6063;6383;424,493793103448;95,0193103448275;320;0
vpja60;11;6403;6710;466,893793103448;96,0193103448275;307;0
vpja60;11;6740;6987;552,693793103448;90,9193103448276;247;0
vpja60;11;7012;7239;541,793793103448;-10,8806896551724;227;0
vpja60;11;7270;7492;622,993793103448;5,21931034482759;222;0
vpja60;11;7512;7682;595,193793103448;-10,6806896551724;170;0
vpja60;11;7748;7999;464,793793103448;-311,680689655172;251;0
vpja60;11;8015;8379;478,993793103448;-336,680689655172;364;0
vpja60;11;8402;8532;455,593793103448;-341,580689655172;130;0
vpja60;11;8559;8841;420,793793103448;-443,480689655172;282;0
vpja60;11;8855;9237;400,693793103448;-445,880689655172;382;0
vpja60;11;9271;9491;484,393793103448;-335,480689655172;220;0
vpja60;11;9547;9703;265,793793103448;-416,080689655172;156;0
vpja60;11;9766;9973;267,293793103448;-120,780689655172;207;0
vpja60;12;204;333;-75,9;-141;129;2,55e+08
vpja60;12;394;582;-264,1;106,3;188;255
vpja60;12;606;671;-305;115;65;0
vpja60;12;727;973;-121,5;-193;246;255000
vpja60;12;986;1060;-136,3;-190,8;74;255000
vpja60;12;1118;1300;99,9;70,6;182;255255000
vpja60;12;1325;1475;76,8000000000001;90,2;150;255255000
vpja60;12;1539;1771;-307,1;104,9;232;0
vpja60;12;1784;1918;-326;118;134;0
vpja60;12;1993;2148;310,7;-49,4;155;0
vpja60;12;2169;2674;337,3;-59,9;505;0
vpja60;12;2696;2846;343,8;-79,3;150;0
vpja60;12;2888;3068;462,9;-121,2;180;0
vpja60;12;3114;3378;571,5;-180,3;264;0
vpja60;12;3396;3615;583,8;-219,8;219;0
vpja60;12;3646;3860;577,4;-84,5;214;0
vpja60;12;4155;4294;583,8;-125;139;0
vpja60;12;4321;4775;586,2;-215,8;454;0
vpja60;12;4800;4985;577,8;-156,4;185;0
vpja60;12;5049;5153;317,8;-233,4;104;0
vpja60;12;5229;5435;-100,5;-173;206;255000
vpja60;12;5457;5574;-121,8;-187,2;117;255000
vpja60;12;5635;5913;-445,7;-168,9;278;0
vpja60;12;5972;6099;-226,9;116,5;127;255
vpja60;12;6157;6691;80,9;88,6;534;255255000
vpja60;12;6757;6994;-308,6;110,8;237;0
vpja60;12;7045;7287;-424,4;456;242;0
vpja60;12;7354;7465;74,1;455,3;111;0
vpja60;12;7650;7832;-136,2;-174,4;182;255000
vpja60;12;7847;8054;-124,1;-190,3;207;255000
vpja60;12;8078;8191;-125,1;-151,4;113;255000
vpja60;12;8222;8424;-134,8;-36,9;202;2,55e+08
vpja60;12;8436;8641;-126,8;-46,1;205;2,55e+08
vpja60;12;8663;9040;-142,7;-7,89999999999998;377;2,55e+08
vpja60;12;9063;9301;-119,9;-63,9;238;2,55e+08
vpja60;12;9369;9563;353,2;-48,1;194;0
vpja60;12;9583;9782;336,2;-47,6;199;0
vpja60;12;9805;9920;336,3;-90,3;115;0
vpja60;13;240;366;-136,49;-117,37;126;2,55e+08
vpja60;13;389;675;-163,09;-164,87;286;255000
vpja60;13;689;844;-175,09;-177,87;155;255000
vpja60;13;897;1064;-353,49;-188,17;167;0
vpja60;13;1124;1276;-430,99;84,4299999999999;152;0
vpja60;13;1362;1623;391,81;59,8299999999999;261;255
vpja60;13;1663;1868;425,61;240,03;205;0
vpja60;13;1894;2104;366,41;280,33;210;0
vpja60;13;2127;2304;369,81;328,13;177;0
vpja60;13;2328;2581;396,01;380,03;253;0
vpja60;13;2620;2795;415,91;289,03;175;0
vpja60;13;2856;3120;401,41;34,03;264;255
vpja60;13;3207;3582;-428,69;317,43;375;255255000
vpja60;13;3607;3903;-461,39;329,43;296;255255000
vpja60;13;3921;4155;-444,19;357,63;234;255255000
vpja60;13;4168;4367;-455,39;332,03;199;255255000
vpja60;13;4456;4719;377,81;280,83;263;0
vpja60;13;4740;5030;385,11;325,93;290;0
vpja60;13;5047;5365;384,01;369,73;318;0
vpja60;13;5380;5551;409,01;363,23;171;0
vpja60;13;5598;5664;430,31;226,73;66;0
vpja60;13;5758;5895;-298,19;39,6299999999999;137;0
vpja60;13;5926;6163;-425,99;75,53;237;0
vpja60;13;6187;6373;-444,59;86,1299999999999;186;0
vpja60;13;6399;6656;-406,99;52,53;257;0
vpja60;13;6674;6894;-431,69;62,6299999999999;220;0
vpja60;13;6913;7126;-451,59;67,1299999999999;213;0
vpja60;13;7161;7336;-453,39;186,43;175;0
vpja60;13;7344;7496;-461,09;202,43;152;0
vpja60;13;7525;7680;-366,49;89,3299999999999;155;0
vpja60;13;7733;7852;-342,09;-129,47;119;0
vpja60;13;7876;8148;-347,09;-214,07;272;0
vpja60;13;8167;8359;-360,79;-205,67;192;0
vpja60;13;8404;8510;-190,69;-248,07;106;0
vpja60;13;8555;8814;-15,39;-349,17;259;0
vpja60;13;8866;9206;-175,39;-196,07;340;255000
vpja60;13;9253;9510;8,61000000000001;-358,07;257;0
vpja60;13;9549;9576;65,61;-278,47;27;0
vpja60;13;9631;9820;26,3100000000001;-68,6700000000001;189;0
vpja60;13;9881;10000;293,51;21,2299999999999;119;255
vpja60;14;237;343;-76,4;-137;106;255000
vpja60;14;404;662;-295,5;107,2;258;255
vpja60;14;676;905;-293,6;123,2;229;255
vpja60;14;924;1036;-298,2;114,6;112;255
vpja60;14;1109;1312;-72,8;-173;203;255000
vpja60;14;1328;1474;-82,4;-157,9;146;255000
vpja60;14;1537;1765;37,5;162,2;228;0
vpja60;14;1788;1955;10,4;168,9;167;255255000
vpja60;14;1994;2299;-152,2;320,8;305;0
vpja60;14;2325;2590;-203,2;349,4;265;0
vpja60;14;2644;2971;-39,1999999999999;311,4;327;0
vpja60;14;3184;3365;-231;433,7;181;0
vpja60;14;3385;3499;-219,7;396,4;114;0
vpja60;14;3558;3753;54,8000000000001;80,8;195;2,55e+08
vpja60;14;3829;3895;14;-247,1;66;0
vpja60;14;3927;4192;119,3;-352,1;265;0
vpja60;14;4215;4383;118;-308;168;0
vpja60;14;4446;4691;338,6;24,9;245;0
vpja60;14;4736;4920;557,4;-6,60000000000002;184;0
vpja60;14;5010;5194;-312,2;-30,3000000000001;184;0
vpja60;14;5222;5475;-376,3;-8,30000000000007;253;0
vpja60;14;5527;5796;-436,3;-131,2;269;0
vpja60;14;5813;5964;-425,5;-169,7;151;0
vpja60;14;6017;6288;-448,6;192,5;271;0
vpja60;14;6313;6546;-452,9;241,5;233;0
vpja60;14;6572;6771;-406,1;189,2;199;0
vpja60;14;6835;7044;-312;-60,3000000000001;209;0
vpja60;14;7071;7321;-362,5;-50,6;250;0
vpja60;14;7375;7626;-52,4;-180,4;251;255000
vpja60;14;7659;7825;-36,1;-98,6;166;2,55e+08
vpja60;14;7863;7947;-81;59;84;2,55e+08
vpja60;14;8138;8254;-278,2;126,1;116;255
vpja60;14;8313;8567;-52,6999999999999;-186,8;254;255000
vpja60;14;8629;8830;52,5;169,9;201;255255000
vpja60;14;8851;9019;31,4;139,6;168;0
vpja60;14;9052;9299;-12,1999999999999;277,4;247;0
vpja60;14;9348;9613;-153,2;295,8;265;0
vpja60;14;9634;9850;-178,9;305,2;216;0
vpja60;14;9875;9999;-218,9;331,8;124;0
vpja60;15;66;267;12,3;1,39999999999998;201;2,55e+08
vpja60;15;295;420;-36,8000000000001;39,1;125;255
vpja60;15;482;631;-2,20000000000005;-252;149;2,55e+08
vpja60;15;650;1097;-15,2;-255,7;447;255000
vpja60;15;1155;1409;-213;-70,1;254;255255000
vpja60;15;1455;1644;-245,8;141,3;189;0
vpja60;15;1687;1835;-298,8;317,3;148;0
vpja60;15;1864;2120;-351,7;442;256;0
vpja60;15;2198;2519;-185,7;-44,3000000000001;321;255255000
vpja60;15;2533;2734;-208,3;-55,8000000000001;201;255255000
vpja60;15;2751;2880;-227,2;-61,9;129;255255000
vpja60;15;2945;3247;173,2;-48,8000000000001;302;0
vpja60;15;3260;3358;169,3;-33,4;98;0
vpja60;15;3424;3690;-216,4;-220,5;266;0
vpja60;15;3756;3937;-589,9;-123,6;181;0
vpja60;15;3983;4228;-609,2;94,4;245;0
vpja60;15;4252;4344;-579,5;29,6999999999999;92;0
vpja60;15;4424;4609;4,69999999999993;-293,4;185;255000
vpja60;15;4667;4798;252,2;-306,2;131;0
vpja60;15;4852;5064;-11,3000000000001;-280,1;212;255000
vpja60;15;5122;5299;286,7;-290,8;177;0
vpja60;15;5348;5592;450,8;-262,7;244;0
vpja60;15;5601;5721;447,4;-272,1;120;0
vpja60;15;5767;6032;513,6;-53,3000000000001;265;0
vpja60;15;6054;6243;540;-13,6;189;0
vpja60;15;6255;6370;559,9;-11,7;115;0
vpja60;15;6406;6811;395,6;-13,9;405;0
vpja60;15;6849;7129;529,7;22,3;280;0
vpja60;15;7143;7274;512,4;14,8;131;0
vpja60;15;7306;7479;359;-17,4;173;0
vpja60;15;7503;7698;292,7;-21,6;195;0
vpja60;15;7728;7965;175,8;-27;237;0
vpja60;15;7978;8283;158,5;-15,6;305;0
vpja60;15;8302;8481;134,8;-39,1;179;0
vpja60;15;8498;8646;153,6;-65,4;148;0
vpja60;15;8702;9070;368,2;66,4;368;0
vpja60;15;9109;9315;494,7;140,9;206;0
vpja60;15;9378;9515;133,9;21,4;137;0
vpja60;15;9538;9829;127,9;-58,9;291;0
vpja60;15;9840;9971;132,5;-70,8000000000001;131;0
vpja60;16;290;523;-317,2;93,2;233;255
vpja60;16;542;760;-341,1;84,8;218;255
vpja60;16;781;954;-366,5;95,4;173;255
vpja60;16;1027;1139;243,7;126,3;112;255255000
vpja60;16;1160;1252;282,3;119,3;92;255255000
vpja60;16;1317;1470;-30,2;-290,7;153;255000
vpja60;16;1490;1637;-19,4;-263,2;147;255000
vpja60;16;1814;2031;534,3;-45,2;217;0
vpja60;16;2179;2515;484,9;-269;336;0
vpja60;16;2561;2803;594,8;-62;242;0
vpja60;16;2985;3151;484;-256,9;166;0
vpja60;16;3495;3592;-316,5;-36,1;97;0
vpja60;16;3655;3997;-608,2;51,9;342;0
vpja60;16;4023;4323;-568,2;37,7;300;0
vpja60;16;4331;4482;-566,4;43;151;0
vpja60;16;4508;4844;-619,6;48,7;336;0
vpja60;16;5030;5143;6;-233,7;113;255000
vpja60;16;5164;5410;-18,2;-266,5;246;255000
vpja60;16;5479;5607;83,7;310,5;128;0
vpja60;16;5639;5864;80,2;422;225;0
vpja60;16;5921;6071;-202,5;428,3;150;0
vpja60;16;6249;6421;551,5;-90,1;172;0
vpja60;16;6450;6641;602,9;12,2;191;0
vpja60;16;6667;6854;601,3;-92,6;187;0
vpja60;16;6909;7188;517,3;-314,9;279;0
vpja60;16;7216;7341;444,9;-312,3;125;0
vpja60;16;7417;7549;-90,2;-373,8;132;0
vpja60;16;7619;7788;-540,7;-312,8;169;0
vpja60;16;7856;8091;-606,5;78,5;235;0
vpja60;16;8104;8276;-610,2;61,2;172;0
vpja60;16;8304;8749;-510,5;16,5;445;0
vpja60;16;8793;8910;-372,3;102,1;117;255
vpja60;16;8988;9316;282,1;139;328;255255000
vpja60;16;9329;9491;290,1;125,3;162;255255000
vpja60;16;9525;9817;439,9;138;292;0
vpja60;16;9900;10000;-368,4;121,3;100;255
vpja60;17;11;275;23,6563689612177;-27,7713591015735;264;2,55e+08
vpja60;17;335;502;317,556368961218;113,528640898426;167;255255000
vpja60;17;582;751;-429,843631038782;160,428640898427;169;255
vpja60;17;788;942;-492,743631038782;197,828640898427;154;255
vpja60;17;1027;1156;-28,3436310387823;-211,971359101573;129;255000
vpja60;17;1180;1376;-63,5436310387823;-207,871359101573;196;255000
vpja60;17;1395;1533;-61,6436310387824;-238,671359101573;138;255000
vpja60;17;1594;1845;-372,243631038782;-30,9713591015735;251;0
vpja60;17;1867;2201;-412,643631038782;-53,5713591015734;334;0
vpja60;17;2251;2431;-596,543631038782;94,0286408984265;180;0
vpja60;17;2453;2701;-623,943631038782;137,228640898427;248;0
vpja60;17;2756;3025;-376,643631038782;-1,97135910157351;269;0
vpja60;17;3068;3277;-489,243631038782;143,428640898427;209;255
vpja60;17;3302;3447;-533,343631038782;173,528640898426;145;255
vpja60;17;3475;3649;-630,443631038782;152,328640898427;174;0
vpja60;17;3704;3990;-382,043631038782;-18,8713591015735;286;0
vpja60;17;4006;4226;-394,643631038782;-45,3713591015735;220;0
vpja60;17;4244;4452;-417,343631038782;-57,4713591015735;208;0
vpja60;17;4481;4680;-342,943631038782;-16,2713591015735;199;0
vpja60;17;4733;4867;-89,9436310387823;-202,471359101573;134;0
vpja60;17;4926;5250;-396,443631038782;-354,371359101573;324;0
vpja60;17;5341;5586;510,256368961218;-129,971359101573;245;0
vpja60;17;5650;5872;346,056368961218;172,928640898427;222;255255000
vpja60;17;5896;6044;395,456368961218;135,728640898427;148;255255000
vpja60;17;6065;6387;410,656368961218;99,9286408984266;322;255255000
vpja60;17;6452;6678;560,756368961218;-132,071359101573;226;0
vpja60;17;6721;7131;557,456368961218;-249,471359101573;410;0
vpja60;17;7212;7408;-88,5436310387823;-210,871359101573;196;255000
vpja60;17;7441;7558;-62,7436310387824;-172,871359101573;117;255000
vpja60;17;7594;7754;-19,0436310387823;-30,2713591015735;160;2,55e+08
vpja60;17;7779;8002;24,8563689612176;-0,571359101573421;223;2,55e+08
vpja60;17;8015;8117;10,4563689612177;17,5286408984265;102;2,55e+08
vpja60;17;8186;8526;-485,543631038782;232,228640898427;340;255
vpja60;17;8540;8688;-489,543631038782;214,128640898427;148;255
vpja60;17;8743;8933;-629,743631038782;19,1286408984265;190;0
vpja60;17;8963;9169;-642,443631038782;116,628640898427;206;NA
vpja60;17;9188;9314;-646,643631038782;143,228640898427;126;NA
vpja60;17;9375;9697;-634,043631038782;-212,871359101573;322;0
vpja60;17;9721;9939;-591,443631038782;-203,671359101573;218;0
vpja60;18;210;373;-111,1;-86,6999999999999;163;2,55e+08
vpja60;18;396;487;-135,5;-87,9;91;255000
vpja60;18;545;881;172;83,6;336;255
vpja60;18;901;1203;141,6;85,2;302;255
vpja60;18;1226;1375;141,8;134,1;149;0
vpja60;18;1584;1633;151,7;207,3;49;0
vpja60;18;1651;1788;130;82,9000000000001;137;255
vpja60;18;1812;2039;72,5;41,3000000000001;227;255
vpja60;18;2103;2330;-268,8;107,4;227;0
vpja60;18;2378;2614;-500,6;152;236;0
vpja60;18;2645;2779;-405,3;109;134;0
vpja60;18;2820;3030;-485,2;143,1;210;255255000
vpja60;18;3043;3162;-496,2;147,6;119;255255000
vpja60;18;3202;3348;-374,9;64,9000000000001;146;0
vpja60;18;3401;3552;-483,4;-85,5999999999999;151;0
vpja60;18;3575;3885;-503,1;-134,2;310;0
vpja60;18;3917;4089;-509,6;-38,9;172;0
vpja60;18;4169;4471;-111,5;-370,1;302;0
vpja60;18;4491;4671;-100,7;-408,2;180;0
vpja60;18;4737;4901;-490,3;-411,8;164;0
vpja60;18;4985;5176;265,5;7,60000000000002;191;0
vpja60;18;5200;5399;318,5;1,40000000000009;199;0
vpja60;18;5429;5608;336,4;75,1;179;0
vpja60;18;5633;5734;382,5;62,8000000000001;101;0
vpja60;18;5774;5973;560,4;-81,9;199;0
vpja60;18;6000;6207;559,6;-10;207;0
vpja60;18;6231;6422;503;-88,9;191;0
vpja60;18;6501;6687;-145,4;23,5;186;2,55e+08
vpja60;18;6719;6930;-295,6;67,5;211;0
vpja60;18;6956;7085;-330,4;96,2;129;0
vpja60;18;7150;7335;59,9;60,1;185;0
vpja60;18;7388;7673;-137;-102,4;285;2,55e+08
vpja60;18;7710;7955;-144,4;31,9000000000001;245;2,55e+08
vpja60;18;7981;8169;-198,6;68;188;2,55e+08
vpja60;18;8204;8259;-60,4;195,6;55;0
vpja60;18;8267;8293;-52,6;247,6;26;0
vpja60;18;8601;8629;-89,4;104,9;28;2,55e+08
vpja60;18;8681;8973;-141,9;-115,6;292;255000
vpja60;18;8984;9150;-136,8;-106,9;166;255000
vpja60;18;9177;9423;-118,9;-46,8;246;2,55e+08
vpja60;18;9447;9659;-137,8;-88,5999999999999;212;255000
vpja60;18;9720;9986;152,9;108,4;266;255
vpja60;19;55;199;4,69928825622765;-0,930249110320233;144;0
vpja60;19;238;331;64,4992882562277;-20,4302491103202;93;255000
vpja60;19;568;668;-26,1007117437723;91,0697508896798;100;255
vpja60;19;690;959;-48,0007117437723;98,0697508896798;269;255
vpja60;19;1024;1216;333,499288256228;168,76975088968;192;255255000
vpja60;19;1413;1538;41,8992882562277;-51,9302491103202;125;255000
vpja60;19;1553;1692;55,9992882562277;-50,0302491103203;139;255000
vpja60;19;1750;1873;313,599288256228;147,86975088968;123;255255000
vpja60;19;1922;2131;149,699288256228;427,16975088968;209;0
vpja60;19;2181;2281;16,1992882562276;425,16975088968;100;0
vpja60;19;2479;2556;422,699288256228;-242,23024911032;77;0
vpja60;19;2583;2716;390,199288256228;-208,43024911032;133;0
vpja60;19;2740;2928;332,899288256228;-194,53024911032;188;0
vpja60;19;2991;3158;-69,4007117437724;-183,73024911032;167;0
vpja60;19;3231;3384;-550,900711743772;36,5697508896798;153;0
vpja60;19;3411;3653;-558,100711743772;100,26975088968;242;0
vpja60;19;3726;3838;29,1992882562276;-40,6302491103203;112;0
vpja60;19;3861;4039;65,6992882562276;-41,9302491103202;178;255000
vpja60;19;4103;4296;378,099288256228;-184,43024911032;193;0
vpja60;19;4354;4474;96,3992882562276;-68,8302491103202;120;255000
vpja60;19;4496;4639;75,8992882562276;-51,9302491103202;143;255000
vpja60;19;4694;4877;-62,1007117437723;-269,63024911032;183;0
vpja60;19;4945;5070;-462,600711743772;-195,73024911032;125;0
vpja60;19;5142;5308;-573,500711743772;180,56975088968;166;0
vpja60;19;5332;5567;-552,300711743772;149,46975088968;235;0
vpja60;19;5603;5940;-541,900711743772;320,36975088968;337;0
vpja60;19;5949;6085;-530,100711743772;324,86975088968;136;0
vpja60;19;6163;6392;-527,100711743772;-249,23024911032;229;0
vpja60;19;6415;6493;-554,800711743772;-241,13024911032;78;0
vpja60;19;6631;6848;621,499288256228;-91,2302491103203;217;0
vpja60;19;6904;7096;450,199288256228;-127,03024911032;192;0
vpja60;19;7126;7306;518,399288256228;-96,0302491103203;180;0
vpja60;19;7361;7518;509,999288256228;256,06975088968;157;0
vpja60;19;7576;7689;333,999288256228;419,86975088968;113;0
vpja60;19;7740;7914;142,099288256228;429,66975088968;174;0
vpja60;19;8125;8319;-339,500711743772;-96,5302491103203;194;0
vpja60;19;8396;8567;60,9992882562277;58,9697508896797;171;2,55e+08
vpja60;19;8595;8835;-23,8007117437724;88,7697508896797;240;255
vpja60;19;8856;8973;-36,1007117437723;91,6697508896798;117;255
vpja60;19;9020;9175;95,5992882562276;-49,5302491103203;155;255000
vpja60;19;9190;9363;80,0992882562276;-49,4302491103202;173;255000
vpja60;19;9378;9560;79,9992882562277;-66,8302491103202;182;255000
vpja60;19;9571;9843;91,8992882562276;-65,8302491103202;272;255000
vpja60;19;9901;10000;322,399288256228;95,6697508896798;99;0
vpja60;20;257;390;144,7;-121,8;133;2,55e+08
vpja60;20;414;574;83,7;-160,8;160;2,55e+08
vpja60;20;639;866;-302;22,6;227;255
vpja60;20;899;1040;-402,1;105,4;141;255
vpja60;20;1087;1233;-572,1;370,3;146;0
vpja60;20;1442;1682;89;-184;240;255000
vpja60;20;1704;1911;105;-208,5;207;255000
vpja60;20;1952;2246;161,9;-16,9;294;2,55e+08
vpja60;20;2318;2611;421,8;-329,2;293;0
vpja60;20;2631;2798;396,7;-350,3;167;0
vpja60;20;2845;3095;522,8;-269;250;0
vpja60;20;3111;3269;502;-259,2;158;0
vpja60;20;3317;3910;561,4;-346,6;593;0
vpja60;20;3949;4239;383,9;-335,2;290;0
vpja60;20;4250;4368;391,4;-321,6;118;0
vpja60;20;4439;4677;-109,5;-172,2;238;0
vpja60;20;4724;4877;-66,3000000000001;-239,9;153;0
vpja60;20;4920;5168;-62,8000000000001;-369;248;0
vpja60;20;5198;5382;-138,8;-364,5;184;0
vpja60;20;5412;5598;-189,6;-290,1;186;0
vpja60;20;5655;6052;-47,5;-120,3;397;0
vpja60;20;6127;6362;379,4;230,5;235;255255000
vpja60;20;6385;6515;391,5;267,4;130;255255000
vpja60;20;6588;6715;-15;-171,7;127;0
vpja60;20;6778;6954;-411,3;-158,1;176;0
vpja60;20;6986;7083;-430,2;-100,6;97;0
vpja60;20;7134;7447;-642,1;-145,2;313;NA
vpja60;20;7466;7677;-658,3;-203,3;211;NA
vpja60;20;7695;7810;-656,8;-220,4;115;NA
vpja60;20;7871;8194;-33,9000000000001;-445,1;323;0
vpja60;20;8234;8463;110,8;-384,3;229;0
vpja60;20;8507;8926;209,7;-356,8;419;0
vpja60;20;8990;9222;-3,30000000000007;-112,4;232;0
vpja60;20;9249;9368;-64,4000000000001;-104,2;119;0
vpja60;20;9425;9685;156,1;-35,9;260;2,55e+08
vpja60;20;9704;9954;150,9;-10,4;250;2,55e+08
vpja60;21;301;508;322,7;103,3;207;255
vpja60;21;523;994;342,7;113,1;471;255
vpja60;21;1058;1249;-80;59;191;255255000
vpja60;21;1276;1481;-115,6;76,6999999999999;205;255255000
vpja60;21;1502;1596;-97,1999999999999;43,5;94;255255000
vpja60;21;1641;1802;-283,7;-8,80000000000007;161;0
vpja60;21;1824;2100;-304,1;-5,70000000000005;276;0
vpja60;21;2131;2330;-375,6;73,9;199;0
vpja60;21;2389;2563;123,8;-257,9;174;255000
vpja60;21;2586;2753;151,1;-265,9;167;255000
vpja60;21;2771;3225;143,6;-299,3;454;255000
vpja60;21;3250;3482;142,1;-256,4;232;255000
vpja60;21;3495;3682;154,9;-238,6;187;2,55e+08
vpja60;21;3712;3910;137,4;-164,7;198;2,55e+08
vpja60;21;3937;4192;89,8000000000001;-126,3;255;2,55e+08
vpja60;21;4219;4338;153,9;-126,2;119;2,55e+08
vpja60;21;4407;4691;563,7;73,4;284;0
vpja60;21;4734;4876;591,2;284,3;142;0
vpja60;21;4993;5386;-563,2;323,8;393;0
vpja60;21;5407;5605;-586,1;346,1;198;0
vpja60;21;5681;5894;-453,8;131,8;213;0
vpja60;21;5924;6085;-343,4;65,9;161;0
vpja60;21;6111;6423;-305,8;-5,5;312;0
vpja60;21;6477;6637;-114,6;95,9;160;255255000
vpja60;21;6701;6945;293,1;127,7;244;255
vpja60;21;6969;7213;338,5;103,1;244;255
vpja60;21;7255;7446;413,9;34,5;191;255
vpja60;21;7468;7784;425,2;19,6;316;255
vpja60;21;7810;7985;355,2;80,4;175;255
vpja60;21;8013;8347;285,7;137,8;334;255
vpja60;21;8412;8631;-115,7;61,1;219;255255000
vpja60;21;8871;9006;-122;25,4;135;255255000
vpja60;21;9035;9602;-155,9;84,6999999999999;567;255255000
vpja60;21;9640;9826;-85,6999999999999;56,1999999999999;186;255255000
vpja60;21;9863;9999;42,7;93,9;136;0
vpja60;22;325;624;-10,3164948453609;-325,067010309278;299;255000
vpja60;22;642;886;-12,8164948453609;-361,067010309278;244;255000
vpja60;22;981;1144;-444,716494845361;338,132989690722;163;255
vpja60;22;1185;1430;-528,216494845361;371,432989690722;245;255
vpja60;22;1463;1661;-393,616494845361;314,932989690722;198;255
vpja60;22;1703;1834;-258,116494845361;252,032989690722;131;255
vpja60;22;1909;2072;370,983505154639;385,732989690722;163;0
vpja60;22;2097;2290;425,783505154639;406,532989690722;193;0
vpja60;22;2549;2658;-64,1164948453609;-298,067010309278;109;0
vpja60;22;2684;2894;-23,1164948453609;-314,567010309278;210;255000
vpja60;22;2955;3210;-293,916494845361;-258,267010309278;255;0
vpja60;22;3273;3398;-548,116494845361;-280,267010309278;125;0
vpja60;22;3482;3638;15,5835051546391;-344,767010309278;156;255000
vpja60;22;3656;3772;11,5835051546391;-364,067010309278;116;255000
vpja60;22;3832;4046;297,183505154639;-185,367010309278;214;0
vpja60;22;4089;4257;386,283505154639;-230,467010309278;168;0
vpja60;22;4314;4504;613,483505154639;-115,067010309278;190;0
vpja60;22;4524;4736;582,783505154639;-103,867010309278;212;0
vpja60;22;4774;4804;504,383505154639;-133,267010309278;30;0
vpja60;22;4859;5091;338,283505154639;-224,167010309278;232;0
vpja60;22;5117;5316;271,783505154639;-243,267010309278;199;0
vpja60;22;5342;5621;198,083505154639;-260,367010309278;279;0
vpja60;22;5660;5799;280,483505154639;-213,467010309278;139;0
vpja60;22;5860;6046;0,983505154639033;-301,667010309278;186;255000
vpja60;22;6069;6210;-10,1164948453609;-359,567010309278;141;255000
vpja60;22;6267;6553;-266,216494845361;-287,767010309278;286;0
vpja60;22;6592;6815;-325,116494845361;-276,967010309278;223;0
vpja60;22;6842;7066;-249,716494845361;-294,767010309278;224;0
vpja60;22;7090;7376;-285,716494845361;-322,167010309278;286;0
vpja60;22;7438;7755;-535,116494845361;-280,967010309278;317;0
vpja60;22;7793;8009;-396,716494845361;-267,067010309278;216;0
vpja60;22;8033;8245;-338,616494845361;-238,467010309278;212;0
vpja60;22;8316;8523;-515,216494845361;-422,667010309278;207;0
vpja60;22;8581;8788;-283,416494845361;-422,967010309278;207;0
vpja60;22;8856;9046;-465,016494845361;-113,767010309278;190;0
vpja60;22;9094;9291;-535,516494845361;-244,667010309278;197;0
vpja60;22;9310;9533;-554,316494845361;-279,267010309278;223;0
vpja60;22;9551;9723;-575,616494845361;-315,167010309278;172;0
vpja60;22;9776;9957;-570,816494845361;-129,167010309278;181;0
vpja60;23;283;588;1,08936170212769;-204,902127659574;305;255000
vpja60;23;658;904;-336,910638297872;207,297872340426;246;255
vpja60;23;925;1169;-322,310638297872;185,797872340426;244;255
vpja60;23;1192;1352;-272,410638297872;200,597872340426;160;255
vpja60;23;1422;1683;287,689361702128;172,597872340426;261;255255000
vpja60;23;1700;1981;309,589361702128;176,797872340426;281;255255000
vpja60;23;2000;2134;292,289361702128;210,697872340426;134;255255255
vpja60;23;2192;2384;509,789361702128;-40,4021276595745;192;255255255
vpja60;23;2442;2654;346,289361702128;-234,802127659574;212;255255255
vpja60;23;2697;2897;189,589361702128;-265,202127659574;200;255255255
vpja60;23;2969;3167;-311,110638297872;-271,202127659574;198;255255255
vpja60;23;3195;3406;-405,910638297872;-295,902127659574;211;255255255
vpja60;23;3434;3657;-366,010638297872;-248,102127659574;223;255255255
vpja60;23;3675;3872;-369,510638297872;-236,802127659574;197;255255255
vpja60;23;3903;4123;-221,310638297872;-256,602127659574;220;255255255
vpja60;23;4154;4347;-117,510638297872;-266,302127659574;193;255255255
vpja60;23;4411;4627;239,289361702128;-251,302127659574;216;255255255
vpja60;23;4685;4858;-5,81063829787229;-207,302127659574;173;255000
vpja60;23;4881;5127;-6,61063829787236;-255,702127659574;246;255000
vpja60;23;5184;5491;224,989361702128;-245,302127659574;307;255255255
vpja60;23;5516;5863;170,889361702128;-318,802127659574;347;255255255
vpja60;23;5890;6150;266,789361702128;-329,002127659574;260;255255255
vpja60;23;6175;6302;223,989361702128;-342,502127659574;127;255255255
vpja60;23;6361;6684;481,089361702128;-210,502127659574;323;255255255
vpja60;23;6743;7077;218,589361702128;-228,002127659574;334;255255255
vpja60;23;7107;7246;277,889361702128;-215,102127659574;139;255255255
vpja60;23;7326;7579;480,689361702128;-286,102127659574;253;255255255
vpja60;23;7756;7842;454,189361702128;-341,802127659574;86;255255255
vpja60;23;7901;8170;547,789361702128;-99,5021276595744;269;255255255
vpja60;23;8233;8398;285,989361702128;-24,1021276595744;165;255255255
vpja60;23;8468;8711;-162,110638297872;-46,5021276595744;243;255255255
vpja60;23;8773;8934;-500,610638297872;-38,1021276595744;161;255255255
vpja60;23;9128;9304;-23,5106382978723;-207,802127659574;176;255000
vpja60;23;9329;9511;-3,11063829787236;-248,902127659574;182;255000
vpja60;23;9582;9770;-337,710638297872;211,297872340426;188;255
vpja60;23;9859;10000;-12,8106382978723;-179,202127659574;141;255000
vpja60;24;215;374;-55,9;-223;159;255000
vpja60;24;434;676;-92,5;264,8;242;255
vpja60;24;693;812;-76,5;290,8;119;255
vpja60;24;876;1065;343,2;197,4;189;255255000
vpja60;24;1086;1268;371,3;182,8;182;255255000
vpja60;24;1335;1585;-70;268,7;250;255
vpja60;24;1599;1734;-65,3;285,8;135;255
vpja60;24;1776;1968;61,9;197,7;192;2,55e+08
vpja60;24;2026;2291;352,2;181,1;265;255255000
vpja60;24;2367;2554;-43;-203,2;187;255000
vpja60;24;2579;2733;-11,1;-259,3;154;255000
vpja60;24;2761;3312;-89,4;-193;551;255000
vpja60;24;3348;3525;-74,8;-44,5;177;2,55e+08
vpja60;24;3534;3759;-73,4;-54;225;2,55e+08
vpja60;24;3812;4017;-500,5;-161,8;205;0
vpja60;24;4042;4251;-539,4;-122,6;209;0
vpja60;24;4303;4610;-510,4;143,3;307;0
vpja60;24;4627;4846;-509,3;115,6;219;0
vpja60;24;4923;5110;-47;-270,5;187;255000
vpja60;24;5135;5393;1,10000000000002;-268;258;255000
vpja60;24;5459;5651;400,9;-170,1;192;0
vpja60;24;5680;5837;322,1;-81,3;157;0
vpja60;24;5889;6000;381;234,5;111;0
vpja60;24;6020;6259;371,7;197,9;239;255255000
vpja60;24;6271;6342;373,1;184,2;71;255255000
vpja60;24;6367;6637;303,5;163,3;270;255255000
vpja60;24;6663;6877;369,5;187,4;214;255255000
vpja60;24;6894;6985;394,9;198;91;255255000
vpja60;24;7530;7766;31,1;189,8;236;2,55e+08
vpja60;24;7789;7939;77,3;183,2;150;2,55e+08
vpja60;24;7983;8307;-19,2;187,4;324;2,55e+08
vpja60;24;8755;8921;94,0999999999999;168,9;166;2,55e+08
vpja60;24;8987;9158;-52,9;-108;171;2,55e+08
vpja60;24;9221;9429;-60,4;-258,1;208;255000
vpja60;24;9449;9640;-32,4;-273,2;191;255000
vpja60;24;9665;9882;12;-270,5;217;255000
vpja60;24;9913;9999;-74,5;-191,1;86;255000
vpja60;25;261;415;173,1;-101,7;154;255000
vpja60;25;474;665;-125;236;191;255
vpja60;25;695;884;-204,3;256,7;189;255
vpja60;25;901;1071;-219,7;262,3;170;255
vpja60;25;1097;1358;-147,4;273,4;261;255
vpja60;25;1370;1912;-162,8;279,8;542;255
vpja60;25;1927;2040;-176,8;269,8;113;255
vpja60;25;2107;2260;304;299,2;153;255255000
vpja60;25;2290;2442;245,2;360,4;152;255255000
vpja60;25;2493;2615;397,2;217,9;122;255255000
vpja60;25;2655;2908;417;132,1;253;0
vpja60;25;2975;3139;179,6;-146,2;164;255000
vpja60;25;3147;3646;167,2;-136,2;499;255000
vpja60;25;3675;3915;57,5;-62,6;240;0
vpja60;25;3948;4066;32,4;-40,2;118;0
vpja60;25;4122;4251;220,6;-144,3;129;255000
vpja60;25;4276;4513;179,5;-148,9;237;255000
vpja60;25;4523;4727;184;-157,3;204;255000
vpja60;25;4803;5125;-416,9;-70,8000000000001;322;0
vpja60;25;5162;5327;-425,7;-140;165;0
vpja60;25;5385;5533;-336,4;-317,3;148;0
vpja60;25;5567;5823;-450,5;-232;256;0
vpja60;25;5890;6113;-367,5;-424,5;223;0
vpja60;25;6144;6382;-245,7;-400,8;238;0
vpja60;25;6405;6606;-217,1;-427,1;201;0
vpja60;25;6643;6815;-123,1;-291;172;0
vpja60;25;6869;7261;78;-303,1;392;0
vpja60;25;7323;7437;240,3;-89,1;114;2,55e+08
vpja60;25;7483;7672;414,5;83,8;189;0
vpja60;25;7696;7957;438,8;117,2;261;0
vpja60;25;7968;8130;425;117,7;162;0
vpja60;25;8193;8428;270,6;-166,9;235;0
vpja60;25;8660;8873;193,1;-166,2;213;255000
vpja60;25;8899;9062;166,1;-134;163;255000
vpja60;25;9123;9392;-149,9;-60,1;269;0
vpja60;25;9662;9702;-269,9;77,4;40;0
vpja60;25;9789;9971;-188,8;363,2;182;0
vpja60;26;127;229;247,956368961218;181,028640898426;102;0
vpja60;26;308;437;-360,543631038782;-170,271359101573;129;2,55e+08
vpja60;26;463;599;-424,843631038782;-218,971359101573;136;255000
vpja60;26;669;1213;-536,743631038782;295,628640898427;544;255
vpja60;26;1364;1587;-431,143631038782;-224,071359101573;223;255000
vpja60;26;1607;1650;-399,643631038782;-223,171359101573;43;255000
vpja60;26;1717;1838;-493,143631038782;326,928640898427;121;255
vpja60;26;1914;2013;140,356368961218;201,528640898426;99;255255000
vpja60;26;2077;2222;311,856368961218;13,6286408984265;145;0
vpja60;26;2275;2454;383,556368961218;-147,871359101573;179;0
vpja60;26;2470;2652;402,656368961218;-162,771359101573;182;0
vpja60;26;2710;2901;245,456368961218;-38,9713591015735;191;0
vpja60;26;2935;3087;234,556368961218;76,8286408984266;152;0
vpja60;26;3137;3360;83,5563689612176;169,828640898427;223;255255000
vpja60;26;3409;3642;251,656368961218;94,3286408984266;233;0
vpja60;26;3656;3815;257,756368961218;80,1286408984265;159;0
vpja60;26;3870;4034;401,956368961218;-165,371359101573;164;0
vpja60;26;4122;4298;-387,843631038782;-203,371359101573;176;255000
vpja60;26;4322;4467;-400,243631038782;-261,971359101573;145;255000
vpja60;26;4522;4707;-624,543631038782;-197,571359101573;185;0
vpja60;26;4729;5194;-622,043631038782;-262,271359101573;465;0
vpja60;26;5355;5437;-588,543631038782;-282,171359101573;82;0
vpja60;26;5485;5745;-460,843631038782;-425,171359101573;260;0
vpja60;26;5816;5998;28,8563689612176;-245,971359101573;182;0
vpja60;26;6061;6233;140,656368961218;2,32864089842656;172;0
vpja60;26;6278;6426;186,356368961218;104,628640898427;148;0
vpja60;26;6524;6748;-549,143631038782;122,328640898427;224;2,55e+08
vpja60;26;6801;7076;-507,543631038782;313,928640898427;275;255
vpja60;26;7103;7414;-588,143631038782;215,128640898427;311;2,55e+08
vpja60;26;7429;7795;-594,543631038782;186,828640898427;366;2,55e+08
vpja60;26;7851;8023;-472,443631038782;336,528640898426;172;255
vpja60;26;8042;8250;-484,743631038782;306,328640898427;208;255
vpja60;26;8276;8459;-531,643631038782;311,728640898427;183;255
vpja60;26;8541;8849;117,056368961218;204,628640898427;308;255255000
vpja60;26;8867;9579;82,9563689612177;194,028640898426;712;255255000
vpja60;26;9615;9750;44,6563689612177;175,828640898427;135;255255000
vpja60;26;9939;10000;-441,943631038782;-215,971359101573;61;255000
