vp;trial;timest;timeend;x;y;duration;roi
vpja69;1;280;409;-62,02561607283;-113,432396797991;129;255000
vpja69;1;432;694;-72,9256160728299;-100,132396797991;262;255000
vpja69;1;948;1137;-160,22561607283;132,567603202009;189;2,55e+08
vpja69;1;1195;1406;-440,42561607283;183,767603202009;211;0
vpja69;1;1427;2160;-465,52561607283;152,367603202009;733;255
vpja69;1;2237;2318;-138,22561607283;-83,4323967979909;81;0
vpja69;1;2357;2944;-70,52561607283;-117,532396797991;587;255000
vpja69;1;3006;3230;-89,82561607283;-415,732396797991;224;0
vpja69;1;3293;3783;-422,42561607283;-391,532396797991;490;0
vpja69;1;3875;4072;141,87438392717;0,267603202009127;197;0
vpja69;1;4109;4414;308,47438392717;19,6676032020091;305;0
vpja69;1;4439;4698;346,27438392717;33,4676032020091;259;0
vpja69;1;4754;5052;519,67438392717;167,167603202009;298;0
vpja69;1;5114;5387;194,57438392717;83,0676032020091;273;255255000
vpja69;1;5443;5576;-22,4256160728299;-152,932396797991;133;0
vpja69;1;5612;6024;-68,22561607283;-124,132396797991;412;255000
vpja69;1;6049;7307;-72,12561607283;-107,932396797991;1258;255000
vpja69;1;7372;7684;-311,02561607283;-332,532396797991;312;0
vpja69;1;7738;8206;-429,42561607283;-428,432396797991;468;0
vpja69;1;8276;8473;-95,4256160728299;-388,932396797991;197;0
vpja69;1;8547;8695;364,97438392717;-362,832396797991;148;0
vpja69;1;8763;9131;536,77438392717;-112,932396797991;368;0
vpja69;1;9166;9601;579,37438392717;-80,0323967979909;435;0
vpja69;1;9624;9826;608,37438392717;-71,9323967979909;202;0
vpja69;1;9896;10000;-50,12561607283;-78,9323967979909;104;2,55e+08
vpja69;2;258;360;23,8000000000001;-300,6;102;2,55e+08
vpja69;2;401;543;17,2;-361,7;142;255000
vpja69;2;564;798;10,8000000000001;-346,7;234;255000
vpja69;2;882;1124;-309,2;35,8000000000001;242;255
vpja69;2;1175;1394;-300,6;154;219;255
vpja69;2;1419;1998;-235,9;165,3;579;255
vpja69;2;2065;2265;261,3;230,9;200;255255000
vpja69;2;2304;2433;350,3;274;129;255255000
vpja69;2;2460;2639;374,5;324,8;179;255255000
vpja69;2;2703;2893;456;-243,6;190;0
vpja69;2;2958;3201;68,7;-369,7;243;255000
vpja69;2;3231;3416;197,3;-364;185;0
vpja69;2;3468;3630;40,1;-349,9;162;255000
vpja69;2;3654;4091;26,5;-346,6;437;255000
vpja69;2;4166;4553;-406,6;-334,6;387;0
vpja69;2;4624;4720;-12,4;-374,3;96;0
vpja69;2;4752;5557;24;-354,9;805;255000
vpja69;2;5591;5762;143,8;-396,8;171;0
vpja69;2;5830;5999;-331,3;-362,9;169;0
vpja69;2;6053;6438;-451,2;-294,6;385;0
vpja69;2;6496;6860;-466,2;-453,6;364;0
vpja69;2;6910;7163;-414,8;-276,2;253;0
vpja69;2;7227;7376;-214,8;-217,9;149;0
vpja69;2;7469;7669;406;-197,2;200;0
vpja69;2;7713;7885;495,7;-194,5;172;0
vpja69;2;8086;8314;-382,8;90,1;228;255
vpja69;2;8352;8551;-255,1;160,8;199;255
vpja69;2;8575;8891;-234,6;160,7;316;255
vpja69;2;8949;9192;87,6000000000001;165,1;243;0
vpja69;2;9218;9344;46,4000000000001;161,6;126;2,55e+08
vpja69;2;9408;9617;318,7;240,6;209;255255000
vpja69;2;9656;9791;369,9;298,7;135;255255000
vpja69;2;9814;10000;383;320,6;186;0
vpja69;3;239;336;110;-198,7;97;255000
vpja69;3;371;704;124,9;-132,5;333;255000
vpja69;3;730;1063;149,6;-156,3;333;255000
vpja69;3;1132;1271;54,9;213;139;255
vpja69;3;1303;1559;57,5;244,7;256;255
vpja69;3;1629;1874;-322,7;145,1;245;255255000
vpja69;3;1910;2801;-392,3;111,2;891;255255000
vpja69;3;2870;3021;82,9;-190,9;151;255000
vpja69;3;3058;3296;127,1;-166,6;238;255000
vpja69;3;3345;3585;172,7;-271,8;240;255000
vpja69;3;3609;4043;226,3;-282,4;434;255000
vpja69;3;4099;4254;182,8;-173,6;155;255000
vpja69;3;4290;4475;145,9;-145,4;185;255000
vpja69;3;4540;4940;431;-307,1;400;0
vpja69;3;5022;5216;548,2;87,8000000000001;194;0
vpja69;3;5275;5483;589;327,1;208;0
vpja69;3;5553;5716;94,3000000000001;305,1;163;255
vpja69;3;5748;5928;52,8;264;180;255
vpja69;3;5998;6270;-401,3;136,2;272;255255000
vpja69;3;6295;6733;-377,1;99,7;438;255255000
vpja69;3;6820;6994;63,6;268,5;174;255
vpja69;3;7018;7610;66,4;245,9;592;255
vpja69;3;7687;8544;145;-175,5;857;255000
vpja69;3;8569;9003;169,5;-158,3;434;255000
vpja69;3;9020;9617;159,6;-157,6;597;255000
vpja69;3;9653;9877;124,2;-141,2;224;255000
vpja69;4;237;493;-4,19999999999993;-236,1;256;255000
vpja69;4;520;727;-0,899999999999977;-288,4;207;255000
vpja69;4;819;1118;269,3;277,7;299;0
vpja69;4;1159;1451;318,6;365;292;0
vpja69;4;1543;1763;-444,1;324,2;220;255255000
vpja69;4;1791;2110;-514,9;355,1;319;255255000
vpja69;4;2188;2370;-383,9;-162,3;182;0
vpja69;4;2419;2868;-385,2;-265,1;449;0
vpja69;4;2916;3139;-462,2;-310,4;223;0
vpja69;4;3231;3358;135,2;-285,8;127;0
vpja69;4;3414;3524;312,9;-362,7;110;0
vpja69;4;3575;3795;485,6;-319,2;220;0
vpja69;4;3823;4079;496,9;-299,8;256;0
vpja69;4;4156;4371;490,2;85,4;215;0
vpja69;4;4411;4629;381,1;100,3;218;0
vpja69;4;4660;4774;390,4;72,7;114;0
vpja69;4;4827;5096;257,9;-68;269;0
vpja69;4;5131;5369;247,1;-20;238;0
vpja69;4;5425;5664;522,5;42;239;0
vpja69;4;5694;5924;539,8;13,9;230;0
vpja69;4;5998;6217;-16,3;-273,5;219;255000
vpja69;4;6241;6787;12,1;-298,2;546;255000
vpja69;4;6861;7027;-134,2;-63;166;2,55e+08
vpja69;4;7061;7310;-84,3;-55,3;249;2,55e+08
vpja69;4;7371;7614;-76,9;120,1;243;2,55e+08
vpja69;4;7650;7829;-87,3;157,4;179;2,55e+08
vpja69;4;7878;8020;49,6;140,6;142;2,55e+08
vpja69;4;8090;8379;-8,69999999999993;-277,2;289;255000
vpja69;4;8398;8934;-8,60000000000002;-310,8;536;255000
vpja69;4;9037;9194;286,5;290,5;157;0
vpja69;4;9226;9534;246,7;282,5;308;255
vpja69;4;9595;9816;-64,4;71,3000000000001;221;2,55e+08
vpja69;4;9911;10000;288,2;325,4;89;255
vpja69;5;240;331;-64,5;-184,5;91;255000
vpja69;5;355;563;-109,4;-183,3;208;0
vpja69;5;638;838;-457,4;69,1;200;255
vpja69;5;885;1367;-528,1;86;482;255
vpja69;5;1445;1543;-122,2;-140,9;98;0
vpja69;5;1586;1808;-103,8;-204,5;222;255000
vpja69;5;1828;2187;-99;-186,2;359;255000
vpja69;5;2264;2473;-401,8;-338;209;0
vpja69;5;2525;2661;-550,4;-400,7;136;0
vpja69;5;2756;2900;203,3;-367,9;144;0
vpja69;5;2971;3183;433,6;-47,8;212;0
vpja69;5;3234;3376;577,3;-120,2;142;0
vpja69;5;3408;3597;602,5;-137,9;189;0
vpja69;5;3671;3855;65,4;46,7;184;0
vpja69;5;3903;4109;-31,1;105,9;206;255255000
vpja69;5;4176;4347;195,2;329,9;171;0
vpja69;5;4415;4549;-76,4;313,1;134;0
vpja69;5;4610;4782;-360,2;285,1;172;2,55e+08
vpja69;5;4987;5059;-527,9;287;72;0
vpja69;5;5141;5572;-80,2;203,2;431;0
vpja69;5;5625;5797;-208,6;329,9;172;0
vpja69;5;5862;6061;-530,4;86,5;199;255
vpja69;5;6107;6660;-605,9;125,7;553;0
vpja69;5;6707;7106;-495,5;89,9000000000001;399;255
vpja69;5;7128;7524;-450,5;91,7;396;255
vpja69;5;7545;7703;-481,1;89,4000000000001;158;255
vpja69;5;7726;8003;-424,4;70;277;255
vpja69;5;8053;8144;-497,2;-22,5999999999999;91;0
vpja69;5;8216;8357;-86,1;-136,8;141;2,55e+08
vpja69;5;8398;8597;-95;-191,4;199;255000
vpja69;5;8618;8929;-107,2;-194,3;311;255000
vpja69;5;8991;9150;-282,9;51,8000000000001;159;0
vpja69;5;9179;9729;-255,3;67,2;550;2,55e+08
vpja69;5;9777;9907;-80,8000000000001;-218,4;130;255000
vpja69;5;9943;10000;-94,5;-195;57;255000
vpja69;6;216;310;-10,9;-269,6;94;255000
vpja69;6;353;618;-11,2;-338,5;265;255000
vpja69;6;645;817;1;-369,6;172;255000
vpja69;6;1082;1143;-348,9;278,5;61;255
vpja69;6;1194;1347;-260,6;255,7;153;255
vpja69;6;1373;1534;-217,4;242,9;161;255
vpja69;6;1620;1781;371,8;338,7;161;0
vpja69;6;1816;2032;425,6;363,8;216;255255000
vpja69;6;2110;2250;186;-91;140;2,55e+08
vpja69;6;2322;2612;-5,30000000000007;-342,1;290;255000
vpja69;6;2634;2869;-0,600000000000023;-360,5;235;255000
vpja69;6;2934;3262;-346,4;-289,3;328;0
vpja69;6;3319;3398;-529,8;-307,6;79;0
vpja69;6;3535;3769;-297,2;-260,6;234;0
vpja69;6;3839;4052;-12,2;-362,5;213;255000
vpja69;6;4086;4351;25,3;-360;265;255000
vpja69;6;4412;4765;299,3;-190,5;353;0
vpja69;6;4819;4980;-8,89999999999998;-294,5;161;255000
vpja69;6;5042;5299;318;-253,1;257;0
vpja69;6;5336;5475;290,5;-202,8;139;0
vpja69;6;5564;5743;-446,1;-267,7;179;0
vpja69;6;5790;6118;-522,2;-290,8;328;0
vpja69;6;6211;6440;-442,5;244,5;229;0
vpja69;6;6483;6848;-429,9;333,2;365;255
vpja69;6;6904;7330;-485,5;86,9;426;0
vpja69;6;7393;7710;-446,7;321,1;317;255
vpja69;6;7749;7931;-456,2;382,9;182;255
vpja69;6;8024;8206;389,5;402,7;182;0
vpja69;6;8241;8528;438,3;430,8;287;255255000
vpja69;6;8579;8891;422,2;278,2;312;0
vpja69;6;8952;9102;579,8;80,6;150;0
vpja69;6;9142;9372;609,9;165,3;230;0
vpja69;6;9458;9604;-114,9;175,3;146;0
vpja69;6;9652;10000;-13,2;120,7;348;2,55e+08
vpja69;7;195;328;-186,9;-255,6;133;255000
vpja69;7;355;561;-220,9;-239,4;206;255000
vpja69;7;650;764;-94;336,4;114;255
vpja69;7;802;976;-139,2;346,2;174;0
vpja69;7;999;1171;-150,9;298,1;172;0
vpja69;7;1521;1629;-259,3;-258,8;108;0
vpja69;7;1661;2177;-221,3;-247,2;516;255000
vpja69;7;2215;2397;-36,1;-221,3;182;0
vpja69;7;2444;2860;4,29999999999995;-287,3;416;0
vpja69;7;2933;3071;-416,6;-288,9;138;0
vpja69;7;3138;3430;-606,9;-95,8;292;0
vpja69;7;3501;3731;-526;136,2;230;0
vpja69;7;3811;3937;-78,5;21,9000000000001;126;2,55e+08
vpja69;7;4014;4206;231,1;-143,8;192;0
vpja69;7;4264;4844;268,1;-342,1;580;0
vpja69;7;4873;5167;341,1;-346,1;294;0
vpja69;7;5232;5357;389,8;-36,5;125;0
vpja69;7;5396;5631;438,2;38,7;235;0
vpja69;7;5717;5871;-220,9;248,2;154;0
vpja69;7;5928;6157;-459,7;282,8;229;255255000
vpja69;7;6226;7080;-155,8;293,9;854;0
vpja69;7;7113;7747;-130,9;325,5;634;255
vpja69;7;8065;8209;-467,2;270,3;144;255255000
vpja69;7;8309;8409;-289,3;-314,6;100;0
vpja69;7;8450;9097;-225,8;-264,1;647;255000
vpja69;7;9123;9369;-212,9;-235,4;246;255000
vpja69;7;9419;9665;-80,9;-241,5;246;0
vpja69;7;9695;9999;-58,1;-234,8;304;0
vpja69;8;205;311;31,8;-231,6;106;0
vpja69;8;346;598;95,5999999999999;-187,6;252;255000
vpja69;8;613;997;94,2;-196,1;384;255000
vpja69;8;1023;2089;106,3;-213,9;1066;255000
vpja69;8;2166;2409;-356,9;-191,2;243;0
vpja69;8;2472;2619;-294,2;-6,79999999999995;147;255
vpja69;8;2670;2956;-614;-136,8;286;0
vpja69;8;2997;3495;-612,2;-176,8;498;0
vpja69;8;3572;3707;-135,7;-248,5;135;0
vpja69;8;3763;3892;-42,6;-332,4;129;0
vpja69;8;3917;4091;-37;-375,1;174;0
vpja69;8;4172;4376;423,8;-330,7;204;0
vpja69;8;4442;4585;-28;-346,4;143;0
vpja69;8;4642;4872;-19,6;-184,9;230;0
vpja69;8;4946;5135;424,1;-334,8;189;0
vpja69;8;5174;5703;436;-398;529;0
vpja69;8;5743;6012;586,3;-330,9;269;0
vpja69;8;6031;6244;608;-355;213;0
vpja69;8;6293;6650;412,1;-324,5;357;0
vpja69;8;6674;6955;405,4;-297,5;281;0
vpja69;8;7043;7285;349,1;233,3;242;255255000
vpja69;8;7372;7603;-320,4;84,9;231;255
vpja69;8;7683;7921;-558,4;360,7;238;0
vpja69;8;7983;8148;-419,3;69,9;165;255
vpja69;8;8232;8398;117,4;-197,9;166;255000
vpja69;8;8432;8671;97,2;-187,8;239;255000
vpja69;8;8698;9621;108,5;-197,9;923;255000
vpja69;8;9647;10000;108,7;-150,8;353;255000
vpja69;9;217;352;39,6;-263,1;135;255000
vpja69;9;374;1709;35,9;-288,1;1335;255000
vpja69;9;1779;2143;-190,7;41,6;364;255
vpja69;9;2207;2360;-458,1;115,4;153;0
vpja69;9;2456;2626;378,5;87;170;255255000
vpja69;9;2662;2834;434,9;110,1;172;255255000
vpja69;9;2856;3307;443,8;78,3;451;255255000
vpja69;9;3353;3596;452,3;17,8;243;255255000
vpja69;9;3692;4010;656;-161,3;318;NA
vpja69;9;4069;4264;525;-16,4;195;0
vpja69;9;4342;4481;376,3;-338,3;139;0
vpja69;9;4545;4778;25,6;-292,8;233;255000
vpja69;9;4800;5829;53,1;-291;1029;255000
vpja69;9;5927;6310;-589,2;-137,6;383;0
vpja69;9;6388;6782;-189,1;28,3;394;0
vpja69;9;6848;7399;33,4;-277,1;551;255000
vpja69;9;7418;8040;42,6999999999999;-281,7;622;255000
vpja69;9;8052;8300;42,3;-292,7;248;255000
vpja69;9;8311;9510;48,8;-303,3;1199;255000
vpja69;9;9524;10000;57,9;-297,2;476;255000
vpja69;10;40;104;25,3000000000001;-25,8;64;2,55e+08
vpja69;10;138;238;3,40000000000009;-27,5;100;2,55e+08
vpja69;10;306;468;-16;-294,7;162;255000
vpja69;10;497;1230;-21,8;-271,4;733;255000
vpja69;10;1251;1511;-11,5999999999999;-253;260;255000
vpja69;10;1527;2149;-12,8;-257,9;622;255000
vpja69;10;2235;2484;-380,6;146,9;249;0
vpja69;10;2570;2717;275,3;131,5;147;255255000
vpja69;10;2776;3191;497,1;-89,2;415;0
vpja69;10;3263;3686;251,1;137,6;423;255255000
vpja69;10;3752;3932;42,2;435,7;180;0
vpja69;10;3965;4128;100,7;456,5;163;2,55e+08
vpja69;10;4194;4364;291,6;181,2;170;0
vpja69;10;4417;4702;501,7;-95,3;285;0
vpja69;10;4755;5074;539,1;-220,9;319;0
vpja69;10;5119;5540;522,5;-268,9;421;0
vpja69;10;5607;5822;27,6;-230,8;215;2,55e+08
vpja69;10;5858;6201;-38;-260,7;343;0
vpja69;10;6225;6434;-22;-274,9;209;255000
vpja69;10;6514;6744;-524,3;-215,6;230;0
vpja69;10;6816;6989;-570,8;56,7;173;0
vpja69;10;7024;7282;-604,8;71,9;258;0
vpja69;10;7307;7586;-561,7;47,5;279;0
vpja69;10;7611;8573;-572,5;52,2;962;0
vpja69;10;8695;8940;497,7;-189,6;245;0
vpja69;10;8990;9230;553,9;-306,9;240;0
vpja69;10;9294;9582;624,8;-81,6;288;0
vpja69;10;9663;9939;-25,5;-252,9;276;255000
vpja69;10;9958;10000;-8,59999999999991;-271,2;42;255000
vpja69;11;202;896;-27,7;-265,7;694;255000
vpja69;11;904;1089;-12,1;-266,5;185;255000
vpja69;11;1161;1390;-269,4;130,4;229;0
vpja69;11;1422;1554;-221,1;129,8;132;255
vpja69;11;1624;1814;281,6;157,2;190;255255000
vpja69;11;1861;2039;389,9;161,8;178;255255000
vpja69;11;2078;2268;437,1;216,9;190;255255000
vpja69;11;2322;2528;231,4;232,1;206;0
vpja69;11;2585;2869;462,3;-27,2;284;0
vpja69;11;2891;3028;472,7;-66,4;137;0
vpja69;11;3097;3260;206;-312,9;163;0
vpja69;11;3321;3428;-23,5;-347,1;107;255000
vpja69;11;3466;3611;-27;-300,2;145;255000
vpja69;11;3644;3944;-29,4;-269,6;300;255000
vpja69;11;4017;4229;-266,1;-132,3;212;0
vpja69;11;4271;4407;-305,8;-64,5;136;0
vpja69;11;4473;4726;-35,1;-264,9;253;255000
vpja69;11;4797;5021;322,9;-33,1;224;0
vpja69;11;5076;5438;527,8;23,6999999999999;362;0
vpja69;11;5536;5826;-345,3;-19;290;0
vpja69;11;5853;6248;-246;-10,5;395;0
vpja69;11;6292;6676;-227,8;90,3;384;255
vpja69;11;6713;7073;-256,2;128,8;360;255
vpja69;11;7143;7286;-53,9;-293,8;143;255000
vpja69;11;7321;7527;-21,1;-269,3;206;255000
vpja69;11;7558;8248;-15,5;-296;690;255000
vpja69;11;8262;8778;-10,6;-295,6;516;255000
vpja69;11;8803;9695;-22,8000000000001;-250,2;892;255000
vpja69;11;9735;9960;-22,1;-285,1;225;255000
vpja69;12;196;301;-108,48916967509;-255,745126353791;105;255000
vpja69;12;326;667;-53,7891696750902;-219,345126353791;341;255000
vpja69;12;693;852;-59,8891696750902;-189,945126353791;159;255000
vpja69;12;926;1105;160,31083032491;177,154873646209;179;255
vpja69;12;1129;1297;189,31083032491;181,054873646209;168;255
vpja69;12;1357;1582;-70,1891696750902;-226,545126353791;225;255000
vpja69;12;1614;2017;-48,9891696750902;-191,245126353791;403;255000
vpja69;12;2273;2484;-188,58916967509;293,154873646209;211;0
vpja69;12;2612;2921;166,21083032491;177,954873646209;309;255
vpja69;12;2946;3219;200,81083032491;188,754873646209;273;0
vpja69;12;3629;3764;-266,78916967509;-239,745126353791;135;0
vpja69;12;3817;4013;-454,98916967509;-253,445126353791;196;0
vpja69;12;4070;4304;-574,28916967509;-290,445126353791;234;0
vpja69;12;4333;4726;-607,88916967509;-176,145126353791;393;0
vpja69;12;4792;5011;-561,48916967509;-348,445126353791;219;0
vpja69;12;5058;5270;-615,58916967509;-355,345126353791;212;0
vpja69;12;5366;5557;82,3108303249098;-337,045126353791;191;0
vpja69;12;5624;5776;255,21083032491;-166,445126353791;152;0
vpja69;12;5825;6107;111,21083032491;-197,945126353791;282;0
vpja69;12;6169;6305;275,01083032491;-39,1451263537907;136;0
vpja69;12;6335;6573;171,01083032491;-79,2451263537907;238;0
vpja69;12;6624;7915;178,51083032491;154,854873646209;1291;255
vpja69;12;7972;8168;-48,5891696750903;-36,4451263537908;196;2,55e+08
vpja69;12;8225;8542;-83,9891696750902;-216,445126353791;317;255000
vpja69;12;8566;8762;-55,3891696750902;-193,945126353791;196;255000
vpja69;12;8787;9206;-62,1891696750902;-181,945126353791;419;255000
vpja69;12;9228;10000;-46,9891696750902;-213,045126353791;772;255000
vpja69;13;218;318;-38,9;-252,7;100;255000
vpja69;13;351;598;-21,0999999999999;-214,1;247;255000
vpja69;13;679;1055;317,5;216,3;376;255
vpja69;13;1093;1205;348,4;262;112;255
vpja69;13;1266;1422;408,1;8,5;156;0
vpja69;13;1485;2076;12;-238,3;591;255000
vpja69;13;2112;2650;-13,5999999999999;-209,3;538;255000
vpja69;13;2732;3048;-443,8;166,2;316;255255000
vpja69;13;3089;3330;-437;239,3;241;255255000
vpja69;13;3361;3528;-378,9;228,4;167;255255000
vpja69;13;3566;3662;-426,1;290,4;96;255255000
vpja69;13;3685;3735;-421,4;291,7;50;255255000
vpja69;13;3756;3958;-409,7;284,3;202;255255000
vpja69;13;4456;4606;-541,1;-115,5;150;0
vpja69;13;4649;4945;-545,9;-184,8;296;0
vpja69;13;5035;5182;19,6;-382,1;147;0
vpja69;13;5238;5450;230,3;-358,6;212;0
vpja69;13;5477;5632;145,7;-408,3;155;0
vpja69;13;5689;5880;363,8;-305,9;191;0
vpja69;13;5958;6169;488,7;20,1;211;0
vpja69;13;6226;6321;322,8;236,2;95;255
vpja69;13;6403;6652;-4,89999999999998;-250;249;255000
vpja69;13;6687;7012;-22,5999999999999;-217,1;325;255000
vpja69;13;7034;7206;-1,89999999999998;-203,4;172;255000
vpja69;13;7222;7499;5,10000000000002;-214,1;277;255000
vpja69;13;7560;7812;1,5;42;252;2,55e+08
vpja69;13;7874;8015;-24,4;-242,1;141;255000
vpja69;13;8119;8374;355,2;215,2;255;255
vpja69;13;8412;8754;331,5;257;342;255
vpja69;13;8789;9229;349,5;285,8;440;255
vpja69;13;9258;9823;325,3;237,3;565;255
vpja69;13;9847;9999;349,8;284,6;152;255
vpja69;14;232;341;73,9743839271699;-291,832396797991;109;255000
vpja69;14;374;674;113,77438392717;-260,632396797991;300;255000
vpja69;14;698;1106;84,5743839271701;-291,632396797991;408;255000
vpja69;14;1129;1373;120,87438392717;-285,732396797991;244;255000
vpja69;14;1448;1657;-392,82561607283;114,867603202009;209;0
vpja69;14;1721;2169;-438,92561607283;286,067603202009;448;255255000
vpja69;14;2260;2624;255,97438392717;354,067603202009;364;255
vpja69;14;2682;2952;403,77438392717;236,767603202009;270;0
vpja69;14;3025;3196;170,27438392717;-158,932396797991;171;2,55e+08
vpja69;14;3248;3353;122,07438392717;-246,932396797991;105;255000
vpja69;14;3431;3765;494,57438392717;205,867603202009;334;0
vpja69;14;3808;4165;463,77438392717;296,467603202009;357;0
vpja69;14;4236;4479;-5,62561607282998;321,067603202009;243;0
vpja69;14;4542;4818;-282,92561607283;307,867603202009;276;0
vpja69;14;4855;5048;-160,62561607283;290,067603202009;193;0
vpja69;14;5111;5349;-328,72561607283;162,967603202009;238;0
vpja69;14;5421;5643;-288,32561607283;-280,932396797991;222;0
vpja69;14;5696;5872;-141,92561607283;-276,632396797991;176;0
vpja69;14;5919;6298;-177,52561607283;-348,432396797991;379;0
vpja69;14;6347;6503;-223,02561607283;-216,032396797991;156;0
vpja69;14;6620;7276;441,47438392717;224,867603202009;656;0
vpja69;14;7332;7447;153,37438392717;-151,332396797991;115;2,55e+08
vpja69;14;7505;8160;111,17438392717;-279,632396797991;655;255000
vpja69;14;8294;8613;279,97438392717;390,167603202009;319;255
vpja69;14;8659;9089;331,37438392717;359,867603202009;430;255
vpja69;14;9116;9324;371,87438392717;402,667603202009;208;0
vpja69;14;9419;9736;-420,62561607283;211,467603202009;317;255255000
vpja69;14;9827;10000;94,4743839271699;-306,532396797991;173;255000
vpja69;15;216;330;108,8;-137,7;114;255000
vpja69;15;352;621;124;-106;269;255000
vpja69;15;631;956;122,1;-118,6;325;255000
vpja69;15;1012;1215;-219,5;-242,5;203;0
vpja69;15;1273;1592;-418,8;-115,2;319;0
vpja69;15;1666;1803;-218;-333,5;137;0
vpja69;15;1866;1974;-16,7;-276,7;108;0
vpja69;15;2010;2398;57,4;-274,3;388;0
vpja69;15;2456;2701;183,4;-108,5;245;255000
vpja69;15;2773;2826;34,5999999999999;206,4;53;0
vpja69;15;2881;3280;-165,1;300,3;399;255255000
vpja69;15;3660;4061;-139,8;298,3;401;255255000
vpja69;15;4137;4313;378;225,5;176;255
vpja69;15;4376;4499;253,7;404,8;123;255
vpja69;15;4570;4800;385,7;179;230;0
vpja69;15;4823;5167;410,9;161,8;344;0
vpja69;15;5225;5791;150,6;-116,3;566;255000
vpja69;15;5814;6349;132,5;-126,4;535;255000
vpja69;15;6420;6661;266,3;380,1;241;255
vpja69;15;6708;6911;345,5;343,1;203;255
vpja69;15;6943;7121;412,9;332,7;178;255
vpja69;15;7174;7437;604,3;445,7;263;0
vpja69;15;7527;7748;-133,7;297,5;221;255255000
vpja69;15;9363;9572;100,1;-186,5;209;255000
vpja69;15;9607;10000;211,5;-131,4;393;0
vpja69;16;214;321;-336,9;-42,6999999999999;107;255000
vpja69;16;357;651;-377,1;-8,10000000000002;294;255000
vpja69;16;673;934;-396,6;-23,6999999999999;261;0
vpja69;16;1232;1360;-390,1;-61,1;128;255000
vpja69;16;1391;2163;-390;-31,6999999999999;772;255000
vpja69;16;2196;2401;-386,8;-4,79999999999995;205;2,55e+08
vpja69;16;2453;2848;-207;-67,8;395;0
vpja69;16;2875;2998;-251;-81,5;123;0
vpja69;16;3061;3269;-610,6;-250,8;208;0
vpja69;16;3319;3471;-610,9;-378,5;152;0
vpja69;16;3548;3737;-81;-202,8;189;0
vpja69;16;3811;3932;415,5;-64,1;121;0
vpja69;16;3978;4197;525,5;-63,3;219;0
vpja69;16;4275;5118;183,2;209;843;255255000
vpja69;16;5144;5284;230,2;253,9;140;255255000
vpja69;16;5355;5738;509,5;443,2;383;0
vpja69;16;5804;5975;-78,4;224,8;171;0
vpja69;16;6044;6135;-345,3;292,1;91;255
vpja69;16;6276;6424;-376,4;-62,1999999999999;148;255000
vpja69;16;6457;7555;-375,4;-40,6999999999999;1098;255000
vpja69;16;7579;7911;-392,8;-40,8;332;255000
vpja69;16;8543;9595;-375,9;-31,5;1052;255000
vpja69;16;9646;9835;-230,5;-68,8;189;0
vpja69;16;9857;10000;-246,6;-86,3;143;0
vpja69;17;161;294;-108,3;-136,4;133;255000
vpja69;17;327;821;-94,5;-156,1;494;255000
vpja69;17;885;1073;-112,2;-392,6;188;0
vpja69;17;1128;1313;84,1;-372,9;185;0
vpja69;17;1413;1869;-483,4;-145;456;0
vpja69;17;1941;2171;-208,4;116,6;230;0
vpja69;17;2245;2388;-151,7;381,9;143;0
vpja69;17;2437;3000;-61,3;315,1;563;0
vpja69;17;3053;3249;-47,6;118,4;196;0
vpja69;17;3276;3446;-0,299999999999955;152,9;170;255
vpja69;17;3504;3687;-301,8;170,9;183;255255000
vpja69;17;3708;3889;-275,4;168,9;181;0
vpja69;17;3922;4123;-308,7;187,3;201;0
vpja69;17;4199;4367;-111,8;-150,6;168;255000
vpja69;17;4396;4781;-94,6999999999999;-163,5;385;255000
vpja69;17;4844;5319;130,9;-370,2;475;0
vpja69;17;5402;5429;539,9;-44,6;27;0
vpja69;17;5445;5657;541,1;-21,5;212;0
vpja69;17;5702;5889;602,8;84,6;187;0
vpja69;17;5957;6169;62,6;93;212;0
vpja69;17;6244;6388;-296,6;-123,8;144;0
vpja69;17;6446;6572;-472;-86,4;126;0
vpja69;17;6651;6858;-505,8;279,5;207;0
vpja69;17;6894;7252;-536,7;304,8;358;0
vpja69;17;7326;7418;-166,5;206,4;92;0
vpja69;17;7466;7618;-43,1;157,2;152;255
vpja69;17;7692;8555;-113,4;-171,7;863;255000
vpja69;17;8581;8936;-107,3;-152,9;355;255000
vpja69;17;9013;9397;-348,1;154,9;384;0
vpja69;17;9430;9817;-290,2;160,6;387;0
vpja69;17;9843;10000;-336,4;183,7;157;0
vpja69;18;52;247;-2,72561607283001;-1,13239679799085;195;0
vpja69;18;315;813;-404,92561607283;-255,732396797991;498;255000
vpja69;18;916;1099;-546,12561607283;353,567603202009;183;255
vpja69;18;1126;1523;-498,72561607283;283,767603202009;397;255
vpja69;18;1609;1771;55,17438392717;207,067603202009;162;255255000
vpja69;18;1796;2023;110,67438392717;206,767603202009;227;255255000
vpja69;18;2051;2322;87,67438392717;199,367603202009;271;255255000
vpja69;18;2416;2678;-380,82561607283;-252,732396797991;262;255000
vpja69;18;2713;3047;-402,52561607283;-236,532396797991;334;255000
vpja69;18;3070;3262;-381,52561607283;-280,632396797991;192;255000
vpja69;18;3338;3427;106,97438392717;-30,4323967979909;89;0
vpja69;18;3501;3689;393,37438392717;-250,432396797991;188;0
vpja69;18;3727;4057;395,67438392717;-187,432396797991;330;0
vpja69;18;4087;4391;404,17438392717;-163,832396797991;304;0
vpja69;18;4444;4608;455,47438392717;-259,132396797991;164;0
vpja69;18;4645;4963;418,87438392717;-214,732396797991;318;0
vpja69;18;5001;5329;408,17438392717;-162,832396797991;328;0
vpja69;18;5379;5645;427,67438392717;-241,832396797991;266;0
vpja69;18;5677;5913;532,17438392717;-287,732396797991;236;0
vpja69;18;5984;6458;440,27438392717;104,167603202009;474;0
vpja69;18;6511;6895;226,87438392717;21,3676032020091;384;0
vpja69;18;6955;7184;-16,12561607283;-66,8323967979909;229;0
vpja69;18;7246;7377;77,17438392717;192,767603202009;131;255255000
vpja69;18;7440;7663;411,17438392717;271,067603202009;223;0
vpja69;18;7856;7965;123,27438392717;188,867603202009;109;255255000
vpja69;18;8001;8501;74,2743839271701;192,267603202009;500;255255000
vpja69;18;8522;8721;107,27438392717;203,567603202009;199;255255000
vpja69;18;9106;9179;-516,22561607283;282,067603202009;73;255
vpja69;18;9264;9555;-416,12561607283;-277,632396797991;291;255000
vpja69;18;9592;10000;-393,12561607283;-240,332396797991;408;255000
vpja69;19;200;473;-62,1;-211,8;273;255000
vpja69;19;488;638;-70,5;-231,6;150;255000
vpja69;19;1049;1069;-487;212,3;20;255
vpja69;19;1102;1200;-486,1;213,8;98;255
vpja69;19;1273;1489;-525,8;-152,5;216;0
vpja69;19;1525;1698;-385;-71,3;173;0
vpja69;19;1725;1942;-412,8;-123,1;217;0
vpja69;19;1981;2298;-401,2;-62,1;317;0
vpja69;19;2319;2629;-386,2;-60,6;310;0
vpja69;19;2662;3185;-331,9;-29,3;523;0
vpja69;19;3203;3442;-352,7;-19,3;239;0
vpja69;19;3505;3809;-46,8;-217,7;304;255000
vpja69;19;3834;4126;-37,9;-246,3;292;255000
vpja69;19;4201;4418;350,4;111;217;255255000
vpja69;19;4458;4677;359,2;181;219;255255000
vpja69;19;4701;4955;309,3;180,9;254;255255000
vpja69;19;4988;5212;420,1;229,2;224;255255000
vpja69;19;5288;5761;560,6;-249,9;473;0
vpja69;19;5819;5919;92,3;-248;100;0
vpja69;19;5968;6182;-35,8;-234,9;214;255000
vpja69;19;6214;6439;-54,3;-221,1;225;255000
vpja69;19;6463;6786;-40,5;-246,1;323;255000
vpja69;19;6877;6926;-475,1;205,5;49;255
vpja69;19;6947;7249;-472,9;210,5;302;255
vpja69;19;7296;7583;-551,5;-109,4;287;0
vpja69;19;7632;7888;-545,1;-381,9;256;0
vpja69;19;7966;8119;-104,5;-247,8;153;0
vpja69;19;8155;8321;-60,5;-229,8;166;255000
vpja69;19;8342;8992;-48,8;-236;650;255000
vpja69;19;9016;9468;-68,5;-218,9;452;255000
vpja69;19;9487;10000;-49,1;-241,1;513;255000
vpja69;20;199;346;-107,3;-187,9;147;255000
vpja69;20;366;885;-107,4;-168,8;519;255000
vpja69;20;939;1275;-367,2;-316,5;336;0
vpja69;20;1333;1465;-163,9;-152,3;132;255000
vpja69;20;2239;2418;74,1999999999999;87,9;179;0
vpja69;20;2450;2691;106,3;100,9;241;255
vpja69;20;2746;2945;339,9;-34,1;199;0
vpja69;20;3003;3147;-54,9;-175,2;144;255000
vpja69;20;3179;3371;-88,3000000000001;-173,7;192;255000
vpja69;20;3457;3690;602,6;-181,6;233;0
vpja69;20;3738;3954;603,8;-247,4;216;0
vpja69;20;4031;4170;-55,8000000000001;-189,6;139;255000
vpja69;20;4205;4838;-88,9;-180,5;633;255000
vpja69;20;4859;5397;-97,6;-191,1;538;255000
vpja69;20;5425;5977;-95,2;-248,1;552;255000
vpja69;20;6020;6353;-103,5;-173,6;333;255000
vpja69;20;6399;6764;-104,3;-42,9;365;2,55e+08
vpja69;20;6790;7287;-122;-86,2;497;2,55e+08
vpja69;20;7338;7612;-268,3;-19,6;274;2,55e+08
vpja69;20;7666;7805;-132,2;-130,1;139;2,55e+08
vpja69;20;7850;8259;-96,1;-177;409;255000
vpja69;20;8336;8661;0,899999999999977;119,8;325;0
vpja69;20;8719;8969;-89,8000000000001;-194,6;250;255000
vpja69;20;9022;9283;89,8000000000001;-239;261;0
vpja69;20;9337;10000;-95,9;-189,9;663;255000
vpja69;21;193;294;-11,8;-218,6;101;255000
vpja69;21;333;607;-17,6;-282,3;274;255000
vpja69;21;629;804;4,30000000000007;-283,4;175;255000
vpja69;21;1234;1353;-361;152,3;119;0
vpja69;21;1439;1581;222,2;165;142;255255000
vpja69;21;1617;2014;292,2;153;397;255255000
vpja69;21;2040;2667;243,4;151,9;627;255255000
vpja69;21;2729;2930;255,3;-331,9;201;0
vpja69;21;2993;3215;-89,8;-348,5;222;0
vpja69;21;3281;3389;264;-450,2;108;0
vpja69;21;3414;3637;288,9;-443,2;223;0
vpja69;21;3700;3958;-70,6999999999999;-442,8;258;0
vpja69;21;3980;4258;-82,5;-450,9;278;0
vpja69;21;4298;4495;-77;-377,1;197;0
vpja69;21;4567;4880;-544,4;-460,9;313;0
vpja69;21;4951;5161;-502,8;-212,5;210;0
vpja69;21;5475;5593;187,8;9,39999999999998;118;2,55e+08
vpja69;21;5643;5859;313,5;-3,60000000000002;216;0
vpja69;21;5889;6218;416,4;9,20000000000005;329;0
vpja69;21;6242;6896;463,5;26,4;654;0
vpja69;21;6947;7147;605,5;-11,5;200;0
vpja69;21;7217;7531;552,4;354,4;314;0
vpja69;21;7553;7779;525,4;357,5;226;0
vpja69;21;7892;8061;-485,9;26,2;169;0
vpja69;21;8107;8386;-484;-49,6999999999999;279;0
vpja69;21;8418;8723;-337,9;136,5;305;255
vpja69;21;8773;9057;-109,1;-131,9;284;0
vpja69;21;9116;9760;-6,69999999999993;-287,9;644;255000
vpja69;21;9790;10000;10,6;-298,6;210;255000
vpja69;22;196;297;-47,2;-222,2;101;0
vpja69;22;341;466;-29,1;-320,7;125;255000
vpja69;22;498;1337;-28,1;-284,9;839;255000
vpja69;22;1354;1637;-18,2;-295,2;283;255000
vpja69;22;1661;1787;1,59999999999991;-346,3;126;255000
vpja69;22;1854;1999;-237,4;-39;145;255
vpja69;22;2046;2740;-29,1;-83,3;694;255255000
vpja69;22;2801;2944;-22,8000000000001;-273,8;143;255000
vpja69;22;3017;3310;-248,9;-34,3;293;255
vpja69;22;3373;3488;-36,9000000000001;-67,3;115;255255000
vpja69;22;3516;3749;-98,7;-8,89999999999998;233;255255000
vpja69;22;3824;4097;403,2;-83,6;273;0
vpja69;22;4153;4413;472;-269,7;260;0
vpja69;22;4436;4553;463,1;-309,6;117;0
vpja69;22;4620;4793;-89,6;-333,1;173;0
vpja69;22;4861;5045;-263,4;-15;184;0
vpja69;22;5071;5262;-233,3;-24,3;191;255
vpja69;22;5332;5570;-188,8;-278;238;0
vpja69;22;5619;5954;-25,5;-312,4;335;255000
vpja69;22;5983;6353;-26,7;-295;370;255000
vpja69;22;6439;6708;-531,6;-122,3;269;0
vpja69;22;6738;6905;-573,2;-170,4;167;0
vpja69;22;6987;7100;-57,7;-341;113;255000
vpja69;22;7137;7497;-13,8000000000001;-320,2;360;255000
vpja69;22;7521;7899;-24,6;-306,4;378;255000
vpja69;22;8009;8229;65,6999999999999;395,4;220;2,55e+08
vpja69;22;8269;8473;37,8;417,5;204;2,55e+08
vpja69;22;8543;8876;17,3;114,2;333;2,55e+08
vpja69;22;8920;9172;12,5;44,5;252;2,55e+08
vpja69;22;9245;9437;48,1999999999999;439,2;192;2,55e+08
vpja69;22;9470;9669;8,89999999999998;446,8;199;2,55e+08
vpja69;22;9734;10000;-353;430,3;266;0
vpja69;23;188;315;47,9000000000001;-35,8000000000001;127;255000
vpja69;23;335;724;65,2;-25,8000000000001;389;255000
vpja69;23;786;964;285,5;164,5;178;255
vpja69;23;996;1371;286;191,5;375;255
vpja69;23;1595;1925;-31,8;118,1;330;255255000
vpja69;23;1989;2105;47;-36;116;255000
vpja69;23;2136;2320;66,8;-33,6;184;255000
vpja69;23;2378;2592;289,2;-154,8;214;0
vpja69;23;2619;2774;273,9;-186,4;155;0
vpja69;23;2799;2965;300,9;-149,5;166;0
vpja69;23;3025;3443;-31;-195,6;418;0
vpja69;23;3484;3667;67,1000000000001;-188,8;183;0
vpja69;23;3713;3833;52,7;-81,2;120;255000
vpja69;23;3897;4122;395,2;-176,5;225;0
vpja69;23;4168;4425;525,9;-275,6;257;0
vpja69;23;4563;4790;-387,1;-70,4;227;0
vpja69;23;4866;5074;-400,4;-413,3;208;0
vpja69;23;5100;5529;-314,3;-437,6;429;0
vpja69;23;5626;6089;81,8;-28,5;463;0
vpja69;23;6115;6456;6,80000000000007;-66,3000000000001;341;255000
vpja69;23;6670;6818;53,1;-28,7;148;255000
vpja69;23;6843;7240;72;-29,6;397;255000
vpja69;23;7298;8068;323;194,6;770;255
vpja69;23;8094;8364;282,9;198,2;270;0
vpja69;23;8423;8542;35,8000000000001;40,3;119;2,55e+08
vpja69;23;8586;8740;50,7;-29,6;154;255000
vpja69;23;8798;8959;-47,0999999999999;123,2;161;255255000
vpja69;23;8989;9289;-61,0999999999999;84,6;300;0
vpja69;23;9314;9535;-40,8;60,4;221;255255000
vpja69;23;9568;9714;-62,0999999999999;62,6;146;0
vpja69;23;9799;10000;-563,7;148,8;201;0
vpja69;24;231;294;-305,1;41;63;0
vpja69;24;374;734;-454;-130;360;255000
vpja69;24;775;928;-438,4;-336,7;153;0
vpja69;24;983;1138;-451,3;-121;155;255000
vpja69;24;1179;1338;-438,9;-154,7;159;255000
vpja69;24;1367;1572;-448,3;-134,4;205;255000
vpja69;24;1631;1867;-213,2;-261,4;236;0
vpja69;24;1927;2098;11,3000000000001;-377,9;171;0
vpja69;24;2126;2415;53,4;-421,9;289;0
vpja69;24;2438;2815;29,8000000000001;-401,9;377;0
vpja69;24;2839;2983;52,3000000000001;-398,7;144;0
vpja69;24;3054;3297;472,6;-285,1;243;0
vpja69;24;3349;3521;556;-144,2;172;0
vpja69;24;3560;3752;429,9;-127,8;192;0
vpja69;24;3850;4011;-191,7;132,6;161;255255000
vpja69;24;4349;4568;-585,4;414,9;219;0
vpja69;24;4648;4837;9,89999999999998;26,7;189;255
vpja69;24;4881;5022;7,5;-36,0999999999999;141;255
vpja69;24;5092;5680;-448,2;-151;588;255000
vpja69;24;5713;6198;-431,5;-113;485;255000
vpja69;24;6231;6505;-439,2;-136,3;274;255000
vpja69;24;6560;7315;-181,4;-230,8;755;0
vpja69;24;7339;7568;-198,1;-256,5;229;0
vpja69;24;7595;7781;-245,5;-251,7;186;0
vpja69;24;7845;8199;55,5;-407,8;354;0
vpja69;24;8259;8530;-267,6;-423,6;271;0
vpja69;24;8633;8927;-448,3;-134,8;294;255000
vpja69;24;8950;9224;-436,9;-132,8;274;255000
vpja69;24;9248;9416;-443,6;-143,3;168;255000
vpja69;24;9468;9678;-279,4;-78;210;0
vpja69;24;9747;9913;4,80000000000007;-34,8;166;255
vpja69;24;9964;10000;22,3000000000001;-140,3;36;0
vpja69;25;230;324;27,9000000000001;-241,2;94;255000
vpja69;25;350;683;62,5;-212,9;333;255000
vpja69;25;693;872;67,3;-223,2;179;255000
vpja69;25;946;1304;282,3;187,7;358;255
vpja69;25;1370;1471;167,6;-147,2;101;2,55e+08
vpja69;25;1520;1941;77,9000000000001;-227,5;421;255000
vpja69;25;2002;2232;-194,9;-271,4;230;0
vpja69;25;2303;2554;304,4;-255,9;251;0
vpja69;25;2624;2909;549,3;-52,2;285;0
vpja69;25;4308;4471;222,4;158,2;163;0
vpja69;25;4497;4691;271,3;158,2;194;255
vpja69;25;4761;5071;77,2;-198,4;310;255000
vpja69;25;5097;5619;71,5;-232,3;522;255000
vpja69;25;5683;6193;149,2;118,3;510;2,55e+08
vpja69;25;6262;6499;69,6000000000001;-234,1;237;255000
vpja69;25;6525;7117;73,2;-182;592;255000
vpja69;25;7160;7382;77,3;-227,6;222;255000
vpja69;25;7406;8036;57;-242,2;630;255000
vpja69;25;8056;8460;75;-236,3;404;255000
vpja69;25;8479;8985;67,5;-237,5;506;255000
vpja69;25;9020;9492;71,9000000000001;-196,1;472;255000
vpja69;25;9577;10000;69,6000000000001;-208,9;423;255000
vpja69;26;187;299;-96,1;-189,9;112;255000
vpja69;26;322;513;-130,6;-179,4;191;255000
vpja69;26;557;630;-213,5;-168,1;73;0
vpja69;26;655;789;-142,4;-184,2;134;255000
vpja69;26;850;1076;-479,8;-50,6999999999999;226;255
vpja69;26;1142;1311;-537,1;134,9;169;255
vpja69;26;1361;1519;-477;277,6;158;0
vpja69;26;1557;1720;-435,8;310,5;163;0
vpja69;26;1769;1898;-433,7;181,1;129;0
vpja69;26;1958;2118;-172,5;171,5;160;2,55e+08
vpja69;26;2183;2328;100,9;72,3000000000001;145;0
vpja69;26;2392;2771;421;301,7;379;255255000
vpja69;26;2814;3262;415,1;410,5;448;0
vpja69;26;3326;3495;346,5;219,4;169;0
vpja69;26;3553;3752;243,6;-1,10000000000002;199;0
vpja69;26;3820;4174;12;-382,1;354;0
vpja69;26;4208;4424;98,9;-381,1;216;0
vpja69;26;4481;4816;427,7;-459;335;0
vpja69;26;4836;5023;441,4;-463;187;0
vpja69;26;5118;5245;-257,5;-207,8;127;0
vpja69;26;5275;5560;-346,9;-171,6;285;0
vpja69;26;5602;5888;-341,8;-228,4;286;0
vpja69;26;5961;6293;-606,5;-46,9;332;0
vpja69;26;6396;6691;-539,4;131,7;295;255
vpja69;26;6741;7140;-405,5;129,6;399;0
vpja69;26;7169;7594;-361,9;69,8000000000001;425;0
vpja69;26;7637;7881;-340,7;14,6;244;0
vpja69;26;7916;8180;-345,9;72,5;264;0
vpja69;26;8207;8438;-364,8;22,2;231;0
vpja69;26;8476;8601;-378,1;87,9;125;0
vpja69;26;8625;8868;-350;90,2;243;0
vpja69;26;8923;9344;-544,1;154,6;421;255
vpja69;26;9372;9609;-439,9;261,1;237;0
vpja69;26;9683;9815;-114,7;-153,4;132;255000
vpja69;26;9850;10000;-120,1;-186;150;255000
