vp;trial;timest;timeend;x;y;duration;roi
vpja81;1;358;830;-383,5;-73,1;472;255000
vpja81;1;844;975;-381,9;-56,6;131;255000
vpja81;1;1121;1276;-396,1;-49,4;155;255000
vpja81;1;1309;1599;-515,2;-155,1;290;0
vpja81;1;1624;1780;-568,1;-199,7;156;0
vpja81;1;2080;2380;-316,4;289,8;300;255
vpja81;1;2436;2614;-354,4;-44,6;178;255000
vpja81;1;2643;3015;-396,2;-57,9;372;255000
vpja81;1;3047;3194;-367,4;-5,29999999999995;147;255000
vpja81;1;3264;3423;206,8;153,8;159;255255000
vpja81;1;3462;3614;287,2;-5,5;152;0
vpja81;1;3661;3943;513,7;-86,3;282;0
vpja81;1;3971;4193;459;0;222;0
vpja81;1;4354;4529;259,6;14;175;0
vpja81;1;4581;4731;208,7;-260,8;150;0
vpja81;1;4770;4885;353,4;-298,9;115;0
vpja81;1;4944;5056;-57,1;-335,7;112;0
vpja81;1;5102;5294;-318,7;-398,3;192;0
vpja81;1;5322;5589;-406,9;-394,4;267;0
vpja81;1;5635;5807;-585,2;-322,6;172;0
vpja81;1;5834;6011;-589,8;-235,8;177;0
vpja81;1;6053;6310;-625,8;-146,5;257;0
vpja81;1;6345;6503;-360,7;-73,3;158;255000
vpja81;1;6524;7030;-383,6;-52,9;506;255000
vpja81;1;7084;7537;-380,5;138,2;453;2,55e+08
vpja81;1;7581;7868;-306,4;261,9;287;255
vpja81;1;7895;8203;-315,3;349,7;308;255
vpja81;1;8226;8320;-321,5;410;94;255
vpja81;1;8393;8634;150;199,5;241;255255000
vpja81;1;8861;9053;643,4;379,4;192;NA
vpja81;1;9084;9301;410,3;131,5;217;0
vpja81;1;9332;9549;357,3;-12,5;217;0
vpja81;1;9585;9763;494,4;-50,6999999999999;178;0
vpja81;1;9789;10000;523,3;-105,4;211;0
vpja81;2;410;558;-253,8;-226,1;148;255000
vpja81;2;573;870;-255,1;-249,1;297;255000
vpja81;2;928;1099;84,8;-274,7;171;0
vpja81;2;1132;1303;-56,6;-275,3;171;0
vpja81;2;1325;1474;-107,1;-248;149;0
vpja81;2;1587;1757;-237,8;-241,7;170;255000
vpja81;2;1824;2088;-131,6;336,4;264;255
vpja81;2;2110;2322;-128,7;298;212;255
vpja81;2;2352;2413;-246;247,1;61;2,55e+08
vpja81;2;3071;3175;-509,4;384,9;104;0
vpja81;2;3219;3359;-213,9;285,3;140;0
vpja81;2;3397;3727;-144,5;194,5;330;2,55e+08
vpja81;2;3742;3894;-135,9;212,9;152;2,55e+08
vpja81;2;3933;4225;-243,5;210,9;292;2,55e+08
vpja81;2;4400;4661;-221,1;-33,9;261;2,55e+08
vpja81;2;4689;5097;-251,5;-152,9;408;2,55e+08
vpja81;2;5142;5276;-271,3;75,5;134;2,55e+08
vpja81;2;5330;5452;-408;203,5;122;0
vpja81;2;5506;5643;-562,8;116;137;0
vpja81;2;5682;5783;-625,7;-33;101;0
vpja81;2;5853;6141;-233,3;-262,3;288;255000
vpja81;2;6175;6515;-232,5;-211,3;340;255000
vpja81;2;6686;6759;393,9;50,6;73;0
vpja81;2;6785;6972;418,8;61,9;187;0
vpja81;2;7019;7076;534,8;527,1;57;NA
vpja81;2;7094;7528;570,4;553,4;434;NA
vpja81;2;7605;7801;-87,5;390,1;196;0
vpja81;2;8247;8524;-478,8;290,9;277;0
vpja81;2;8963;9083;215,3;102,1;120;0
vpja81;2;9118;9289;288,4;69,1999999999999;171;0
vpja81;2;9357;9623;204,2;-251,2;266;0
vpja81;2;9661;9858;294,2;-355,7;197;0
vpja81;2;9915;10000;-49,5;-289,5;85;0
vpja81;3;315;479;-27,9;-249,6;164;255000
vpja81;3;492;556;-35,9;-261,9;64;255000
vpja81;3;701;930;-37,5;-281;229;255000
vpja81;3;1003;1352;-419,8;159,6;349;255255000
vpja81;3;1388;1582;-380,9;242,4;194;255255000
vpja81;3;1787;1996;360;263,4;209;255
vpja81;3;2015;2294;340,8;235,3;279;255
vpja81;3;2318;2545;352,2;289,8;227;255
vpja81;3;2567;2782;342,8;237,8;215;255
vpja81;3;2800;3133;332,1;214,5;333;255
vpja81;3;3167;3400;404;34,6;233;0
vpja81;3;3444;3589;347,6;200,4;145;255
vpja81;3;3753;3888;359,3;-120,1;135;0
vpja81;3;3934;4117;327,4;-300,3;183;0
vpja81;3;4179;4446;434,1;21,1;267;0
vpja81;3;4503;4637;340,2;225,6;134;255
vpja81;3;4686;4808;118,3;129,1;122;0
vpja81;3;4844;5226;27,3;105,5;382;2,55e+08
vpja81;3;5457;5481;68,9000000000001;223,7;24;0
vpja81;3;5539;5943;-17,5;62,8;404;2,55e+08
vpja81;3;5974;6253;-13,2;-98,4;279;2,55e+08
vpja81;3;6311;6480;274,6;10;169;0
vpja81;3;6682;6776;345,1;156,4;94;0
vpja81;3;6808;7083;353,9;259,3;275;255
vpja81;3;7118;7810;346,2;317,2;692;255
vpja81;3;7885;8031;4,10000000000002;-278,9;146;255000
vpja81;3;8056;8479;-33,5;-263,7;423;255000
vpja81;3;8514;8815;-22,8;-203,2;301;255000
vpja81;3;8879;9101;318,4;178,6;222;255
vpja81;3;9134;9232;350,9;219,2;98;255
vpja81;3;9482;9620;329,4;311,3;138;255
vpja81;3;9666;9975;427,9;80,1;309;0
vpja81;4;255;389;64,3000000000001;-69,6999999999999;134;255000
vpja81;4;411;766;77,1;-55,5;355;255000
vpja81;4;816;1187;298,7;89;371;255
vpja81;4;1370;1483;309,3;173;113;255
vpja81;4;1522;1841;68,4;211;319;0
vpja81;4;1891;2211;337,3;165,9;320;255
vpja81;4;2240;2490;272,2;106,2;250;255
vpja81;4;2537;2786;56,4;71,9000000000001;249;2,55e+08
vpja81;4;2990;3136;53,8000000000001;-37;146;255000
vpja81;4;3145;3582;74,9;-52,1999999999999;437;255000
vpja81;4;3673;3851;-556,5;106,8;178;0
vpja81;4;3883;4121;-563,8;155,3;238;0
vpja81;4;4165;4456;-591,5;335,7;291;0
vpja81;4;4490;4672;-577,9;364,4;182;0
vpja81;4;4752;4943;-279,5;-300,4;191;0
vpja81;4;4975;5155;-378,1;-353,8;180;0
vpja81;4;5195;5447;-469,9;-340,9;252;0
vpja81;4;5521;6036;-6,69999999999993;-210,4;515;0
vpja81;4;6055;6214;-24,5;-225,1;159;0
vpja81;4;6278;6439;346,9;-188,3;161;0
vpja81;4;6472;6644;395,3;-177,7;172;0
vpja81;4;6675;6795;492,5;-220,5;120;0
vpja81;4;6837;6993;490,5;-354,4;156;0
vpja81;4;7032;7262;567,5;-382,7;230;0
vpja81;4;7322;7450;598,8;-74,9;128;0
vpja81;4;7504;7632;574,8;226,3;128;0
vpja81;4;7681;7705;643,1;490,7;24;NA
vpja81;4;7723;7896;679,1;522;173;NA
vpja81;4;8180;8217;306,9;233,8;37;0
vpja81;4;8283;8591;293,9;112,1;308;255
vpja81;4;8632;8744;130,3;-23,4;112;0
vpja81;4;8777;8945;65,5000000000001;-63,4;168;255000
vpja81;4;8954;9599;75,6999999999999;-59,5;645;255000
vpja81;4;9824;9868;290,7;199,8;44;0
vpja81;4;9898;10000;323,9;154,3;102;255
vpja81;5;227;318;-43,7;-85,9;91;255255000
vpja81;5;359;566;-27,7;-272,8;207;255000
vpja81;5;588;1015;-39,3000000000001;-302,1;427;255000
vpja81;5;1081;1259;39,1;82,2;178;0
vpja81;5;1318;1467;56,9;312;149;2,55e+08
vpja81;5;1504;1654;63,4999999999999;410,8;150;2,55e+08
vpja81;5;1678;1881;23,9;452,5;203;2,55e+08
vpja81;5;1936;2125;-173,1;-3,39999999999998;189;0
vpja81;5;2150;2418;-240,9;-6,60000000000002;268;255
vpja81;5;2459;2590;-76,7;-7,19999999999993;131;0
vpja81;5;2731;2974;-222,7;-244,2;243;0
vpja81;5;3025;3140;-137,7;-105,9;115;0
vpja81;5;3214;3404;-446,4;42,1;190;0
vpja81;5;3435;3558;-532,1;-1,60000000000002;123;0
vpja81;5;3734;4023;-246,1;7,30000000000007;289;255
vpja81;5;4082;4533;-250,4;228,4;451;0
vpja81;5;4623;4885;358,9;-11,5;262;0
vpja81;5;4921;5083;419,3;-11,1999999999999;162;0
vpja81;5;5112;5393;297,8;-38,1;281;0
vpja81;5;5419;5552;208,5;-31,9;133;0
vpja81;5;5612;5833;456,1;-222,8;221;0
vpja81;5;5861;5998;514,5;-169,4;137;0
vpja81;5;6030;6217;457,4;-283;187;0
vpja81;5;6230;6457;436,7;-280,6;227;0
vpja81;5;6508;6736;179,5;-307,8;228;0
vpja81;5;6775;6964;-19,7;-310,9;189;255000
vpja81;5;6984;7386;-36,5;-298;402;255000
vpja81;5;7434;7732;-218;-255,1;298;0
vpja81;5;7769;7941;-225,2;-173,9;172;0
vpja81;5;8118;8249;-98,9;22,1;131;2,55e+08
vpja81;5;8271;8654;-108,7;21,3000000000001;383;0
vpja81;5;8698;9099;-243,9;-17,3;401;255
vpja81;5;9302;9376;-233,3;38,2;74;255
vpja81;5;9408;9688;-74,4;-55,4;280;255255000
vpja81;5;9734;9976;29,1999999999999;38,2;242;2,55e+08
vpja81;6;270;375;6,60000000000002;-222;105;255000
vpja81;6;405;654;-2,39999999999998;-255,1;249;255000
vpja81;6;1068;1343;-255,3;218,8;275;255
vpja81;6;1367;1888;-304,8;193,3;521;255
vpja81;6;2052;2296;294,8;191,5;244;255255000
vpja81;6;2324;2492;329,2;162,3;168;255255000
vpja81;6;2510;2916;304,8;147,7;406;255255000
vpja81;6;2997;3293;-268,9;174,1;296;255
vpja81;6;3316;3522;-247,6;194,9;206;255
vpja81;6;3545;3685;-285,4;161,9;140;255
vpja81;6;3716;3891;-307,2;32,5;175;255255255
vpja81;6;3933;4118;-269;167;185;255
vpja81;6;4606;4944;-239,4;226,4;338;255255255
vpja81;6;4965;5354;-282,7;184,1;389;255
vpja81;6;5456;5528;-250;212;72;255
vpja81;6;5559;5779;-109,2;131,3;220;2,55e+08
vpja81;6;6398;6654;-275,4;-62,9;256;255255255
vpja81;6;6771;6841;-285,9;245,1;70;255255255
vpja81;6;6923;7108;-41;-328,9;185;255255255
vpja81;6;7165;7335;261,8;-312,5;170;255255255
vpja81;6;7381;7805;479,2;-228,6;424;255255255
vpja81;6;7862;8062;565,4;-31,4;200;255255255
vpja81;6;8124;8330;473,6;238,3;206;255255255
vpja81;6;8379;8536;230;293;157;255255255
vpja81;6;8576;8679;45,8000000000001;248,4;103;255255255
vpja81;6;8851;9010;-257,8;6,60000000000002;159;255255255
vpja81;6;9066;9279;-293,7;156,3;213;255
vpja81;6;9323;9581;-372,8;258,7;258;255255255
vpja81;6;9615;10000;-288,3;204,3;385;255
vpja81;7;286;659;154,9;-142;373;255000
vpja81;7;1532;1748;261,4;380,5;216;255255000
vpja81;7;1771;1919;318,3;422,1;148;255255000
vpja81;7;1958;2180;456,3;269,4;222;255255000
vpja81;7;2216;2332;337,6;95,3000000000001;116;0
vpja81;7;2362;2550;206,2;79,5;188;2,55e+08
vpja81;7;2586;2908;147,7;111;322;2,55e+08
vpja81;7;3354;3524;189,4;-145,8;170;255000
vpja81;7;3546;3785;161,8;-160,2;239;255000
vpja81;7;3803;4162;172,9;-160,7;359;255000
vpja81;7;4226;4385;-204,6;-340,1;159;0
vpja81;7;4414;4642;-309;-353,4;228;0
vpja81;7;4703;5063;-406;-95,5999999999999;360;0
vpja81;7;5106;5331;-232,3;-190,2;225;0
vpja81;7;5362;5544;-128,9;-314,9;182;0
vpja81;7;5577;5988;-244,9;-439,9;411;0
vpja81;7;6033;6298;-396,5;-447,9;265;0
vpja81;7;6380;6508;257,3;-440,8;128;0
vpja81;7;6543;6813;408,6;-416,3;270;0
vpja81;7;7211;7346;-123,4;280,1;135;255
vpja81;7;7374;7581;-197,2;285,7;207;255
vpja81;7;7593;7819;-218,4;287,1;226;255
vpja81;7;8030;8308;313,5;409,2;278;255255000
vpja81;7;8353;8421;396,9;232,7;68;255255000
vpja81;7;8755;9036;257,1;438,6;281;0
vpja81;7;9064;9279;318,6;443;215;255255000
vpja81;7;9315;9894;245,9;427,2;579;0
vpja81;8;436;821;-304;-252,1;385;255000
vpja81;8;901;1012;192,6;125,6;111;255
vpja81;8;1046;1233;213,1;171,5;187;255
vpja81;8;1316;1541;-368,8;357,5;225;255255000
vpja81;8;1571;1779;-407,2;365,5;208;255255000
vpja81;8;1863;2089;198,4;168,8;226;255
vpja81;8;2129;2315;302;21;186;0
vpja81;8;2360;2439;367,8;-175,8;79;0
vpja81;8;2473;2737;421,4;-224,8;264;0
vpja81;8;2972;3048;215,8;241,8;76;255
vpja81;8;3085;3211;40,9;175,9;126;0
vpja81;8;3254;3621;-47,5;339,8;367;0
vpja81;8;3666;3987;172,1;165,5;321;255
vpja81;8;4020;4210;204,6;-49,5;190;0
vpja81;8;4249;4481;286,7;5,09999999999991;232;0
vpja81;8;4526;4722;186,6;143,5;196;255
vpja81;8;4763;4956;65,1999999999999;86,4;193;0
vpja81;8;5017;5282;-220,5;30,5999999999999;265;2,55e+08
vpja81;8;5621;5696;-70,1999999999999;147,3;75;0
vpja81;8;5750;5910;190,1;218,6;160;255
vpja81;8;5992;6065;-281,4;-170,6;73;255000
vpja81;8;6102;6469;-316,2;-259,9;367;255000
vpja81;8;6536;6895;-591,4;-235,1;359;0
vpja81;8;6983;7182;-42,6999999999999;-386,6;199;0
vpja81;8;7249;7373;85,6;-104,8;124;0
vpja81;8;7604;7685;333,6;124,1;81;0
vpja81;8;7819;7917;235,4;252,9;98;0
vpja81;8;7963;8028;203,2;220,1;65;255
vpja81;8;8055;8299;196,1;297,7;244;0
vpja81;8;8383;8604;137,7;211;221;255
vpja81;8;8998;9174;269,2;19,5999999999999;176;0
vpja81;8;9219;9581;414,4;-210,3;362;0
vpja81;8;9606;9816;417,7;-258,5;210;0
vpja81;9;250;551;86,8000000000001;-243,8;301;255000
vpja81;9;743;977;359,3;160,4;234;255
vpja81;9;988;1018;359;176,6;30;255
vpja81;9;1115;1280;-422,1;236,3;165;255255000
vpja81;9;1308;1524;-491,3;218,7;216;255255000
vpja81;9;1755;1918;13,6;-8,09999999999991;163;2,55e+08
vpja81;9;1955;2153;100,7;13,8000000000001;198;2,55e+08
vpja81;9;2213;2539;98,6;-254,1;326;255000
vpja81;9;2553;2875;79,6999999999999;-253,3;322;255000
vpja81;9;2947;3180;-443,5;-133,5;233;0
vpja81;9;3207;3407;-397,4;-64;200;0
vpja81;9;3450;3808;-511,9;25,7;358;0
vpja81;9;3842;4593;-318,7;-0,5;751;0
vpja81;9;4621;4930;-391,5;-63,5999999999999;309;0
vpja81;9;4951;5197;-368,3;-37,8;246;0
vpja81;9;5220;5573;-394,4;-48;353;0
vpja81;9;5610;5811;-445,4;-310,6;201;0
vpja81;9;5839;5955;-525,8;-326,7;116;0
vpja81;9;6072;6577;568,6;-185,6;505;0
vpja81;9;6598;6694;525,1;-189,1;96;0
vpja81;9;6760;7067;418,7;193;307;255
vpja81;9;7089;7214;447,1;187,7;125;255
vpja81;9;7243;7504;335,9;158,1;261;255
vpja81;9;7544;7728;274,3;331,1;184;0
vpja81;9;7761;7917;125,7;285,2;156;0
vpja81;9;8174;8213;78,1999999999999;211,9;39;0
vpja81;9;8223;8242;126,7;167,8;19;0
vpja81;9;8262;8396;48;80,9000000000001;134;2,55e+08
vpja81;9;8438;8576;7,60000000000002;184,8;138;0
vpja81;9;8615;8934;-92,1;106,5;319;2,55e+08
vpja81;9;8965;9135;-86,9;-29,5999999999999;170;2,55e+08
vpja81;9;9370;9487;197,9;43;117;2,55e+08
vpja81;9;9520;9714;63,6;-54,1999999999999;194;2,55e+08
vpja81;9;9781;9900;-351,1;178,4;119;0
vpja81;9;9932;10000;-458;223,3;68;255255000
vpja81;10;56;75;126,9;145,7;19;0
vpja81;10;97;225;0,799999999999955;21,4;128;2,55e+08
vpja81;10;285;437;-1,20000000000005;-263,6;152;255000
vpja81;10;459;680;-16,4;-293,3;221;255000
vpja81;10;996;1030;-330,2;152,8;34;0
vpja81;10;1115;1297;305,3;116,9;182;0
vpja81;10;1321;1654;262,1;130;333;255255000
vpja81;10;1700;1881;34;450,7;181;0
vpja81;10;2316;2501;611,2;37,5;185;0
vpja81;10;2527;2675;518,2;-44,9000000000001;148;0
vpja81;10;2756;2854;-35,5;-272,9;98;255000
vpja81;10;2885;3268;-11,7;-294,2;383;255000
vpja81;10;3350;3501;-514,1;34,0999999999999;151;0
vpja81;10;3540;3893;-596,8;60,6999999999999;353;0
vpja81;10;3932;4123;-352,7;91,1999999999999;191;255
vpja81;10;4285;4451;-22,3;-274;166;255000
vpja81;10;4476;5015;-8,5;-298,4;539;255000
vpja81;10;5075;5190;243;39,6999999999999;115;0
vpja81;10;5227;5320;284,6;102,8;93;255255000
vpja81;10;5389;5596;500,9;-141,6;207;0
vpja81;10;5623;5808;445,6;-234,9;185;0
vpja81;10;5848;5968;305,8;-289,9;120;0
vpja81;10;6140;6261;22,7;-12;121;2,55e+08
vpja81;10;6300;6487;-21,4;38,8;187;2,55e+08
vpja81;10;6531;6738;-168,9;26,8;207;2,55e+08
vpja81;10;6787;6994;101,5;6,59999999999991;207;2,55e+08
vpja81;10;7273;7532;259,4;140,5;259;255255000
vpja81;10;7557;7771;280,8;141,6;214;255255000
vpja81;10;7813;7990;462,4;180,4;177;0
vpja81;10;8033;8248;532,3;4,89999999999998;215;0
vpja81;10;8277;8556;454;94;279;0
vpja81;10;8582;8777;488;148,1;195;0
vpja81;10;8944;9063;-507,2;129,5;119;0
vpja81;10;9104;9348;-597,7;128,5;244;0
vpja81;10;9383;9726;-626,3;180,1;343;0
vpja81;10;9922;9999;-176,5;128,6;77;0
vpja81;11;266;323;-76,7;-280,6;57;2,55e+08
vpja81;11;358;442;-83;-336;84;255000
vpja81;11;467;699;-87,1;-365,6;232;255000
vpja81;11;873;969;280,8;180,9;96;255
vpja81;11;980;1093;253,9;152,9;113;255
vpja81;11;1205;1246;-324,8;298,1;41;0
vpja81;11;1280;1491;-454,5;251,4;211;255255000
vpja81;11;1527;1653;-498,4;302,8;126;0
vpja81;11;1740;1844;-127,1;-184,6;104;2,55e+08
vpja81;11;1881;2093;-89,8;-250,4;212;2,55e+08
vpja81;11;2169;2294;-87,9;95,2;125;2,55e+08
vpja81;11;2332;2429;-112,5;165,4;97;2,55e+08
vpja81;11;2498;2598;-288,8;-219,1;100;0
vpja81;11;2657;3050;-472,6;-302,7;393;0
vpja81;11;3072;3301;-513,3;-276,1;229;0
vpja81;11;3331;3548;-495,1;-393,4;217;0
vpja81;11;3574;3794;-510,5;-460,2;220;0
vpja81;11;3831;3966;-263,7;-369,8;135;0
vpja81;11;4026;4241;75,0999999999999;-272,8;215;0
vpja81;11;4305;4515;411,3;-187,7;210;0
vpja81;11;4550;4761;465,4;-143,4;211;0
vpja81;11;4861;4972;-353;-222,7;111;0
vpja81;11;5010;5161;-439,5;-238,7;151;0
vpja81;11;5184;5403;-491,4;-271,1;219;0
vpja81;11;5449;5769;-483,7;-455,7;320;0
vpja81;11;5883;6046;-57,9;-362,1;163;255000
vpja81;11;6060;6609;-70,4;-367,8;549;255000
vpja81;11;6622;6872;-66,4;-348;250;255000
vpja81;11;6917;7104;-45,6;-173,2;187;2,55e+08
vpja81;11;7139;7408;-76,8;-251,9;269;2,55e+08
vpja81;11;7439;7574;-126;-259;135;2,55e+08
vpja81;11;7629;7859;-70,9;-59,4;230;2,55e+08
vpja81;11;7913;8044;-83,3;90,9000000000001;131;0
vpja81;11;8078;8343;-91,5;146;265;2,55e+08
vpja81;11;8354;8512;-102,3;132,9;158;2,55e+08
vpja81;11;8712;8986;288,3;201,2;274;255
vpja81;11;9019;9331;287,9;328,9;312;0
vpja81;11;9360;9574;245,4;217,3;214;255
vpja81;11;9597;9899;269,7;176,5;302;255
vpja81;11;9938;10000;339;293,1;62;0
vpja81;12;340;422;-153,2;-134,4;82;255000
vpja81;12;445;734;-132,4;-139,9;289;255000
vpja81;12;784;1049;121,5;60,7;265;255
vpja81;12;1080;1169;135,5;186,4;89;0
vpja81;12;1228;1367;-117,3;185,5;139;2,55e+08
vpja81;12;1394;1533;-116,4;92,4;139;2,55e+08
vpja81;12;1601;2030;-464,6;145,1;429;255255000
vpja81;12;2048;2261;-480,7;134,6;213;255255000
vpja81;12;2353;2474;240,3;-3,89999999999998;121;0
vpja81;12;2508;2754;314,6;-15,8;246;0
vpja81;12;2792;2869;394,3;72,4;77;0
vpja81;12;2910;3029;173,2;244;119;0
vpja81;12;3088;3230;-85,3;264,8;142;0
vpja81;12;3265;3450;-2,19999999999993;212,2;185;2,55e+08
vpja81;12;3481;3765;-94,8;103,8;284;2,55e+08
vpja81;12;3788;4018;-105,8;44,5;230;2,55e+08
vpja81;12;4060;4165;-124,5;-121;105;255000
vpja81;12;4187;4827;-127,7;-146,1;640;255000
vpja81;12;4888;5076;-105,4;-424,5;188;0
vpja81;12;5134;5291;-424,9;-416,5;157;0
vpja81;12;5317;5567;-475,8;-430,6;250;0
vpja81;12;5625;5998;-486,4;-161,8;373;0
vpja81;12;6058;6222;-119,2;-114,1;164;255000
vpja81;12;6239;6504;-126,9;-140,1;265;255000
vpja81;12;6543;6741;-109,5;-41;198;2,55e+08
vpja81;12;6776;7159;-89,8;37,9;383;2,55e+08
vpja81;12;7179;7477;-74;59,2;298;2,55e+08
vpja81;12;7514;7813;147,3;45;299;255
vpja81;12;7848;8118;214,6;67,2;270;255
vpja81;12;8141;8430;246,4;87,8;289;0
vpja81;12;8566;8759;611,2;-189,9;193;0
vpja81;12;8799;8965;583,7;-53,9;166;0
vpja81;12;9029;9232;298,3;32,9;203;0
vpja81;12;9266;9396;355,8;7,79999999999995;130;0
vpja81;12;9428;9516;400,2;47,1;88;0
vpja81;12;9554;9746;315,9;-52,9;192;0
vpja81;12;9809;10000;27,9000000000001;-409,2;191;0
vpja81;13;197;245;-86,9;-165,9;48;255000
vpja81;13;426;661;-81;-181,9;235;255000
vpja81;13;723;942;106,8;112;219;0
vpja81;13;968;1047;162,6;124,8;79;0
vpja81;13;1115;1142;-268,9;100,3;27;255255000
vpja81;13;1436;1754;-136,5;14;318;2,55e+08
vpja81;13;2083;2129;-274,5;119,9;46;255255000
vpja81;13;2340;2525;310,3;-42,1999999999999;185;0
vpja81;13;2546;2691;334,8;-60,9;145;0
vpja81;13;2750;3086;589,5;-211,7;336;0
vpja81;13;3111;3493;597,6;-239,9;382;0
vpja81;13;3627;3761;-138,4;-388,7;134;0
vpja81;13;3811;4036;-327,6;-369,7;225;0
vpja81;13;4193;4220;122,4;243,6;27;0
vpja81;13;4240;4365;88,2;164,5;125;0
vpja81;13;4389;4539;68,3;121,1;150;0
vpja81;13;4576;4983;151,8;120,1;407;255
vpja81;13;5008;5202;82,9000000000001;108,9;194;0
vpja81;13;5813;5965;-78,6999999999999;-145;152;255000
vpja81;13;5983;6514;-78;-177,9;531;255000
vpja81;13;6569;6829;-132;16,1;260;2,55e+08
vpja81;13;6856;7017;-204,3;18,4000000000001;161;2,55e+08
vpja81;13;7046;7348;-287,4;-20,1999999999999;302;2,55e+08
vpja81;13;7739;8014;41,2;110,1;275;0
vpja81;13;8049;8218;2,60000000000002;220,1;169;0
vpja81;13;8941;9000;-134,7;118,8;59;0
vpja81;13;9062;9290;-84,4;-170,2;228;255000
vpja81;13;9331;9695;-96;-37,3;364;2,55e+08
vpja81;13;9722;9850;-133,2;8,30000000000007;128;2,55e+08
vpja81;14;226;302;101,1;-182,3;76;255000
vpja81;14;500;749;91;-257,8;249;255000
vpja81;14;800;917;-118,1;-139,4;117;0
vpja81;14;986;1325;-409,6;88,1999999999999;339;255
vpja81;14;1371;1503;-427,5;243;132;0
vpja81;14;1582;1725;90,9000000000001;229,1;143;255255000
vpja81;14;1766;1857;127,8;59,5;91;0
vpja81;14;1897;2167;159,7;-43,8000000000001;270;2,55e+08
vpja81;14;2232;2410;-102,1;-175,5;178;0
vpja81;14;2440;2567;-151,8;-251,2;127;0
vpja81;14;2611;2739;-142,2;-398,8;128;0
vpja81;14;2773;2993;-92,1999999999999;-418,2;220;0
vpja81;14;3062;3225;-401,3;-135,4;163;0
vpja81;14;3254;3565;-388;-93;311;0
vpja81;14;3604;3863;-477,5;-79,7;259;0
vpja81;14;3898;3981;-402,4;-64;83;0
vpja81;14;4086;4313;-78,4;-153;227;0
vpja81;14;4374;4593;-141,7;60,3;219;0
vpja81;14;4635;4713;-302,7;-85,7;78;0
vpja81;14;4755;4980;-378,5;-235,3;225;0
vpja81;14;5035;5237;-111,7;-300,6;202;0
vpja81;14;5279;5453;3,90000000000009;-318,8;174;0
vpja81;14;5510;5614;279,8;-349,7;104;0
vpja81;14;5660;5880;423,6;-366,5;220;0
vpja81;14;5915;6079;539,1;-375;164;0
vpja81;14;6102;6316;574,5;-420,1;214;0
vpja81;14;6350;6674;403,8;-444,3;324;0
vpja81;14;6714;7078;523,6;-207,1;364;0
vpja81;14;7097;7333;531,1;-177;236;0
vpja81;14;7478;7662;104,7;-252;184;255000
vpja81;14;7678;7933;90,8;-256,1;255;255000
vpja81;14;7979;8244;146,8;-76,3000000000001;265;2,55e+08
vpja81;14;8280;8569;162,6;-11;289;2,55e+08
vpja81;14;8636;8853;367,4;-393,5;217;0
vpja81;14;8878;9250;382,2;-434,3;372;0
vpja81;14;9272;9493;432,1;-444,1;221;0
vpja81;14;9534;9893;558,7;-440,7;359;0
vpja81;14;9916;10000;579,2;-476,5;84;0
vpja81;15;236;336;-315;-141,6;100;255000
vpja81;15;361;550;-367,1;-109;189;255000
vpja81;15;556;687;-370,2;-120,7;131;255000
vpja81;15;905;983;-338,6;-9,5;78;2,55e+08
vpja81;15;1149;1438;-291,9;101,5;289;255
vpja81;15;1480;1834;-351,8;-124,5;354;255000
vpja81;15;1856;2138;-379,6;-123,5;282;255000
vpja81;15;2163;2376;-334,2;-126,6;213;255000
vpja81;15;2446;2588;43,8;49,0999999999999;142;255255000
vpja81;15;2821;2922;174,5;214;101;0
vpja81;15;2940;3005;149,1;177,2;65;0
vpja81;15;3077;3273;-34,8000000000001;-270,1;196;0
vpja81;15;3317;3488;110,3;-396,7;171;0
vpja81;15;3512;3600;75,8;-407,1;88;0
vpja81;15;3675;3820;505,3;-335;145;0
vpja81;15;3866;3979;535;-126,5;113;0
vpja81;15;4120;4212;-292,8;-138,9;92;255000
vpja81;15;4245;4422;-340,5;-111,5;177;255000
vpja81;15;4446;4915;-331,3;-123,1;469;255000
vpja81;15;4978;5169;-350,1;207,9;191;0
vpja81;15;5204;5354;-288,1;199,8;150;255
vpja81;15;5420;5711;-568,6;486,4;291;NA
vpja81;15;5776;5878;-254,5;293,8;102;0
vpja81;15;6116;6205;-265,4;119,4;89;255
vpja81;15;6260;6454;24,3;60,6999999999999;194;255255000
vpja81;15;6495;6746;171,3;126,7;251;0
vpja81;15;6786;7059;294,1;251,6;273;0
vpja81;15;7098;7234;192;303,1;136;0
vpja81;15;7273;7439;88,7;108;166;255255000
vpja81;15;7465;7673;62,9;35;208;255255000
vpja81;15;7723;7893;-63,5;-224,4;170;0
vpja81;15;7926;8025;-7,90000000000009;-221,1;99;0
vpja81;15;8068;8328;-182,7;-258,1;260;0
vpja81;15;8355;8620;-223;-218,1;265;0
vpja81;15;8720;8971;549,4;-199,4;251;0
vpja81;15;9010;9307;473,1;-136,4;297;0
vpja81;15;9366;9613;548,6;-378,8;247;0
vpja81;15;9641;9764;433,3;-402,2;123;0
vpja81;15;9882;10000;121;-448,1;118;0
vpja81;16;183;409;20,8000000000001;-139,6;226;255000
vpja81;16;427;779;29,8000000000001;-132,3;352;255000
vpja81;16;834;1118;-66,4;245,2;284;255
vpja81;16;1138;1332;-88,1999999999999;234,6;194;255
vpja81;16;1363;1444;-85,1999999999999;126,3;81;2,55e+08
vpja81;16;1639;1741;-501,3;163,8;102;255255000
vpja81;16;1766;1884;-538,5;174,3;118;255255000
vpja81;16;1917;2126;-345,5;88,8;209;0
vpja81;16;2196;2515;-28,4;0,799999999999955;319;2,55e+08
vpja81;16;2575;2753;-294,2;49,1999999999999;178;0
vpja81;16;2809;2931;-478,4;-167,8;122;0
vpja81;16;2966;3201;-576,5;-241,6;235;0
vpja81;16;3266;3505;-382,3;119,7;239;0
vpja81;16;3519;3785;-392;101,4;266;0
vpja81;16;3828;3981;-237,6;212,8;153;0
vpja81;16;4052;4131;223,1;347,5;79;0
vpja81;16;4196;4333;423,6;311,5;137;0
vpja81;16;4366;4561;554,5;271,7;195;0
vpja81;16;4595;4753;529,1;434,5;158;0
vpja81;16;4774;5026;487,8;471,8;252;0
vpja81;16;5090;5252;137,8;-165,4;162;0
vpja81;16;5294;5437;274,6;-248,2;143;0
vpja81;16;5469;5750;317,1;-271;281;0
vpja81;16;5800;5908;90,6999999999999;-169,9;108;255000
vpja81;16;5945;6243;28,2;-131,8;298;255000
vpja81;16;6295;6444;8,89999999999998;34,1;149;2,55e+08
vpja81;16;6476;6687;27,9;68,6999999999999;211;2,55e+08
vpja81;16;6902;7137;3,5;193,8;235;2,55e+08
vpja81;16;7176;7421;-55,5;272,9;245;255
vpja81;16;7466;7967;120,7;225,6;501;2,55e+08
vpja81;16;7993;8176;54;226;183;2,55e+08
vpja81;16;8201;8422;-12,6;200,4;221;2,55e+08
vpja81;16;8453;8962;-75,3;235,5;509;255
vpja81;16;8993;9268;-84,1;353,2;275;255
vpja81;16;9294;9364;-92,3;263,6;70;255
vpja81;16;9700;9862;-518,1;210,2;162;255255000
vpja81;16;9884;10000;-540,7;169,8;116;255255000
vpja81;17;211;301;-83,3;-176;90;255000
vpja81;17;333;557;-60,3;-217,6;224;255000
vpja81;17;573;874;-71,6;-199,3;301;255000
vpja81;17;1070;1170;221,9;270,3;100;0
vpja81;17;1191;1369;260,4;284,9;178;0
vpja81;17;1419;1566;278,5;-1,39999999999998;147;0
vpja81;17;1637;1901;-154,5;338,2;264;255255000
vpja81;17;1921;2080;-176,5;321,7;159;255255000
vpja81;17;2143;2279;206,5;211,8;136;255
vpja81;17;2325;2540;340,4;21,5;215;0
vpja81;17;2577;2740;136,1;-35,4;163;0
vpja81;17;2769;2890;59,2;-138,3;121;0
vpja81;17;2922;3077;-71,1;-184,4;155;255000
vpja81;17;3137;3390;-403,6;56,4000000000001;253;2,55e+08
vpja81;17;3435;3659;-534,4;61,6;224;0
vpja81;17;3838;3872;61,6;339,6;34;0
vpja81;17;3932;4146;230,7;282,4;214;0
vpja81;17;4170;4411;263,7;270,8;241;0
vpja81;17;4431;4630;287,9;280,9;199;0
vpja81;17;4657;4790;200,1;241,9;133;0
vpja81;17;5147;5390;-89,6;219,8;243;2,55e+08
vpja81;17;5411;5465;-48,6999999999999;223,9;54;2,55e+08
vpja81;17;5505;5754;-159,1;90,7;249;2,55e+08
vpja81;17;5865;5902;-238,9;121,6;37;2,55e+08
vpja81;17;5990;6104;-164,6;-32,0999999999999;114;2,55e+08
vpja81;17;6164;6361;-70,6;-218;197;255000
vpja81;17;6378;6705;-58,9;-202,8;327;255000
vpja81;17;6738;6863;-64,6;-145,7;125;255000
vpja81;17;6894;7195;-179,9;-175,2;301;255000
vpja81;17;7224;7345;-254,1;-186,3;121;0
vpja81;17;7491;7654;-55,5;-216,4;163;255000
vpja81;17;7671;7895;-58,5;-205,1;224;255000
vpja81;17;7928;8063;-64,6999999999999;-86,4;135;2,55e+08
vpja81;17;8099;8403;-62,4;127,2;304;0
vpja81;17;9247;9635;234,9;271,5;388;0
vpja81;17;9660;9759;273,9;286,4;99;0
vpja81;17;9865;10000;373,9;62,4000000000001;135;0
vpja81;18;211;290;11,1999999999999;-245,8;79;255000
vpja81;18;325;615;22,6999999999999;-303,8;290;255000
vpja81;18;623;897;14,1999999999999;-308,5;274;255000
vpja81;18;974;1318;329,8;181,8;344;255
vpja81;18;1453;1981;76,9;-298,9;528;255000
vpja81;18;2053;2141;-249,3;50,4000000000001;88;0
vpja81;18;2180;2458;-305,5;122,9;278;255255000
vpja81;18;2508;2666;-414,4;307,5;158;0
vpja81;18;2812;3027;235,8;-211,4;215;0
vpja81;18;3054;3125;174;-243,3;71;0
vpja81;18;3186;3320;10,4;-432,4;134;255000
vpja81;18;3359;3564;-92,2;-429,7;205;0
vpja81;18;3766;4107;338,8;279,6;341;0
vpja81;18;4196;4543;-323,1;158,5;347;0
vpja81;18;4999;5026;1,5;229,3;27;0
vpja81;18;5062;5149;83,6;133,2;87;0
vpja81;18;5191;5423;75,1999999999999;-18,4;232;2,55e+08
vpja81;18;5469;5570;23,4;-149,3;101;2,55e+08
vpja81;18;5626;5761;40,8;-310,4;135;255000
vpja81;18;5782;6024;20,9;-311,1;242;255000
vpja81;18;6058;6413;35,1;-259,4;355;255000
vpja81;18;6441;6674;-48,9;-290,5;233;255000
vpja81;18;6746;6887;223,9;73,6;141;0
vpja81;18;6930;7087;315,3;175,6;157;255
vpja81;18;7256;7391;-34,8000000000001;-285,2;135;255000
vpja81;18;7403;7941;-42,2;-281,7;538;255000
vpja81;18;7980;8275;38,6999999999999;-288,5;295;255000
vpja81;18;8301;8514;38,8;-247,7;213;255000
vpja81;18;8555;8711;51,1;-347,1;156;255000
vpja81;18;8737;9207;51,8;-409,1;470;255000
vpja81;18;9249;9488;76,1999999999999;-261,6;239;255000
vpja81;18;9541;9754;31,1999999999999;-126,7;213;2,55e+08
vpja81;18;9796;9930;60,3;-7,79999999999995;134;2,55e+08
vpja81;19;209;240;26,6999999999999;-232,9;31;255000
vpja81;19;278;436;49;-304;158;255000
vpja81;19;452;655;29,9;-290,6;203;255000
vpja81;19;727;887;180;205,9;160;0
vpja81;19;935;1252;354,4;218,7;317;255
vpja81;19;1323;1408;-157;174,9;85;255255000
vpja81;19;1468;1822;-301;-28;354;0
vpja81;19;1873;1964;-482,4;-37,1;91;0
vpja81;19;2079;2216;28,6999999999999;-262,5;137;255000
vpja81;19;2239;3037;37,6999999999999;-293,2;798;255000
vpja81;19;3097;3387;245,2;-102,8;290;0
vpja81;19;3438;3708;505,9;-72,2;270;0
vpja81;19;3772;3947;382,1;290,1;175;0
vpja81;19;3985;4157;156,4;257;172;0
vpja81;19;4227;4358;-212,5;225,9;131;255255000
vpja81;19;4392;4557;-364,6;181,3;165;255255000
vpja81;19;4598;4793;-456,5;207,1;195;255255000
vpja81;19;4830;4971;-544,4;148,5;141;0
vpja81;19;5131;5277;-49,6;-354,4;146;0
vpja81;19;5301;5549;-69,5;-402,8;248;0
vpja81;19;5610;5765;-186,9;-280,4;155;0
vpja81;19;5824;6040;-269,9;-88,7;216;0
vpja81;19;6075;6207;-293;-52,7;132;0
vpja81;19;6255;6518;-444,7;2,29999999999995;263;0
vpja81;19;6630;6761;500,9;95,3;131;0
vpja81;19;6798;6977;559,5;65,8;179;0
vpja81;19;7035;7155;385,4;236,5;120;255
vpja81;19;7196;7394;129,5;242,4;198;0
vpja81;19;7433;7615;47;118,8;182;0
vpja81;19;7657;7727;-80,8000000000001;125,5;70;0
vpja81;19;8106;8394;-357,1;248,7;288;255255000
vpja81;19;8451;8564;-20,8000000000001;285,3;113;0
vpja81;19;8626;8784;-397,3;209,2;158;255255000
vpja81;19;8845;8892;-18,1;263,6;47;0
vpja81;19;9443;9704;352,3;247,9;261;255
vpja81;19;9769;9950;-65,9;192,9;181;255255000
vpja81;20;78;129;100,8;167,3;51;0
vpja81;20;151;174;-23,3;43,1;23;255
vpja81;20;235;312;-159,7;-205,1;77;2,55e+08
vpja81;20;347;889;-190,9;-257,4;542;255000
vpja81;20;931;1140;-190,9;-126,1;209;2,55e+08
vpja81;20;1196;1472;-35,5;43;276;255
vpja81;20;1517;1672;-106,6;228,4;155;0
vpja81;20;1701;2069;-83,9;253,6;368;2,55e+08
vpja81;20;2112;2443;-180,2;38,8000000000001;331;2,55e+08
vpja81;20;2653;2800;-432,2;-40,6;147;255255000
vpja81;20;2856;3235;-500,7;87;379;255255000
vpja81;20;3265;3531;-520,5;190,1;266;0
vpja81;20;3588;3700;-297;164,5;112;0
vpja81;20;3743;4083;-51,1999999999999;58,1;340;255
vpja81;20;4118;4198;13,3000000000001;38,4;80;255
vpja81;20;4288;4550;590,6;-179,1;262;0
vpja81;20;4605;4811;403,7;-79,6;206;0
vpja81;20;4880;5156;385,5;-397,9;276;0
vpja81;20;5180;5452;328,3;-414;272;0
vpja81;20;5512;5684;157,1;-191,8;172;0
vpja81;20;5713;6170;168,3;-219,5;457;0
vpja81;20;6229;6349;-179,5;-268,3;120;255000
vpja81;20;6370;6746;-195,3;-257;376;255000
vpja81;20;6764;7142;-191,6;-229,4;378;255000
vpja81;20;7179;7448;-189,3;-139,9;269;2,55e+08
vpja81;20;7617;7714;-165;-112,5;97;2,55e+08
vpja81;20;7734;8122;-192,5;-150,9;388;2,55e+08
vpja81;20;8151;8437;-192,6;-252,3;286;255000
vpja81;20;8443;8995;-201,6;-256,1;552;255000
vpja81;20;9042;9210;-198,8;-17,6999999999999;168;2,55e+08
vpja81;20;9409;9518;-234,2;30,6;109;2,55e+08
vpja81;20;9554;9750;-152,9;-25,1999999999999;196;2,55e+08
vpja81;20;9774;10000;-170,9;-65,1999999999999;226;2,55e+08
vpja81;21;210;331;-156,1;-159,2;121;255000
vpja81;21;354;684;-169,3;-192,9;330;255000
vpja81;21;751;939;368;198,9;188;0
vpja81;21;979;1140;391,4;31,8000000000001;161;255
vpja81;21;1191;1336;423,3;362,6;145;0
vpja81;21;1555;1645;411,9;227,2;90;0
vpja81;21;1678;1937;264;46,8000000000001;259;0
vpja81;21;1984;2149;96,0000000000001;-44,6999999999999;165;0
vpja81;21;2213;2383;-176,1;-211,6;170;255000
vpja81;21;2443;2621;-386,7;214,6;178;0
vpja81;21;2661;2921;-438,8;309;260;255255000
vpja81;21;2968;3093;-443,9;181,6;125;0
vpja81;21;3581;3697;-439,7;183,9;116;0
vpja81;21;3730;3921;-436;85;191;0
vpja81;21;3948;4131;-462,1;5,80000000000007;183;0
vpja81;21;4168;4291;-381,8;59,6;123;0
vpja81;21;4341;4499;-331,2;-206;158;0
vpja81;21;4537;4982;-160,5;-211,6;445;255000
vpja81;21;5013;5223;-160,4;-168;210;255000
vpja81;21;5287;5572;18,7;-387,1;285;0
vpja81;21;5627;5740;266,2;-444,4;113;0
vpja81;21;5803;5928;-140,1;-214,3;125;255000
vpja81;21;5952;6223;-173,8;-206,4;271;255000
vpja81;21;6246;6600;-149,4;-209,5;354;255000
vpja81;21;6624;6855;-157,1;-248,2;231;0
vpja81;21;6917;7207;-95,6999999999999;57,4000000000001;290;2,55e+08
vpja81;21;7252;7533;-50,1999999999999;221,2;281;2,55e+08
vpja81;21;7607;7887;326,7;41;280;255
vpja81;21;7907;8000;294,9;52,2;93;255
vpja81;21;8061;8134;47,1;-49,4;73;0
vpja81;21;8209;8547;-362,1;67,2;338;0
vpja81;21;8575;8827;-346,6;76,3000000000001;252;0
vpja81;21;9049;9103;-394,7;71;54;0
vpja81;21;9144;9257;-431,3;153,4;113;0
vpja81;21;9325;9596;-165,5;-158,6;271;255000
vpja81;21;9620;9956;-160,9;-189;336;255000
vpja81;22;221;272;-12,8000000000001;-222,9;51;255000
vpja81;22;309;462;-40,7;-316,9;153;255000
vpja81;22;484;818;-23,6;-307,5;334;255000
vpja81;22;845;1025;-81,3000000000001;-302;180;255000
vpja81;22;1095;1329;-486,1;247,7;234;255
vpja81;22;1406;1565;22,0999999999999;333,1;159;255255000
vpja81;22;1885;1964;310,6;335,6;79;0
vpja81;22;2007;2236;410,6;307,7;229;0
vpja81;22;2298;2442;141;368;144;2,55e+08
vpja81;22;2478;2626;47,6999999999999;346;148;255255000
vpja81;22;2672;2807;-99,1;389,1;135;0
vpja81;22;2916;3111;-286,1;356,6;195;0
vpja81;22;3215;3276;-404,9;57,7;61;0
vpja81;22;3319;3459;-374,4;-137,1;140;0
vpja81;22;3498;3691;-259,7;-258,4;193;0
vpja81;22;3726;3857;-191,9;-293,6;131;0
vpja81;22;4097;4426;-512,6;193,5;329;0
vpja81;22;4454;4570;-513,5;274,2;116;255
vpja81;22;4615;4772;-347,3;110;157;0
vpja81;22;4800;5050;-262,3;21;250;0
vpja81;22;5097;5346;-138,5;195,3;249;2,55e+08
vpja81;22;5382;5493;-224,7;176,3;111;0
vpja81;22;5543;5881;22,6999999999999;129,3;338;255255000
vpja81;22;5941;6153;326,4;122,9;212;0
vpja81;22;6190;6506;470,6;133,8;316;0
vpja81;22;6539;6678;479;216,4;139;0
vpja81;22;7112;7149;-24,5;390,3;37;0
vpja81;22;7202;7465;-160,6;269,9;263;2,55e+08
vpja81;22;7509;7767;-189,6;405,4;258;0
vpja81;22;8230;8417;-254,4;141,6;187;0
vpja81;22;8487;8573;-27,9000000000001;-273,3;86;255000
vpja81;22;8603;8723;-35,5;-316,4;120;255000
vpja81;22;8752;9019;-8,5;-318,8;267;255000
vpja81;22;9044;9314;-76,3000000000001;-321;270;255000
vpja81;22;9340;9504;-51,2;-244,5;164;255000
vpja81;22;9883;10000;-579,5;360,7;117;255
vpja81;23;216;255;38,1;-256,7;39;2,55e+08
vpja81;23;302;645;45,9;-341;343;255000
vpja81;23;660;926;56,5;-340,1;266;255000
vpja81;23;991;1260;-140,3;37;269;255
vpja81;23;1537;1568;-168,5;97,4;31;255
vpja81;23;1617;1870;-342,8;-35,6;253;0
vpja81;23;1917;2033;-151,1;35,9;116;255
vpja81;23;2095;2250;274,2;102,5;155;255255000
vpja81;23;2282;2388;311,2;104,8;106;255255000
vpja81;23;2499;2802;430,1;62,7;303;0
vpja81;23;2849;2968;225;-79,5;119;0
vpja81;23;3193;3382;136,2;69,9;189;0
vpja81;23;3433;3682;-95,1999999999999;32,8000000000001;249;255
vpja81;23;3719;4044;-160,9;83,3000000000001;325;255
vpja81;23;4079;4373;-107,6;35;294;255
vpja81;23;4406;4547;-70,3;10,6;141;255
vpja81;23;4569;4805;-74,6999999999999;-35,3;236;255
vpja81;23;4835;5034;25,7;-117;199;2,55e+08
vpja81;23;5186;5359;50;-47,1;173;0
vpja81;23;5392;5588;102,3;66,9;196;0
vpja81;23;5647;5927;401,3;-14,1;280;0
vpja81;23;6140;6330;-67,8;43,2;190;255
vpja81;23;6384;6596;-299;11;212;0
vpja81;23;6636;6718;-210,3;82,4;82;0
vpja81;23;6785;7073;-484,4;147,4;288;0
vpja81;23;7133;7220;-224;151,8;87;0
vpja81;23;7390;7490;14,1;-145,5;100;2,55e+08
vpja81;23;7546;7919;51,8000000000001;-342,8;373;255000
vpja81;23;7974;8286;56,5;-132,7;312;2,55e+08
vpja81;23;8560;8853;297,2;147,8;293;255255000
vpja81;23;8878;9049;255;173,3;171;255255000
vpja81;23;9090;9233;120,5;50,7;143;0
vpja81;23;9288;9390;-157,9;14,4;102;255
vpja81;23;9611;9652;-290;-27;41;0
vpja81;23;9681;9947;-351,7;-37,9;266;0
vpja81;24;225;393;-108,7;-154,7;168;255000
vpja81;24;414;691;-127,9;-161,9;277;255000
vpja81;24;759;1006;-298,8;171,5;247;255
vpja81;24;1038;1237;-264;168,9;199;0
vpja81;24;1271;1630;-306,4;198,4;359;0
vpja81;24;1660;1847;-261,9;174,7;187;0
vpja81;24;1894;2020;3,19999999999993;147,6;126;255255000
vpja81;24;2412;2534;-143,8;381,2;122;0
vpja81;24;2574;2747;-206,6;460,9;173;0
vpja81;24;2804;3054;29,8;147,9;250;255255000
vpja81;24;3118;3222;-109,2;-121,1;104;255000
vpja81;24;3254;3620;-119,2;-162,3;366;255000
vpja81;24;3688;3887;-414,2;-82,3;199;0
vpja81;24;3923;4156;-473,1;-138,7;233;0
vpja81;24;4212;4402;-430,5;23,6;190;0
vpja81;24;4464;4716;-476,6;277,1;252;0
vpja81;24;4738;4895;-461,3;247,2;157;0
vpja81;24;4953;5185;-411,4;37,9;232;0
vpja81;24;5222;5362;-401,4;-43,8;140;0
vpja81;24;5443;5627;45,1999999999999;-333,3;184;0
vpja81;24;5667;5811;143,5;-340,9;144;0
vpja81;24;5874;6055;308,6;-83;181;0
vpja81;24;6110;6401;268,5;105;291;0
vpja81;24;6442;6558;354,4;199,8;116;0
vpja81;24;6608;6838;572,5;30;230;0
vpja81;24;6879;6936;423,5;-103;57;0
vpja81;24;7088;7290;-374,9;-71;202;0
vpja81;24;7318;7528;-440,6;-125;210;0
vpja81;24;7568;7914;-435,5;-210,4;346;0
vpja81;24;7975;8599;-422,1;32,2;624;0
vpja81;24;8803;8947;-293,2;230;144;0
vpja81;24;8978;9240;-261,1;197,6;262;0
vpja81;24;9262;9389;-298,9;207,3;127;0
vpja81;24;9425;9641;-147,4;412,8;216;0
vpja81;24;9668;9969;-220,6;414,4;301;0
vpja81;25;233;267;-61,1;-251;34;255000
vpja81;25;309;425;-92,7;-362,4;116;255000
vpja81;25;445;769;-74,2;-329,2;324;255000
vpja81;25;880;1002;-515,6;390,2;122;255
vpja81;25;1020;1053;-479,1;346,2;33;0
vpja81;25;1096;1200;-559,3;436,8;104;0
vpja81;25;1815;2090;-65,2;97,3000000000001;275;2,55e+08
vpja81;25;2138;2172;50,4;64,8000000000001;34;2,55e+08
vpja81;25;2475;2553;349,3;383,7;78;0
vpja81;25;2587;2634;402,5;446,9;47;0
vpja81;25;2746;2973;468,6;97,5;227;0
vpja81;25;3017;3273;344,7;-78,1;256;0
vpja81;25;3345;3587;540,8;-334,1;242;0
vpja81;25;3628;3838;488,2;-470,3;210;0
vpja81;25;3921;4150;-71,9;-339,5;229;255000
vpja81;25;4197;4795;-83,8;-252,8;598;255000
vpja81;25;4847;5046;-306,1;-231,8;199;0
vpja81;25;5082;5221;-101,5;-342,1;139;255000
vpja81;25;5254;5855;-58;-345,2;601;255000
vpja81;25;5924;6132;-65,3;14,9;208;2,55e+08
vpja81;25;6173;6422;-167,6;11,4;249;2,55e+08
vpja81;25;6710;6832;-524,8;-145,6;122;0
vpja81;25;6870;7089;-568,4;-213,6;219;0
vpja81;25;7138;7315;-348,6;-199,6;177;0
vpja81;25;7346;7476;-315,6;-189,5;130;0
vpja81;25;7540;7647;-474,4;108,2;107;0
vpja81;25;7691;7891;-593,5;166,5;200;0
vpja81;25;7946;8096;-492,5;333,6;150;255
vpja81;25;8256;8424;363,9;-8,69999999999993;168;0
vpja81;25;8459;8683;471,9;80,5;224;0
vpja81;25;8719;8933;596,2;86,1;214;0
vpja81;25;8959;9090;615,3;14,3000000000001;131;0
vpja81;25;9152;9372;334,7;39,3000000000001;220;0
vpja81;25;9415;9608;348,1;-82,4;193;0
vpja81;25;9658;9943;331,8;33,1;285;0
vpja81;25;9958;10000;322,3;54,8000000000001;42;0
vpja81;26;325;585;-2,89999999999998;-406,7;260;255000
vpja81;26;911;1018;-561,6;426,6;107;255255000
vpja81;26;1113;1437;453,7;331,8;324;0
vpja81;26;1630;1699;412,4;-35,4;69;0
vpja81;26;1736;1970;342,5;-220,4;234;0
vpja81;26;2033;2196;24,2;-411;163;255000
vpja81;26;2227;2561;-24,4;-423,4;334;255000
vpja81;26;2627;2840;-348,5;-325,5;213;0
vpja81;26;2904;3131;-550,3;-323,3;227;0
vpja81;26;3181;3498;-326,9;-405,6;317;0
vpja81;26;3562;3977;-549,5;-343,3;415;0
vpja81;26;4031;4266;-228,7;-309,8;235;0
vpja81;26;4346;4548;252,1;-278,4;202;0
vpja81;26;4584;5030;388,7;-344;446;0
vpja81;26;5069;5236;561,6;-245,7;167;0
vpja81;26;5281;5399;586,5;-85,4;118;0
vpja81;26;5459;5682;385,5;-6,30000000000007;223;0
vpja81;26;5736;5910;313,1;201,3;174;0
vpja81;26;5945;6176;390,9;274,4;231;255
vpja81;26;6414;6672;607,8;199,5;258;0
vpja81;26;6692;6932;604;125,9;240;0
vpja81;26;6956;7080;557,2;130,4;124;0
vpja81;26;7137;7247;389,6;348,1;110;0
vpja81;26;7311;7593;595,8;-75,2;282;0
vpja81;26;7761;7964;-435,2;103,4;203;0
vpja81;26;8022;8185;-497,9;360,7;163;255255000
vpja81;26;8230;8806;-253,3;227,1;576;255255000
vpja81;26;8842;9061;-63,5;96,8;219;2,55e+08
vpja81;26;9286;9460;68,6;-45,5;174;2,55e+08
vpja81;26;9492;9628;-50,6999999999999;-70,6;136;2,55e+08
vpja81;26;9671;9775;-188,6;16,9;104;2,55e+08
vpja81;26;9823;9974;-292,2;188,8;151;0
