vp;trial;timest;timeend;x;y;duration;roi
vpja55;1;282;432;-239,7;-148,5;150;2,55e+08
vpja55;1;464;612;-254,8;-251,8;148;255000
vpja55;1;699;844;-138,5;394,9;145;0
vpja55;1;869;1078;-129,2;323,5;209;255
vpja55;1;1149;1377;154,5;-143;228;0
vpja55;1;1424;1567;38,5999999999999;-288,4;143;0
vpja55;1;1591;1744;-26,6;-257,9;153;0
vpja55;1;1800;2070;-266,4;-244,3;270;255000
vpja55;1;2117;2321;-140,1;-246,1;204;0
vpja55;1;2346;2480;-93,6;-215,7;134;0
vpja55;1;2562;2684;-493,7;333,2;122;0
vpja55;1;2708;3060;-475,9;286,2;352;255255000
vpja55;1;3128;3261;-558;-201,8;133;0
vpja55;1;3357;3475;426,4;305,9;118;0
vpja55;1;3507;3574;516,2;401,3;67;0
vpja55;1;3631;3779;421,1;71,9000000000001;148;0
vpja55;1;3802;3964;423,6;29,4000000000001;162;0
vpja55;1;4045;4976;-237,4;-229;931;255000
vpja55;1;4992;5174;-254,2;-219,4;182;255000
vpja55;1;5208;5421;-243,9;-103,1;213;2,55e+08
vpja55;1;5498;5604;-114,3;378;106;255
vpja55;1;5629;5864;-94;320,4;235;255
vpja55;1;5909;6112;-7,30000000000007;103;203;0
vpja55;1;6165;6311;-164,7;-135,3;146;2,55e+08
vpja55;1;6353;6520;32,0999999999999;-259,9;167;0
vpja55;1;6541;6691;-4,60000000000002;-269,1;150;0
vpja55;1;6748;6993;279,7;-333,7;245;0
vpja55;1;7013;7183;311,2;-361,6;170;0
vpja55;1;7240;7356;19,6999999999999;-291,4;116;0
vpja55;1;7404;7590;140,6;-300,4;186;0
vpja55;1;7654;8031;-257,6;-249,9;377;255000
vpja55;1;8050;8159;-232,2;-228,7;109;255000
vpja55;1;8242;8469;-110,4;295,2;227;255
vpja55;1;8494;8604;-64,7;322,2;110;255
vpja55;1;8648;8877;-191,9;168,3;229;2,55e+08
vpja55;1;8906;9062;-179,1;79,8000000000001;156;2,55e+08
vpja55;1;9118;9279;-234,2;-192,2;161;255000
vpja55;1;9338;9609;-425,7;-367,3;271;0
vpja55;1;9687;9965;-171,1;67,5;278;2,55e+08
vpja55;2;191;319;8,89999999999998;-151,3;128;255000
vpja55;2;343;429;28,1;-184,3;86;255000
vpja55;2;499;706;275,3;179,5;207;255
vpja55;2;1090;1127;-333,9;123,9;37;255255000
vpja55;2;1148;1303;-301,3;132,7;155;255255000
vpja55;2;1364;1697;0,799999999999955;44,5;333;2,55e+08
vpja55;2;1751;2022;42,8;-168,8;271;255000
vpja55;2;2042;2280;19,6;-211,6;238;255000
vpja55;2;2293;2551;27,6;-191,9;258;255000
vpja55;2;2598;2793;-168,4;-243,6;195;0
vpja55;2;2855;3063;-442,4;-293,1;208;0
vpja55;2;3094;3349;-491;-370,7;255;0
vpja55;2;3416;3556;-509,9;-66,9;140;0
vpja55;2;3662;3945;457,7;-18,8000000000001;283;0
vpja55;2;4008;4037;356,5;193,5;29;0
vpja55;2;4078;4300;301,3;262,5;222;0
vpja55;2;4334;4475;263,2;352,8;141;0
vpja55;2;4537;4756;-49,4;182,8;219;0
vpja55;2;4816;5046;-311,5;154,2;230;0
vpja55;2;5110;5387;39;73,3;277;2,55e+08
vpja55;2;5409;5697;4,89999999999998;34,8;288;2,55e+08
vpja55;2;5753;6530;16,9;-211,1;777;255000
vpja55;2;6606;6845;-338,6;126,6;239;255255000
vpja55;2;6869;7220;-295,9;114,2;351;255255000
vpja55;2;7238;8058;-323,3;118,6;820;255255000
vpja55;2;8076;8191;-296,5;111;115;255255000
vpja55;2;8268;8454;297,7;188,8;186;255
vpja55;2;8478;8810;256,5;183,1;332;255
vpja55;2;8825;9231;236,3;176,4;406;255
vpja55;2;9251;9691;256,6;152,3;440;255
vpja55;2;9711;9808;239,1;179,6;97;255
vpja55;2;9880;9999;-294;165,2;119;255255000
vpja55;3;272;433;-116;-159,4;161;255000
vpja55;3;507;622;181,8;246,6;115;0
vpja55;3;650;861;264;244,9;211;255
vpja55;3;925;1135;-172,5;312,7;210;255255000
vpja55;3;1145;1309;-156;332,6;164;255255000
vpja55;3;1373;1535;264,6;237,9;162;255
vpja55;3;1555;1783;227,2;233,7;228;255
vpja55;3;1848;2022;-195,8;304,8;174;0
vpja55;3;2086;2200;-105,7;-112,6;114;2,55e+08
vpja55;3;2226;2507;-70,8;-192,9;281;255000
vpja55;3;2532;2674;-70,6999999999999;-152,3;142;255000
vpja55;3;2739;2877;378,9;-121,6;138;0
vpja55;3;2945;3294;-76,8;-230,6;349;255000
vpja55;3;3353;3478;-302,8;-238,3;125;0
vpja55;3;3549;3847;280,9;-52,8000000000001;298;0
vpja55;3;3874;4039;215,8;-48,9;165;0
vpja55;3;4098;4263;192;199,1;165;255
vpja55;3;4322;4650;-136,9;302,1;328;255255000
vpja55;3;4663;4795;-164,4;308,8;132;255255000
vpja55;3;4833;5042;-71,5;203,5;209;2,55e+08
vpja55;3;5061;5219;-44,4;208,2;158;2,55e+08
vpja55;3;5245;5570;-120,1;217;325;2,55e+08
vpja55;3;5606;5836;-199,2;145,5;230;2,55e+08
vpja55;3;5876;6354;-168,8;-9,89999999999998;478;2,55e+08
vpja55;3;6375;6726;-146,9;28,1999999999999;351;2,55e+08
vpja55;3;6752;6916;-149,1;-23,4;164;2,55e+08
vpja55;3;6971;7174;-115,5;-226,9;203;255000
vpja55;3;7213;7633;-201,2;-359,3;420;0
vpja55;3;7669;7785;-297,1;-381,7;116;0
vpja55;3;7845;8036;-60,8;-222,1;191;255000
vpja55;3;8119;8255;314,3;248;136;0
vpja55;3;8282;8630;268,5;221,6;348;255
vpja55;3;8694;8899;-67;9,60000000000002;205;2,55e+08
vpja55;3;8955;9150;-136,6;-228,7;195;255000
vpja55;3;9212;9368;-439,8;-306,9;156;0
vpja55;3;9427;9596;-69,9;-220,2;169;255000
vpja55;3;9657;9964;-111,1;32,6;307;2,55e+08
vpja55;4;198;315;18,3;-193,6;117;255000
vpja55;4;341;500;33,1;-266,5;159;255000
vpja55;4;577;764;305,1;183,6;187;0
vpja55;4;786;886;261,7;164;100;255
vpja55;4;953;1160;53,9;-274,1;207;255000
vpja55;4;1173;1649;33,8;-290,7;476;255000
vpja55;4;1685;2019;7,10000000000002;-383,4;334;255000
vpja55;4;2101;2326;-331,8;96,9;225;0
vpja55;4;2348;2675;-345,9;136,5;327;255255000
vpja55;4;2735;2870;-91,4;2,80000000000007;135;2,55e+08
vpja55;4;2933;3838;267,4;167,2;905;255
vpja55;4;3927;4421;-369,7;125;494;0
vpja55;4;4498;4924;217,2;137,5;426;0
vpja55;4;4990;5135;15,7;-223,5;145;255000
vpja55;4;5193;5419;178,6;-370,4;226;0
vpja55;4;5453;5570;265;-405,2;117;0
vpja55;4;5589;5739;290,2;-435,9;150;0
vpja55;4;5802;6058;-48,1;-444,6;256;0
vpja55;4;6080;6447;-89,3;-434,8;367;0
vpja55;4;6464;6952;-113,1;-442,2;488;0
vpja55;4;7032;7118;191,7;-124,1;86;0
vpja55;4;7172;7357;243,8;140,8;185;255
vpja55;4;7433;7662;-346,8;141,8;229;255255000
vpja55;4;7739;7845;-51,6;-266,6;106;255000
vpja55;4;7876;8062;-18,4;-380,2;186;255000
vpja55;4;8087;8258;-78,9;-429,7;171;0
vpja55;4;8275;8582;-97,6;-450,6;307;0
vpja55;4;8602;8947;-79,1;-440,2;345;0
vpja55;4;8995;9222;-154,1;-313;227;0
vpja55;4;9259;9479;-81,4;-412,5;220;0
vpja55;4;9496;9759;-83,5;-448,6;263;0
vpja55;4;9824;9999;6,39999999999998;-167,3;175;2,55e+08
vpja55;5;194;333;-51;-91,3000000000001;139;2,55e+08
vpja55;5;388;684;-118;-329,5;296;255000
vpja55;5;778;980;338,1;305,6;202;0
vpja55;5;1074;1304;-460,4;314,5;230;255
vpja55;5;1383;1580;304,4;313,5;197;255255000
vpja55;5;1651;1746;438;-166,3;95;0
vpja55;5;1799;1986;496,6;-331,3;187;0
vpja55;5;2004;2211;507,2;-352;207;0
vpja55;5;2246;2379;455,2;-450,3;133;0
vpja55;5;2451;2716;296,7;-75,6;265;0
vpja55;5;2776;2820;580,1;44;44;0
vpja55;5;2878;3128;583,6;47,6999999999999;250;0
vpja55;5;3161;3426;448,6;92,1999999999999;265;0
vpja55;5;3452;3735;406;48,6999999999999;283;0
vpja55;5;3748;4027;383,8;44,4;279;0
vpja55;5;4054;4229;439,4;57,1999999999999;175;0
vpja55;5;4284;4480;285,1;280,8;196;0
vpja55;5;4562;4952;-456;291,7;390;255
vpja55;5;4974;5525;-475;324,2;551;255
vpja55;5;5554;5828;-491,5;398,1;274;0
vpja55;5;5841;6454;-509,6;385,1;613;255
vpja55;5;6537;6802;284,7;310,1;265;255255000
vpja55;5;6820;6943;259,2;286,6;123;0
vpja55;5;7009;7161;-68,1999999999999;48,8;152;2,55e+08
vpja55;5;7218;7352;-38,5;-160;134;2,55e+08
vpja55;5;7409;7534;-102,9;-378,9;125;255000
vpja55;5;7556;7846;-97,6999999999999;-324,6;290;255000
vpja55;5;7909;8067;-357,9;-278,5;158;0
vpja55;5;8090;8160;-342,8;-278,6;70;0
vpja55;5;8218;8408;-100,3;-353,3;190;255000
vpja55;5;8426;8945;-84;-333,6;519;255000
vpja55;5;8976;9233;-99,5;-250,8;257;255000
vpja55;5;9302;9423;326,3;-95,5000000000001;121;0
vpja55;5;9445;9737;299,7;-107,8;292;0
vpja55;5;9796;9837;304,8;-367,9;41;0
vpja55;5;9859;10000;300,8;-466,2;141;0
vpja55;6;225;425;180,1;-125,9;200;255000
vpja55;6;436;841;176;-141,5;405;255000
vpja55;6;1066;1128;-159,9;181,9;62;0
vpja55;6;1177;1358;-127,7;-144,1;181;0
vpja55;6;1396;1710;-163,3;-292,9;314;0
vpja55;6;1792;1928;-135;204,4;136;0
vpja55;6;1955;2239;-107,8;270;284;255
vpja55;6;2290;2389;-40,7;-114,9;99;0
vpja55;6;2450;2645;-284,9;-190,6;195;0
vpja55;6;2684;3058;-293;-338,7;374;0
vpja55;6;3111;3214;-444,2;-270,8;103;0
vpja55;6;3278;3416;-472,2;74,2;138;0
vpja55;6;3494;3595;109,5;283,8;101;0
vpja55;6;3652;3833;408,1;358,5;181;255255000
vpja55;6;3865;4025;328;401,2;160;255255000
vpja55;6;4093;4417;-109,7;289,6;324;255
vpja55;6;4482;4603;294,6;323,6;121;255255000
vpja55;6;4657;4868;465,4;198,4;211;255255000
vpja55;6;4936;4963;133,7;28,3;27;2,55e+08
vpja55;6;5009;5031;-73,5;188,7;22;0
vpja55;6;5062;5262;-75,2;291,4;200;255
vpja55;6;5281;5450;-85,5;267;169;255
vpja55;6;5469;5584;-115;283;115;255
vpja55;6;5645;5739;164,4;-4,10000000000002;94;2,55e+08
vpja55;6;5785;5981;196,4;-130,5;196;255000
vpja55;6;5994;6683;188,4;-146,4;689;255000
vpja55;6;6739;7072;229,7;55,3;333;2,55e+08
vpja55;6;7129;7379;470,5;217,5;250;255255000
vpja55;6;7402;7688;467,4;181;286;255255000
vpja55;6;7709;7807;475,2;140,1;98;0
vpja55;6;7863;8026;274,5;-124,7;163;0
vpja55;6;8048;8407;220,8;-138,1;359;255000
vpja55;6;8449;8685;85,1;-232,5;236;0
vpja55;6;8710;8873;53,1999999999999;-293,1;163;0
vpja55;6;8934;8978;-54,3000000000001;158,8;44;0
vpja55;6;9021;9260;-74;257,6;239;255
vpja55;6;9279;9560;-107,8;274,7;281;255
vpja55;6;9585;9658;-189,5;272,2;73;255
vpja55;6;9681;10000;-193,9;264,2;319;255
vpja55;7;186;270;-92,9;-106,5;84;2,55e+08
vpja55;7;299;580;-104;-191,2;281;255000
vpja55;7;648;763;-94,1999999999999;256,7;115;0
vpja55;7;847;983;63,7;-331,8;136;0
vpja55;7;1067;1237;-43,1;192;170;0
vpja55;7;1306;1393;-468,3;383,9;87;0
vpja55;7;1446;1652;-499,5;148,6;206;255
vpja55;7;1696;1926;-504,8;3,90000000000009;230;255
vpja55;7;1952;2088;-455,4;-79,0999999999999;136;255
vpja55;7;2209;2504;487,6;259,9;295;255255000
vpja55;7;2565;2727;99,6;297,2;162;0
vpja55;7;2800;2942;-408,2;252,3;142;0
vpja55;7;2980;3144;-456,7;109,2;164;0
vpja55;7;3180;3263;-392,9;94;83;0
vpja55;7;3321;3539;-216,6;274,5;218;0
vpja55;7;3579;3717;19,2;199;138;0
vpja55;7;3771;3926;99,6;9;155;0
vpja55;7;3987;4080;-20,6999999999999;-250,6;93;0
vpja55;7;4128;4389;68,0000000000001;-384,3;261;0
vpja55;7;4414;4791;21,3000000000001;-408,8;377;0
vpja55;7;4823;5027;129,3;-385,3;204;0
vpja55;7;5062;5302;69,1999999999999;-452,5;240;0
vpja55;7;5321;5557;56,8000000000001;-484,1;236;NA
vpja55;7;5602;5849;52,5;-384,4;247;0
vpja55;7;5876;6114;109;-401,8;238;0
vpja55;7;6186;6358;322,9;-46,3;172;0
vpja55;7;6425;6540;-66,4;-158,7;115;255000
vpja55;7;6563;6686;-102,7;-188,6;123;255000
vpja55;7;6742;6979;-335,9;-229,9;237;0
vpja55;7;7041;7192;-323,1;41,7;151;0
vpja55;7;7254;7359;-80,1;-141,5;105;2,55e+08
vpja55;7;7382;7583;-107,7;-191,6;201;255000
vpja55;7;7594;8171;-108,3;-202,7;577;255000
vpja55;7;8228;8445;-83,1999999999999;-18,4;217;2,55e+08
vpja55;7;8499;8699;-103,5;232,3;200;0
vpja55;7;8725;9025;-71,1;286,1;300;2,55e+08
vpja55;7;9081;9104;168,3;341,8;23;0
vpja55;7;9179;9376;364,2;302,5;197;0
vpja55;7;9404;9638;423,6;356,7;234;255255000
vpja55;7;9778;9886;-548,1;379,3;108;0
vpja55;7;9940;10000;-293,1;332,9;60;0
vpja55;8;210;255;-206,1;-120,6;45;2,55e+08
vpja55;8;304;464;-303,9;-256,4;160;255000
vpja55;8;550;737;234,9;214,3;187;255255000
vpja55;8;763;896;174,5;243,9;133;255255000
vpja55;8;976;1203;-479,4;361,5;227;255
vpja55;8;1282;1613;178;254,5;331;255255000
vpja55;8;1637;2083;109,1;244,8;446;255255000
vpja55;8;2109;2192;160,5;230,8;83;255255000
vpja55;8;2268;2368;-264,3;-237,5;100;255000
vpja55;8;2398;2586;-343,1;-264;188;255000
vpja55;8;2601;3075;-327,8;-287,6;474;255000
vpja55;8;3164;3360;484,2;-160,6;196;0
vpja55;8;3420;3616;291,6;68,4;196;0
vpja55;8;3652;3842;344,7;-22,1;190;0
vpja55;8;3900;4131;553,5;-149,2;231;0
vpja55;8;4154;4428;552,5;-193,7;274;0
vpja55;8;4449;4749;536,4;-145,2;300;0
vpja55;8;4768;4968;554,8;-168;200;0
vpja55;8;4981;5111;560,1;-189,1;130;0
vpja55;8;5208;5317;-268,9;-202;109;255000
vpja55;8;5346;5548;-327;-248,2;202;255000
vpja55;8;5568;5647;-330,4;-285;79;255000
vpja55;8;5734;5982;-444,3;370,5;248;255
vpja55;8;6004;6141;-416,1;334,5;137;255
vpja55;8;6197;6369;-560;-195,6;172;0
vpja55;8;6401;6600;-581,5;-303,7;199;0
vpja55;8;6757;6867;482,8;-72,4000000000001;110;0
vpja55;8;6897;7175;559,8;-161,9;278;0
vpja55;8;7196;7395;571;-192,5;199;0
vpja55;8;7505;7721;493,3;25,1999999999999;216;0
vpja55;8;7774;7957;307,9;147,5;183;0
vpja55;8;8005;8181;156,4;191,6;176;255255000
vpja55;8;8263;8685;-487,1;355,9;422;255
vpja55;8;8708;9015;-448,4;356,6;307;255
vpja55;8;9079;9224;-279,6;30,8;145;2,55e+08
vpja55;8;9285;9430;-378,7;-308,1;145;255000
vpja55;8;9450;9697;-356,6;-289,6;247;255000
vpja55;8;9753;10000;-550;-244;247;0
vpja55;9;244;401;-20,9;-242,6;157;255000
vpja55;9;421;732;-25,9;-293,4;311;255000
vpja55;9;819;992;403,3;148,7;173;255
vpja55;9;1016;1182;445,1;183,2;166;255
vpja55;9;1211;1429;458,5;271,2;218;255
vpja55;9;1527;1609;-394,7;226,6;82;255255000
vpja55;9;1694;1831;484,4;213,2;137;255
vpja55;9;1861;2268;450,4;311,4;407;255
vpja55;9;2366;2574;-403;262,5;208;255255000
vpja55;9;2596;2869;-402,2;235;273;255255000
vpja55;9;2900;3121;-388,6;306,1;221;255255000
vpja55;9;3149;3230;-407,5;226,5;81;255255000
vpja55;9;3313;3476;87,9000000000001;-331,1;163;0
vpja55;9;3523;3869;-19,5999999999999;-268,1;346;255000
vpja55;9;3887;4319;-45,8;-281,5;432;255000
vpja55;9;4378;4464;-254,7;-290,3;86;0
vpja55;9;4517;4803;-77,1999999999999;-314,5;286;255000
vpja55;9;4896;5117;442,6;257,4;221;255
vpja55;9;5151;5233;432,9;154,6;82;255
vpja55;9;5272;5419;376,8;7;147;0
vpja55;9;5501;5678;-354,7;26,6999999999999;177;0
vpja55;9;5745;5949;-32,6999999999999;-315,8;204;255000
vpja55;9;5971;6198;-28;-286,9;227;255000
vpja55;9;6228;6747;-37,0999999999999;-353,1;519;255000
vpja55;9;6788;7066;-40,5999999999999;-225,3;278;255000
vpja55;9;7102;7338;-34,9;-99,9;236;2,55e+08
vpja55;9;7384;7724;-25,4;9,10000000000002;340;2,55e+08
vpja55;9;7769;7985;-39,3;-150,3;216;2,55e+08
vpja55;9;8035;8327;-17,9;-286,8;292;255000
vpja55;9;8348;8517;-31,5999999999999;-263,9;169;255000
vpja55;9;8586;8683;-458,9;-243;97;0
vpja55;9;8714;9238;-551,6;-224;524;0
vpja55;9;9299;9410;-258,5;-126,4;111;0
vpja55;9;9450;9471;-337,1;85,8;21;0
vpja55;9;9527;9716;-373,5;227,2;189;255255000
vpja55;9;9800;10000;422,1;221,1;200;255
vpja55;10;206;278;0,100000000000023;-179,2;72;2,55e+08
vpja55;10;311;458;-23,8000000000001;-295,2;147;255000
vpja55;10;528;740;276,5;71,6;212;255
vpja55;10;817;1030;-341,4;118,5;213;255255000
vpja55;10;1044;1202;-317,6;117;158;255255000
vpja55;10;1273;1478;238,2;108;205;255
vpja55;10;1547;1736;-5,70000000000005;-263,8;189;255000
vpja55;10;1756;2632;-2,5;-290,7;876;255000
vpja55;10;2690;2899;13,1999999999999;-104,9;209;2,55e+08
vpja55;10;2959;3208;220,9;113,8;249;255
vpja55;10;3274;3409;563,7;66,8000000000001;135;0
vpja55;10;3434;3615;615,6;67,5;181;0
vpja55;10;3653;3843;559,3;-74,4;190;0
vpja55;10;3894;4113;222,2;52,5;219;0
vpja55;10;4187;4392;-362,7;135,9;205;255255000
vpja55;10;4461;5432;98,6;44;971;2,55e+08
vpja55;10;5483;6323;272;78,8000000000001;840;255
vpja55;10;6363;6619;109,2;74,4;256;0
vpja55;10;6688;7006;-315,7;105,9;318;0
vpja55;10;7028;7228;-342,8;118,4;200;255255000
vpja55;10;7271;7439;-495,4;91;168;0
vpja55;10;7488;7691;-327,9;109,5;203;255255000
vpja55;10;7759;7849;34,6;-12,1;90;2,55e+08
vpja55;10;7905;8103;273,3;57,2;198;255
vpja55;10;8170;8527;-0,300000000000068;-262,9;357;255000
vpja55;10;8547;8889;-5,89999999999998;-301,7;342;255000
vpja55;10;8936;9144;45,1;-228,6;208;0
vpja55;10;9213;9467;279,4;27;254;0
vpja55;10;9528;9677;578,1;-4,39999999999998;149;0
vpja55;10;9707;9850;532,2;-88,2;143;0
vpja55;10;9904;10000;533,5;-285,1;96;0
vpja55;11;228;384;-259;48,6;156;2,55e+08
vpja55;11;470;578;202,4;-2,30000000000007;108;0
vpja55;11;613;759;321,4;26,8;146;255
vpja55;11;835;1182;-250,5;-238;347;255000
vpja55;11;1258;1529;325;-186,1;271;0
vpja55;11;1583;1940;563;-162,6;357;0
vpja55;11;1970;2144;572,8;-213,2;174;0
vpja55;11;2270;2545;636,5;338,6;275;0
vpja55;11;2618;2845;323,2;-223,5;227;0
vpja55;11;2908;3049;15,6;-241,6;141;0
vpja55;11;3102;3268;-177,7;-262,9;166;0
vpja55;11;3325;3547;-408,7;-286;222;0
vpja55;11;3585;3743;-553,8;-368,2;158;0
vpja55;11;3773;3922;-626,7;-329,5;149;0
vpja55;11;3976;4083;-642,7;-168,8;107;NA
vpja55;11;4145;4279;-301,7;-238,4;134;255000
vpja55;11;4387;4549;-223,9;107,5;162;255255000
vpja55;11;4621;4805;323,5;28;184;255
vpja55;11;4831;4962;280,5;-5,39999999999998;131;255
vpja55;11;5036;5208;-258,4;-207;172;255000
vpja55;11;5230;5751;-259,9;-248,4;521;255000
vpja55;11;5770;5976;-245,9;-220,9;206;255000
vpja55;11;5997;7208;-256,6;-251,6;1211;255000
vpja55;11;7223;7445;-252,7;-236,4;222;255000
vpja55;11;7455;7746;-262,2;-253,6;291;255000
vpja55;11;7776;8084;-247,4;-193,5;308;255000
vpja55;11;8105;8300;-259,7;-240,9;195;255000
vpja55;11;8319;8692;-271,5;-277,5;373;255000
vpja55;11;8716;9014;-326;-278,2;298;255000
vpja55;11;9061;9375;-219,4;-242,9;314;255000
vpja55;11;9395;9614;-253,6;-245,9;219;255000
vpja55;11;9766;9999;-272,1;33,1;233;2,55e+08
vpja55;12;167;261;-50,3;-143,2;94;2,55e+08
vpja55;12;286;497;-84;-206,6;211;255000
vpja55;12;507;856;-93,5999999999999;-215,2;349;255000
vpja55;12;936;1134;-116,2;39,5;198;2,55e+08
vpja55;12;1166;1317;-40,9;6,09999999999991;151;255255000
vpja55;12;1382;1532;-403,8;65;150;255
vpja55;12;1584;1716;-248,9;173,3;132;2,55e+08
vpja55;12;1753;2158;-198,8;53,8;405;2,55e+08
vpja55;12;2193;2560;-244,5;156,5;367;2,55e+08
vpja55;12;2600;2813;-226,3;54,5999999999999;213;2,55e+08
vpja55;12;2873;3107;-482,7;74,4;234;255
vpja55;12;3129;3332;-514,4;73,6999999999999;203;255
vpja55;12;3361;3586;-422,4;68,5999999999999;225;255
vpja55;12;3652;4000;-12,1999999999999;51,3;348;255255000
vpja55;12;4057;4280;-80,5;-186,6;223;255000
vpja55;12;4292;4693;-91,6999999999999;-200,3;401;255000
vpja55;12;4709;4938;-87;-220,7;229;255000
vpja55;12;4954;5317;-90,4;-188,7;363;255000
vpja55;12;5397;5574;468,4;-88,0000000000001;177;0
vpja55;12;5622;5729;580,7;-119,2;107;0
vpja55;12;5788;5894;464,2;-355,7;106;0
vpja55;12;5967;6107;-84,8;-236,8;140;255000
vpja55;12;6130;6560;-89,4;-193,7;430;255000
vpja55;12;6574;6947;-87,8;-179,6;373;255000
vpja55;12;6962;7680;-91,8;-200,3;718;255000
vpja55;12;7693;7901;-93;-179,8;208;255000
vpja55;12;7968;8212;-474,1;-79,6;244;0
vpja55;12;8282;8377;-41,6999999999999;-189,5;95;2,55e+08
vpja55;12;8399;8646;-84,0999999999999;-197,1;247;255000
vpja55;12;8661;8763;-96,3;-212;102;255000
vpja55;12;8806;9091;-80,8;-82,6;285;2,55e+08
vpja55;12;9127;9328;-93,0999999999999;-210,2;201;255000
vpja55;12;9342;9693;-97,0999999999999;-198,1;351;255000
vpja55;12;9713;10000;-84,8;-235;287;255000
vpja55;13;192;258;40;-188,4;66;2,55e+08
vpja55;13;288;758;59,2;-299,9;470;255000
vpja55;13;832;879;-122,3;34,2;47;255
vpja55;13;887;918;-112,8;42,6;31;255
vpja55;13;940;998;-67,6999999999999;44,2;58;0
vpja55;13;1067;1625;473,1;96,5;558;255255000
vpja55;13;1647;1829;483,7;50,9;182;255255000
vpja55;13;1904;2116;-116,5;33,3000000000001;212;255
vpja55;13;2152;2283;-25,5999999999999;-6,69999999999993;131;255
vpja55;13;2352;2544;481,6;94,8000000000001;192;255255000
vpja55;13;2568;2970;485,2;49,4;402;255255000
vpja55;13;2994;3271;481,3;101,6;277;255255000
vpja55;13;3295;3457;463,7;148,9;162;0
vpja55;13;3528;3660;110,5;-207,6;132;2,55e+08
vpja55;13;3689;3813;90,4000000000001;-304,2;124;255000
vpja55;13;3860;3883;-125,9;-88,3;23;0
vpja55;13;3899;4186;-122,7;21,4;287;255
vpja55;13;4259;4667;483,6;70,3000000000001;408;255255000
vpja55;13;4739;4841;111,1;-228,1;102;2,55e+08
vpja55;13;4872;5403;90,3;-314,6;531;255000
vpja55;13;5418;5602;75;-305,4;184;255000
vpja55;13;5684;5891;-464,8;24,7;207;0
vpja55;13;5952;6127;-76,0999999999999;24,5;175;0
vpja55;13;6190;6389;135,7;-186,9;199;2,55e+08
vpja55;13;6429;6672;84,5;-319,6;243;255000
vpja55;13;6687;7331;80,8000000000001;-304,3;644;255000
vpja55;13;7346;8006;79,9000000000001;-326,1;660;255000
vpja55;13;8020;8278;75;-307,8;258;255000
vpja55;13;8366;8526;467,8;123,3;160;255255000
vpja55;13;8553;8716;451,7;41,4;163;255255000
vpja55;13;8784;9042;10,3000000000001;-8,29999999999995;258;0
vpja55;13;9092;9223;-142,5;21;131;255
vpja55;13;9275;9449;-293,3;-13,6999999999999;174;0
vpja55;13;9508;10000;26,7;-21,9;492;255
vpja55;14;169;327;52,1999999999999;-32,8000000000001;158;255000
vpja55;14;343;429;68,1999999999999;-42,2;86;255000
vpja55;14;488;641;69,1999999999999;192;153;255255000
vpja55;14;700;888;334,5;126,4;188;255
vpja55;14;905;1062;313,4;97,6999999999999;157;255
vpja55;14;1087;1137;287,4;42,3;50;0
vpja55;14;1182;1398;73,4;-72,4000000000001;216;255000
vpja55;14;1438;1581;13,4;-177,1;143;0
vpja55;14;1640;1938;341,2;-166,3;298;0
vpja55;14;1992;2166;182,2;-265,9;174;0
vpja55;14;2221;2495;345,2;-176,7;274;0
vpja55;14;2553;2760;69,1999999999999;-100;207;255000
vpja55;14;2783;3386;80,1999999999999;-55,2;603;255000
vpja55;14;3446;3797;113;186,9;351;255255000
vpja55;14;3855;3907;126,3;408,4;52;0
vpja55;14;3951;3978;162,2;362,6;27;0
vpja55;14;4060;4162;223,8;120,2;102;0
vpja55;14;4217;4377;77,8;-42,1;160;255000
vpja55;14;4398;4735;92,6;-50,9000000000001;337;0
vpja55;14;4749;5003;92,4999999999999;-32,2;254;0
vpja55;14;5023;5330;90,9;-62,9000000000001;307;0
vpja55;14;5349;5669;65,1;-86,5000000000001;320;255000
vpja55;14;5691;6004;44,8;-64,5;313;255000
vpja55;14;6030;6524;99,1;-60,6;494;0
vpja55;14;6545;6831;80,6;-95,3000000000001;286;255000
vpja55;14;6925;7045;-558;186,2;120;0
vpja55;14;7069;7497;-546,1;143,6;428;0
vpja55;14;7554;7693;-258,7;142,7;139;0
vpja55;14;7753;8140;-582,7;337,9;387;0
vpja55;14;8190;8326;-583,3;63,6999999999999;136;0
vpja55;14;8364;9171;-584,2;-92,6;807;0
vpja55;14;9231;9404;-527,4;114,2;173;0
vpja55;14;9426;9597;-541;151,4;171;0
vpja55;14;9724;10000;318,8;85,0999999999999;276;255
vpja55;15;197;301;10,076;-186,832;104;2,55e+08
vpja55;15;324;433;10,576;-243,132;109;255000
vpja55;15;506;693;-215,224;110,468;187;255255000
vpja55;15;763;1278;22,076;-294,632;515;255000
vpja55;15;1345;1661;325,976;104,968;316;255
vpja55;15;1737;1833;-125,024;156,068;96;0
vpja55;15;1866;2223;-214,224;128,068;357;255255000
vpja55;15;2242;2404;-244,924;116,568;162;255255000
vpja55;15;2477;2709;325,676;161,968;232;255
vpja55;15;2747;3601;183,276;136,268;854;255
vpja55;15;3671;3919;-214,524;115,368;248;255255000
vpja55;15;3939;4047;-258,024;102,368;108;255255000
vpja55;15;4099;4327;-254,524;-98,3319999999999;228;0
vpja55;15;4389;4522;19,1759999999999;-266,832;133;255000
vpja55;15;4545;4971;31,276;-305,632;426;255000
vpja55;15;4997;5189;33,976;-263,832;192;255000
vpja55;15;5209;6333;23,876;-296,632;1124;255000
vpja55;15;6392;6669;-102,224;-102,232;277;2,55e+08
vpja55;15;6727;7005;21,576;-278,432;278;255000
vpja55;15;7021;7942;1,976;-285,532;921;255000
vpja55;15;7968;8165;26,476;-285,232;197;255000
vpja55;15;8235;8275;-214,424;51,0680000000001;40;0
vpja55;15;8285;8440;-229,324;78,268;155;0
vpja55;15;8506;8623;-7,82400000000007;-223,932;117;255000
vpja55;15;8647;8944;12,576;-279,332;297;255000
vpja55;15;8958;9324;4,27599999999995;-288,432;366;255000
vpja55;15;9347;9865;13,376;-247,632;518;255000
vpja55;15;9886;10000;2,476;-286,232;114;255000
vpja55;16;186;316;-104,3;-100,5;130;255000
vpja55;16;326;490;-125,1;-102,3;164;255000
vpja55;16;497;614;-130,7;-109,9;117;255000
vpja55;16;674;1052;130,8;81,4;378;255
vpja55;16;1133;1286;-474,3;150,8;153;255255000
vpja55;16;1351;1710;-422,4;134,7;359;255255000
vpja55;16;1731;2090;-457,1;136,1;359;255255000
vpja55;16;2155;2247;-116,1;-61,2;92;2,55e+08
vpja55;16;2272;2529;-102,9;-113,1;257;255000
vpja55;16;2590;2792;156;58;202;255
vpja55;16;2854;2981;-76,8;-111;127;0
vpja55;16;2998;3521;-104,6;-114,3;523;255000
vpja55;16;3590;3778;322;-19,4000000000001;188;0
vpja55;16;3831;4331;136;85,5999999999999;500;255
vpja55;16;4362;4629;210,4;89,5;267;255
vpja55;16;4666;4931;104,9;92,8;265;255
vpja55;16;4978;5081;-81,6999999999999;-45,8000000000001;103;2,55e+08
vpja55;16;5110;5402;-115,8;-110;292;255000
vpja55;16;5469;5682;-469,9;-95,0000000000001;213;0
vpja55;16;5705;5896;-469,9;-147,1;191;0
vpja55;16;5945;6124;-492,5;-408,7;179;0
vpja55;16;6188;6472;-94,1999999999999;-422,4;284;0
vpja55;16;6587;6765;-473,5;164,3;178;255255000
vpja55;16;6790;7016;-447;138,5;226;255255000
vpja55;16;7054;7160;-369,4;138,4;106;0
vpja55;16;7218;7481;-78,4;75,5;263;2,55e+08
vpja55;16;7533;7713;-125;-124,5;180;255000
vpja55;16;7730;8265;-116,9;-111,9;535;255000
vpja55;16;8275;8505;-121,2;-120,2;230;255000
vpja55;16;8515;8827;-111,2;-112,8;312;255000
vpja55;16;8883;9245;-40,9;68,9;362;2,55e+08
vpja55;16;9299;9470;144;59,5;171;255
vpja55;16;9523;9985;327,6;-5,30000000000007;462;0
vpja55;17;178;287;-76,7;-111,2;109;2,55e+08
vpja55;17;308;510;-92,4;-149,5;202;255000
vpja55;17;576;724;-275;94,7;148;255
vpja55;17;781;994;3,69999999999993;180,1;213;255255000
vpja55;17;1021;1240;71,6;192,2;219;0
vpja55;17;1302;1409;-78,4;-117,1;107;2,55e+08
vpja55;17;1428;1966;-92,9;-153;538;255000
vpja55;17;2034;2182;-288,2;113,1;148;255
vpja55;17;2244;2380;-72,3000000000001;-147,6;136;255000
vpja55;17;2395;2768;-88,7;-169,1;373;255000
vpja55;17;2822;2986;-35,3000000000001;-15,6;164;2,55e+08
vpja55;17;3044;3254;-287,1;97,9;210;255
vpja55;17;3313;3586;41,6999999999999;149,6;273;0
vpja55;17;3646;3724;-168,1;310;78;0
vpja55;17;3782;3795;-109,5;227,2;13;0
vpja55;17;3820;3971;-201,1;162,9;151;0
vpja55;17;4008;4206;-236,1;105,7;198;0
vpja55;17;4232;4354;-275,5;101,9;122;255
vpja55;17;4412;4690;30,3;147;278;0
vpja55;17;4708;4895;17,4;161,7;187;0
vpja55;17;4957;5173;-273,7;95,1;216;255
vpja55;17;5189;5544;-304,7;91;355;255
vpja55;17;5602;5914;-2,10000000000002;78,8;312;2,55e+08
vpja55;17;5945;6115;53,4;155,1;170;0
vpja55;17;6176;6315;-60;-169,2;139;255000
vpja55;17;6333;6465;-91,7;-177,6;132;255000
vpja55;17;6519;6756;48,5;-297,8;237;0
vpja55;17;6791;6965;64,1999999999999;-398,9;174;0
vpja55;17;7003;7281;-31,6;-441,1;278;0
vpja55;17;7332;7664;149,5;-426,4;332;0
vpja55;17;7708;7928;-2,80000000000007;-419,4;220;0
vpja55;17;7950;8119;20,6;-450,4;169;0
vpja55;17;8172;8359;78,9;-333,2;187;0
vpja55;17;8428;8646;-99,8000000000001;-47,8;218;2,55e+08
vpja55;17;8701;8772;26,4;134,9;71;0
vpja55;17;8794;9128;13,5;155,7;334;0
vpja55;17;9190;9434;-283,8;110,2;244;255
vpja55;17;9452;9876;-308,9;103,4;424;255
vpja55;17;9933;9999;-19,5;107,5;66;0
vpja55;18;261;383;-9,29999999999995;-234,5;122;255000
vpja55;18;448;506;-9,29999999999995;77,6999999999999;58;2,55e+08
vpja55;18;567;869;-32,9;-302,6;302;255000
vpja55;18;890;1364;-7,79999999999995;-303,6;474;255000
vpja55;18;1386;1804;-65,5999999999999;-293,7;418;255000
vpja55;18;1948;2141;-500,3;268,7;193;255
vpja55;18;2209;2441;8,70000000000005;234,1;232;255255000
vpja55;18;2470;2810;37;171,8;340;255255000
vpja55;18;2846;3031;27,9000000000001;276,2;185;255255000
vpja55;18;3049;3291;70,8000000000001;296,3;242;255255000
vpja55;18;3301;3458;74,8000000000001;314,6;157;255255000
vpja55;18;3512;4208;48,1;95,5;696;255255000
vpja55;18;4270;4442;-32,1999999999999;-234,6;172;255000
vpja55;18;4468;4683;-33,0999999999999;-296,5;215;255000
vpja55;18;4701;5167;-7,79999999999995;-284,5;466;255000
vpja55;18;5225;5460;-216,4;-195,5;235;0
vpja55;18;5533;5789;128,9;29,4;256;2,55e+08
vpja55;18;5828;6137;39,1;-39,6;309;2,55e+08
vpja55;18;6192;6378;-5,19999999999993;-229,2;186;255000
vpja55;18;6409;6926;-12,1999999999999;-312;517;255000
vpja55;18;6985;7016;96,4000000000001;63,9;31;2,55e+08
vpja55;18;7072;7236;87,4000000000001;256;164;255255000
vpja55;18;7296;7486;389,5;210,4;190;0
vpja55;18;7552;7692;-9,79999999999995;154,6;140;2,55e+08
vpja55;18;7748;8025;-500,4;289,6;277;255
vpja55;18;8093;8238;-24,6999999999999;186,5;145;2,55e+08
vpja55;18;8266;8638;35,7;131,1;372;255255000
vpja55;18;8701;8864;-20,4;-223,4;163;255000
vpja55;18;8899;9111;-29,3;-342,1;212;255000
vpja55;18;9134;9652;-42,1999999999999;-420,7;518;255000
vpja55;18;9707;9930;-34,8;-287,1;223;255000
vpja55;19;180;242;-1,39999999999998;-155,6;62;2,55e+08
vpja55;19;279;478;-28,0999999999999;-299;199;255000
vpja55;19;541;741;-176,6;-48;200;0
vpja55;19;763;869;-213,5;-75,5;106;255
vpja55;19;920;1128;-32,0999999999999;-25,8000000000001;208;255255000
vpja55;19;1187;1412;-32,4;-296,4;225;255000
vpja55;19;1422;2078;-38;-292,8;656;255000
vpja55;19;2099;2356;-14;-311;257;255000
vpja55;19;2409;2520;-171,7;-276,2;111;0
vpja55;19;2579;2730;-228,4;-52,9;151;255
vpja55;19;2751;2925;-212,1;-81,1;174;255
vpja55;19;2977;3146;-43,3;-42,5;169;255255000
vpja55;19;3201;3396;107;-172,8;195;2,55e+08
vpja55;19;3459;3699;429,5;-57,3000000000001;240;0
vpja55;19;3735;3884;361,6;-134,9;149;0
vpja55;19;3950;4071;38,8000000000001;-302,8;121;255000
vpja55;19;4093;4268;-18,0999999999999;-304,8;175;255000
vpja55;19;4402;4633;32,4000000000001;242,7;231;2,55e+08
vpja55;19;4678;4820;-40,4;125,2;142;0
vpja55;19;4857;5065;-67,8;-13,9;208;255255000
vpja55;19;5115;5311;-217,5;-25,3000000000001;196;255
vpja55;19;5340;5473;-226,4;-95,9;133;255
vpja55;19;5525;5660;-137;-225;135;0
vpja55;19;5731;6067;307,5;-55,3000000000001;336;0
vpja55;19;6090;6392;283,1;-35,9;302;0
vpja55;19;6444;6695;385,8;-181,2;251;0
vpja55;19;6722;6925;296,5;-182,4;203;0
vpja55;19;6964;7763;284,4;-347,3;799;0
vpja55;19;7779;7930;277,5;-368,8;151;0
vpja55;19;7996;8173;-81,3;-201,8;177;0
vpja55;19;8227;8496;-89,5;-23,9;269;255255000
vpja55;19;8535;9073;-191,4;-42,5;538;0
vpja55;19;9122;10000;-49,1999999999999;-25,7;878;255255000
vpja55;20;181;239;-19,5;-199;58;2,55e+08
vpja55;20;288;507;-8,19999999999993;-341,3;219;255000
vpja55;20;600;629;273;55,4;29;0
vpja55;20;672;785;341,8;186,1;113;255
vpja55;20;859;1041;-226,2;101,8;182;0
vpja55;20;1112;1220;-30,5;-321,8;108;2,55e+08
vpja55;20;1246;1442;-22,6;-375,9;196;255000
vpja55;20;1457;2004;-6,79999999999995;-360,5;547;255000
vpja55;20;2076;2101;-16,1;-15,4;25;2,55e+08
vpja55;20;2148;2356;-28,6999999999999;103,3;208;2,55e+08
vpja55;20;2423;2644;-192,2;-223,5;221;0
vpja55;20;2699;2881;-388,1;-312,8;182;0
vpja55;20;2906;3097;-363,4;-398,3;191;0
vpja55;20;3139;3602;-452,7;-286,4;463;0
vpja55;20;3703;3943;94,8000000000001;-397;240;0
vpja55;20;3997;4142;200,6;-236,2;145;0
vpja55;20;4205;4425;534,3;-159,5;220;0
vpja55;20;4459;4736;518,3;-252,3;277;0
vpja55;20;4864;5066;355,3;236,2;202;255
vpja55;20;5094;5419;378,4;319,2;325;255
vpja55;20;5487;5598;-11,1;159;111;2,55e+08
vpja55;20;5657;5942;-285,5;104,2;285;255255000
vpja55;20;5981;6180;-371,9;43,3;199;255255000
vpja55;20;6231;7114;-328,6;164,5;883;255255000
vpja55;20;7172;7352;-71,1999999999999;99,6999999999999;180;2,55e+08
vpja55;20;7379;7556;-32;136,6;177;2,55e+08
vpja55;20;7616;7946;-326,6;133,6;330;255255000
vpja55;20;8016;8142;121,5;168,4;126;0
vpja55;20;8184;8515;-28,8;93,3;331;2,55e+08
vpja55;20;8581;8892;-344,6;67,1999999999999;311;255255000
vpja55;20;8939;9150;-245,2;132,6;211;255255000
vpja55;20;9205;9973;-50,8;33;768;2,55e+08
vpja55;21;215;337;157,6;-149,4;122;255000
vpja55;21;356;532;188,8;-192,9;176;255000
vpja55;21;604;1289;-257,4;1,89999999999998;685;255255000
vpja55;21;1365;1772;312;144,5;407;0
vpja55;21;1836;2128;192,8;-199,8;292;255000
vpja55;21;2186;2355;361,6;-311,4;169;0
vpja55;21;2422;2753;-53;-355,6;331;0
vpja55;21;2814;3019;211,9;-242,7;205;255000
vpja55;21;3043;3298;203;-222,7;255;255000
vpja55;21;3324;3570;188,4;-265,1;246;255000
vpja55;21;3592;3878;191,2;-229,5;286;255000
vpja55;21;3953;4261;-270,4;53,2;308;255255000
vpja55;21;4317;4413;-388,1;133;96;255255000
vpja55;21;4468;4855;-223,8;4,20000000000005;387;255255000
vpja55;21;4891;5112;-317,8;17,9;221;255255000
vpja55;21;5149;5675;-369,4;-92,1;526;0
vpja55;21;5714;5878;-335,9;-233,3;164;0
vpja55;21;5937;6061;-54,3000000000001;-170,1;124;0
vpja55;21;6116;6444;177,8;-221,4;328;255000
vpja55;21;6462;6744;163;-213;282;255000
vpja55;21;6759;7046;184,8;-215,5;287;255000
vpja55;21;7059;7175;191,8;-234,8;116;255000
vpja55;21;7248;7273;323,2;134,9;25;0
vpja55;21;7289;7499;325,5;197,7;210;255
vpja55;21;7524;7673;361,8;239,7;149;255
vpja55;21;7731;8012;139,8;-36,1;281;2,55e+08
vpja55;21;8026;8148;117,6;-43,1;122;2,55e+08
vpja55;21;8219;8385;-314,8;43;166;255255000
vpja55;21;8538;8602;-460,7;244;64;0
vpja55;21;8676;8774;17,3;-75,1;98;2,55e+08
vpja55;21;8827;9004;152,5;-225,8;177;255000
vpja55;21;9063;9245;438;-317,3;182;0
vpja55;21;9274;9488;418;-373,6;214;0
vpja55;21;9506;9937;430,3;-393,8;431;0
vpja55;22;205;284;-240,9;-36;79;0
vpja55;22;340;495;-423,5;-146,9;155;255000
vpja55;22;512;703;-458,5;-148,6;191;255000
vpja55;22;767;1603;-270,4;95;836;255255000
vpja55;22;1663;1922;15,5;11,4;259;255
vpja55;22;1977;2111;-71,3;-204,8;134;0
vpja55;22;2138;2256;-11,9;-249,9;118;0
vpja55;22;2308;2498;59,6;-414,1;190;0
vpja55;22;2513;2681;66;-439,2;168;0
vpja55;22;2740;3090;-168,4;-243,6;350;0
vpja55;22;3172;3374;392;-237,4;202;0
vpja55;22;3441;3600;12,1;-10,2;159;255
vpja55;22;3672;3963;-422,2;-152,3;291;255000
vpja55;22;3974;4549;-436;-153,3;575;255000
vpja55;22;4570;4731;-413,2;-129,1;161;255000
vpja55;22;4747;4966;-428,3;-155,6;219;255000
vpja55;22;5034;5277;35,4;-10,1;243;255
vpja55;22;5387;5627;-557;453,7;240;0
vpja55;22;5690;5941;-259,6;70,7;251;255255000
vpja55;22;6000;6357;37,7;-0,799999999999955;357;255
vpja55;22;6381;6607;-2,79999999999995;14,3;226;255
vpja55;22;6661;7594;-31;-194;933;0
vpja55;22;7650;8099;25,8;-46;449;255
vpja55;22;8138;8354;-49;-121,7;216;0
vpja55;22;8392;9890;-28,4;-241,3;1498;0
vpja55;22;9912;10000;-78,6;-237,4;88;0
vpja55;23;204;438;152,1;-164,7;234;255000
vpja55;23;452;772;148,2;-183,9;320;255000
vpja55;23;847;978;-350,9;20,3;131;0
vpja55;23;1003;1567;-342,5;75,8;564;255255000
vpja55;23;1576;1893;-356,4;66,9;317;255255000
vpja55;23;1959;2428;67,3;226,3;469;255
vpja55;23;2492;2604;133,1;-28,6;112;2,55e+08
vpja55;23;2657;2958;165,5;-211,2;301;255000
vpja55;23;2982;3301;146,8;-166,6;319;255000
vpja55;23;3372;3494;-173,7;-10,1;122;0
vpja55;23;3557;3842;133,9;-177,8;285;255000
vpja55;23;3866;4250;157;-149;384;255000
vpja55;23;4320;4557;65,4;244,7;237;255
vpja55;23;4622;4803;146;-129,6;181;255000
vpja55;23;4827;5102;157,1;-183,2;275;255000
vpja55;23;5140;5407;175,8;-288,5;267;255000
vpja55;23;5481;5752;-300,1;-65,8000000000001;271;0
vpja55;23;5820;5945;48,1999999999999;-178,2;125;0
vpja55;23;5983;6188;176,5;-248,1;205;255000
vpja55;23;6248;6459;445,4;-321,5;211;0
vpja55;23;6517;6650;144,5;-343;133;255000
vpja55;23;6707;7036;427,7;-334,6;329;0
vpja55;23;7096;7288;92,2;-238,3;192;255000
vpja55;23;7351;7575;425,2;-337,7;224;0
vpja55;23;7638;7854;111,9;-191,3;216;255000
vpja55;23;7929;8527;-329,6;78,3;598;255255000
vpja55;23;8598;8633;190,1;31,8;35;2,55e+08
vpja55;23;8640;8912;165;-9,70000000000005;272;2,55e+08
vpja55;23;8965;9146;160,1;-212,1;181;255000
vpja55;23;9169;9344;143,9;-184;175;255000
vpja55;23;9402;9431;108,1;35,6999999999999;29;2,55e+08
vpja55;23;9486;9529;156;119,9;43;2,55e+08
vpja55;23;9536;9965;106,4;197,5;429;0
vpja55;24;210;265;-41,5240549828178;-242,491065292096;55;2,55e+08
vpja55;24;301;640;-48,8240549828179;-378,191065292096;339;255000
vpja55;24;656;1039;-50,0240549828178;-410,691065292096;383;255000
vpja55;24;1149;1330;300,575945017182;259,708934707904;181;0
vpja55;24;1385;1423;470,175945017182;366,808934707904;38;255
vpja55;24;1521;1956;-549,124054982818;392,308934707904;435;0
vpja55;24;1983;2156;-517,324054982818;305,408934707904;173;255255000
vpja55;24;2236;2398;222,175945017182;292,508934707904;162;255
vpja55;24;2449;3114;118,575945017182;244,208934707904;665;0
vpja55;24;3175;3420;442,975945017182;346,308934707904;245;255
vpja55;24;3564;3716;-498,224054982818;351,108934707904;152;0
vpja55;24;3747;3934;-587,724054982818;438,708934707904;187;255255000
vpja55;24;4008;4110;-71,1240549828178;33,6089347079038;102;2,55e+08
vpja55;24;4175;4329;-40,2240549828178;-353,591065292096;154;255000
vpja55;24;4351;4662;-27,6240549828178;-400,291065292096;311;255000
vpja55;24;4686;4803;-74,5240549828178;-397,891065292096;117;255000
vpja55;24;4861;5104;-352,324054982818;-330,391065292096;243;0
vpja55;24;5162;5241;-84,1240549828178;-369,491065292096;79;255000
vpja55;24;5301;5502;258,475945017182;-249,091065292096;201;0
vpja55;24;5564;5736;302,175945017182;16,0089347079038;172;0
vpja55;24;5807;5994;-46,0240549828178;-339,491065292096;187;255000
vpja55;24;6019;6341;-25,7240549828178;-410,391065292096;322;255000
vpja55;24;6402;6620;58,7759450171822;-114,491065292096;218;2,55e+08
vpja55;24;6693;7005;568,175945017182;-45,7910652920963;312;0
vpja55;24;7055;7231;501,075945017182;-159,091065292096;176;0
vpja55;24;7306;7628;-33,0240549828178;-385,591065292096;322;255000
vpja55;24;7642;7933;-31,2240549828178;-411,891065292096;291;255000
vpja55;24;8003;8035;41,6759450171821;-7,69106529209625;32;2,55e+08
vpja55;24;8063;8115;102,775945017182;-52,3910652920962;52;2,55e+08
vpja55;24;8185;8327;270,575945017182;-218,991065292096;142;0
vpja55;24;8374;8460;285,875945017182;-314,191065292096;86;0
vpja55;24;8536;8607;-299,124054982818;-324,391065292096;71;0
vpja55;24;8618;8643;-288,924054982818;-355,791065292096;25;0
vpja55;24;8666;8923;-335,524054982818;-318,991065292096;257;0
vpja55;24;8948;9048;-342,924054982818;-350,991065292096;100;0
vpja55;24;9111;9476;19,7759450171822;-369,591065292096;365;0
vpja55;24;9509;9860;-38,2240549828178;-328,591065292096;351;255000
vpja55;24;9884;9999;-28,5240549828178;-382,691065292096;115;255000
vpja55;25;170;255;16,3741134751773;-96,3095744680852;85;2,55e+08
vpja55;25;287;506;62,2741134751773;-204,709574468085;219;255000
vpja55;25;518;1355;62,5741134751773;-226,609574468085;837;255000
vpja55;25;1429;1691;-314,925886524823;137,290425531915;262;255255000
vpja55;25;1717;1837;-297,325886524823;185,090425531915;120;255255000
vpja55;25;1911;2393;339,574113475177;252,790425531915;482;255
vpja55;25;2476;2613;-347,325886524823;200,990425531915;137;255255000
vpja55;25;2684;2966;69,2741134751773;-197,609574468085;282;255000
vpja55;25;3024;3176;-17,1258865248227;-1,40957446808522;152;2,55e+08
vpja55;25;3241;3429;-395,625886524823;174,790425531915;188;255255000
vpja55;25;3471;3681;-303,125886524823;159,290425531915;210;255255000
vpja55;25;3702;3844;-282,825886524823;187,490425531915;142;255255000
vpja55;25;3923;4528;386,274113475177;254,990425531915;605;0
vpja55;25;4574;4876;217,974113475177;128,090425531915;302;0
vpja55;25;4937;5109;116,274113475177;-204,009574468085;172;0
vpja55;25;5176;5311;-298,525886524823;-209,309574468085;135;0
vpja55;25;5366;5545;-448,025886524823;-70,7095744680852;179;0
vpja55;25;5569;5720;-398,925886524823;-49,8095744680852;151;0
vpja55;25;5789;5943;81,2741134751773;-190,309574468085;154;255000
vpja55;25;5959;6169;82,0741134751772;-217,709574468085;210;255000
vpja55;25;6240;6414;-386,725886524823;-44,2095744680852;174;0
vpja55;25;6433;6628;-414,025886524823;-72,1095744680852;195;0
vpja55;25;6658;7154;-325,025886524823;-11,7095744680852;496;0
vpja55;25;7194;7527;-419,325886524823;-76,2095744680852;333;0
vpja55;25;7596;8004;57,2741134751773;-206,609574468085;408;255000
vpja55;25;8025;8212;43,3741134751773;-198,609574468085;187;255000
vpja55;25;8266;8431;56,8741134751773;-34,0095744680851;165;2,55e+08
vpja55;25;8460;8692;35,3741134751773;37,7904255319148;232;2,55e+08
vpja55;25;8748;8944;70,8741134751773;-195,409574468085;196;255000
vpja55;25;8960;9539;69,5741134751773;-224,209574468085;579;255000
vpja55;25;9605;9775;-315,225886524823;-190,509574468085;170;0
vpja55;25;9841;9999;95,8741134751774;-207,609574468085;158;255000
vpja55;26;191;291;-79,8;-97,8;100;2,55e+08
vpja55;26;321;553;-66,8;-182,3;232;255000
vpja55;26;615;758;-230,8;10,9;143;0
vpja55;26;790;912;-244,9;89,4;122;255255000
vpja55;26;971;1408;79,2;110,5;437;0
vpja55;26;1472;1844;-238,1;88;372;255255000
vpja55;26;1899;1992;-87,9;-108,4;93;2,55e+08
vpja55;26;2021;2376;-73;-190,7;355;255000
vpja55;26;2433;2467;73,1;40,7;34;0
vpja55;26;2492;2910;95,5999999999999;105,8;418;0
vpja55;26;2928;3299;66,8;119,3;371;0
vpja55;26;3326;3468;131,1;115,4;142;0
vpja55;26;3544;3678;533,5;-100,2;134;0
vpja55;26;3708;3860;584,7;-178,5;152;0
vpja55;26;3888;4070;583,5;-242,4;182;0
vpja55;26;4133;4599;351,7;-66,3;466;0
vpja55;26;4616;5147;355,5;-50,6;531;0
vpja55;26;5204;5476;200,7;-284,9;272;0
vpja55;26;5532;5704;22,1;-370,5;172;0
vpja55;26;5776;5894;-400,5;-340,3;118;0
vpja55;26;5973;6265;-479,4;43,4;292;0
vpja55;26;6325;6430;-119,5;26,9;105;2,55e+08
vpja55;26;6484;6881;-70,9;-170,4;397;255000
vpja55;26;6900;7372;-55,9;-189,5;472;255000
vpja55;26;7412;7611;-40,6;-108,3;199;2,55e+08
vpja55;26;7647;8031;-53,4;5,89999999999998;384;2,55e+08
vpja55;26;8066;8369;-163,9;-11,3;303;2,55e+08
vpja55;26;8401;8670;-62;-15,8;269;2,55e+08
vpja55;26;8725;8931;132,4;111,8;206;0
vpja55;26;8996;9190;-221,9;86,6;194;0
vpja55;26;9251;9703;-60,4;-186,2;452;255000
vpja55;26;9759;10000;-89,8;-38,6999999999999;241;2,55e+08
