vp;trial;timest;timeend;x;y;duration;roi
vpja77;1;379;546;-29,9;-348,2;167;255000
vpja77;1;568;758;-5,89999999999998;-347,6;190;255000
vpja77;1;923;1175;-1,70000000000005;-366,2;252;255000
vpja77;1;1182;1719;7,10000000000002;-362,3;537;255000
vpja77;1;1778;2069;67,8000000000001;-172,4;291;0
vpja77;1;2126;2310;333,6;216,1;184;255
vpja77;1;2336;2822;382,8;267,1;486;255
vpja77;1;2830;3065;368,6;271,1;235;255
vpja77;1;3088;3294;408,8;238,7;206;0
vpja77;1;3503;3699;505,4;-98,5000000000001;196;0
vpja77;1;3752;3968;332,1;-217,9;216;0
vpja77;1;3995;4182;310,3;-262,5;187;0
vpja77;1;4210;4393;231,8;-316;183;0
vpja77;1;4426;4611;103,9;-358;185;0
vpja77;1;4653;4775;-17;-365,3;122;255000
vpja77;1;4848;5090;-416,7;-361,9;242;0
vpja77;1;5130;5474;-526,2;-375,7;344;0
vpja77;1;5536;5687;-408,9;-62,6;151;0
vpja77;1;5717;5984;-352,3;-1,80000000000007;267;255255000
vpja77;1;6007;6193;-349,7;45,1999999999999;186;255255000
vpja77;1;6241;6433;-392,4;153,2;192;255255000
vpja77;1;6483;6604;-249;188,8;121;255255000
vpja77;1;6670;6781;-119,2;-116,2;111;2,55e+08
vpja77;1;6809;7072;-173,1;-164,9;263;0
vpja77;1;7081;7237;-176,9;-153,1;156;0
vpja77;1;7276;7467;-175,2;-225,7;191;0
vpja77;1;7517;7704;-103,8;-330,6;187;0
vpja77;1;7728;7895;-136,6;-387,7;167;0
vpja77;1;7939;8165;16,1;-357,3;226;255000
vpja77;1;8179;8721;16,5;-344,4;542;0
vpja77;1;8768;9016;-22,1;-245,2;248;2,55e+08
vpja77;1;9045;9258;-10,5;-164,8;213;2,55e+08
vpja77;1;9281;9415;6,5;-137,6;134;2,55e+08
vpja77;1;9479;9728;343,4;219,4;249;255
vpja77;1;9752;9998;384,2;292;246;255
vpja77;2;272;710;141,2;-141,7;438;255000
vpja77;2;881;1126;160,6;-167,2;245;255000
vpja77;2;1138;1277;144,4;-182,7;139;255000
vpja77;2;1341;1530;-27,3000000000001;60,2;189;0
vpja77;2;1569;1790;-136,7;168,4;221;0
vpja77;2;1817;1943;-214;207,6;126;0
vpja77;2;2114;2306;-216,1;311,1;192;255
vpja77;2;2331;2549;-150,9;300,9;218;255
vpja77;2;2569;2722;-121,2;316,2;153;255
vpja77;2;2741;2832;-116,6;330,7;91;255
vpja77;2;2844;2865;-118;313,3;21;255
vpja77;2;2930;3196;385;364,2;266;255255000
vpja77;2;3233;3455;496,5;303,6;222;255255000
vpja77;2;3475;3603;510,3;292,3;128;255255000
vpja77;2;3635;3888;455,3;150,7;253;0
vpja77;2;3905;4442;456,3;137,1;537;0
vpja77;2;4453;4694;456,1;136,8;241;0
vpja77;2;4721;4877;410,7;48,6;156;0
vpja77;2;4901;5112;445,5;106,3;211;0
vpja77;2;5156;5456;310;-125,3;300;0
vpja77;2;5686;5849;74,3;-245,3;163;0
vpja77;2;5880;6184;-101,5;-282,4;304;0
vpja77;2;6209;6460;-146,5;-321,2;251;0
vpja77;2;6516;6726;-387,6;-259,1;210;0
vpja77;2;6759;6884;-439,7;-250,9;125;0
vpja77;2;6934;7153;-537,1;-358,3;219;0
vpja77;2;7197;7394;-365,2;-412,8;197;0
vpja77;2;7460;7623;-441,6;-150,8;163;0
vpja77;2;7651;7945;-384,2;-74,3;294;0
vpja77;2;7969;8135;-329,5;-16;166;0
vpja77;2;8189;8464;-108,9;158,5;275;0
vpja77;2;8489;8702;-86,7;211,3;213;255
vpja77;2;8776;8916;158,6;-126,6;140;255000
vpja77;2;8940;9305;156,3;-144,9;365;255000
vpja77;2;9368;9545;367,7;140,7;177;0
vpja77;2;9573;9735;355,3;233,6;162;255255000
vpja77;2;9765;10000;483;263,5;235;255255000
vpja77;3;315;485;-19,8000000000001;-249;170;255000
vpja77;3;674;884;-28,6;-290;210;255000
vpja77;3;957;1090;439,2;82;133;0
vpja77;3;1116;1200;477,1;154,4;84;255
vpja77;3;1382;1580;479,4;206;198;255
vpja77;3;1590;1854;464,4;183,5;264;255
vpja77;3;1871;2412;464,5;147,5;541;255
vpja77;3;2423;2603;451,6;152,1;180;255
vpja77;3;2702;3055;-359,9;172,8;353;0
vpja77;3;3063;3421;-372,8;176,3;358;0
vpja77;3;3618;3641;-425,2;359,5;23;0
vpja77;3;3651;3798;-389,8;218,2;147;255255000
vpja77;3;3830;4152;-392,1;56,6;322;0
vpja77;3;4198;4303;-479;-71,1;105;0
vpja77;3;4356;4637;-520,2;-230,1;281;0
vpja77;3;4804;5082;76,4;-372,9;278;0
vpja77;3;5119;5412;228,1;-379,7;293;0
vpja77;3;5436;5685;257,8;-377;249;0
vpja77;3;5699;5986;279,3;-372,5;287;0
vpja77;3;6064;6185;494,4;-121;121;0
vpja77;3;6220;6539;491,6;-61,9;319;0
vpja77;3;6587;6879;442,2;91,6;292;0
vpja77;3;6899;7499;464,3;180;600;255
vpja77;3;7507;7731;457,1;201,8;224;255
vpja77;3;7818;7985;-351,7;190,7;167;255255000
vpja77;3;8159;8208;-452,7;365,5;49;0
vpja77;3;8219;8704;-411,1;202,7;485;255255000
vpja77;3;8720;9299;-426,3;180,4;579;0
vpja77;3;9350;9493;-523,2;-113,1;143;0
vpja77;3;9514;9762;-527,3;-179,6;248;0
vpja77;3;9783;10000;-547;-231,4;217;0
vpja77;4;321;417;-20,3;-65,4;96;2,55e+08
vpja77;4;597;790;-15,9;-411,2;193;255000
vpja77;4;807;1000;7,79999999999995;-399,2;193;255000
vpja77;4;1154;1191;482,4;308,5;37;0
vpja77;4;1203;1362;430,9;233,5;159;0
vpja77;4;1386;1732;450,2;266;346;0
vpja77;4;1745;2009;461,5;291,7;264;0
vpja77;4;2021;2261;484,5;316,3;240;0
vpja77;4;2279;2502;513,5;334,7;223;0
vpja77;4;2513;3000;492,9;339,2;487;0
vpja77;4;3017;3204;509,5;332,5;187;0
vpja77;4;3216;3418;491,3;324,1;202;0
vpja77;4;3504;3677;-264,4;231;173;255255000
vpja77;4;3727;3867;-369,4;203,5;140;0
vpja77;4;3918;4092;-545,5;278;174;0
vpja77;4;4271;4386;-467,9;321;115;255255000
vpja77;4;4427;4591;-259,4;97,2;164;0
vpja77;4;4645;4735;-290,7;-101,4;90;0
vpja77;4;4790;4992;-341,6;-285,3;202;0
vpja77;4;5011;5327;-347,8;-316;316;0
vpja77;4;5377;5535;-465,8;-314,7;158;0
vpja77;4;5567;5753;-551,1;-329;186;0
vpja77;4;5812;5911;-221,7;-381;99;0
vpja77;4;5961;6173;6,10000000000002;-412,1;212;255000
vpja77;4;6196;6357;19,4;-398,3;161;255000
vpja77;4;6427;6742;391,2;-323,5;315;0
vpja77;4;6781;7087;541,7;-208,7;306;0
vpja77;4;7259;7354;603,8;29,2;95;0
vpja77;4;7381;7583;621,7;61,4000000000001;202;0
vpja77;4;7597;7939;602,8;70,8000000000001;342;0
vpja77;4;8014;8134;117,5;-145,2;120;2,55e+08
vpja77;4;8189;8278;-0,899999999999977;-300,9;89;255000
vpja77;4;8306;8780;4,10000000000002;-386,9;474;255000
vpja77;4;8947;9284;-413,3;-359,1;337;0
vpja77;4;9324;9540;-547;-395,8;216;0
vpja77;4;9570;9879;-524,3;-486,4;309;NA
vpja77;5;233;383;-93;-203,6;150;255000
vpja77;5;407;500;-68,8;-199,7;93;255000
vpja77;5;669;947;-78,2;-199,5;278;255000
vpja77;5;1120;1316;91,8;83,3000000000001;196;0
vpja77;5;1480;1838;190,7;130,6;358;255
vpja77;5;1851;2422;172,9;126,4;571;255
vpja77;5;2435;3476;192,8;135,2;1041;255
vpja77;5;3485;3873;178,1;134,7;388;255
vpja77;5;3946;4149;-216,1;217,1;203;0
vpja77;5;4170;4656;-189,2;231,3;486;255255000
vpja77;5;4669;4949;-226,1;232,7;280;255255000
vpja77;5;4966;5192;-270,9;217,2;226;255255000
vpja77;5;5237;5466;-436,3;192,9;229;0
vpja77;5;5523;5645;-174,2;304,5;122;0
vpja77;5;5706;5907;104,6;458,3;201;0
vpja77;5;6088;6119;489,9;452,1;31;0
vpja77;5;6188;6255;473,1;110,2;67;0
vpja77;5;6305;6566;447;-71,5999999999999;261;0
vpja77;5;6598;6913;391;-117;315;0
vpja77;5;6932;7140;399,9;-148,2;208;0
vpja77;5;7180;7330;367,9;-224,3;150;0
vpja77;5;7380;7509;239,1;-325,4;129;0
vpja77;5;7570;7786;-246,8;-372,8;216;0
vpja77;5;7839;8282;-531,3;-334,2;443;0
vpja77;5;8320;8586;-606,5;-187,7;266;0
vpja77;5;8636;8764;-568,8;10,2;128;0
vpja77;5;8803;9389;-541,5;99,3000000000001;586;0
vpja77;5;9402;9555;-535,2;117,2;153;0
vpja77;5;9627;9721;-155,1;-153;94;2,55e+08
vpja77;5;9750;10000;-72;-221,4;250;255000
vpja77;6;193;295;-77,8975609756098;-174,157317073171;102;255000
vpja77;6;322;498;-116,69756097561;-208,357317073171;176;255000
vpja77;6;510;647;-131,99756097561;-222,057317073171;137;255000
vpja77;6;820;1142;-124,29756097561;-231,357317073171;322;255000
vpja77;6;1196;1456;-213,19756097561;-21,2573170731707;260;2,55e+08
vpja77;6;1697;2000;-265,69756097561;50,5426829268293;303;0
vpja77;6;2023;2124;-309,99756097561;51,0426829268293;101;0
vpja77;6;2349;2783;-316,99756097561;67,5426829268293;434;0
vpja77;6;2841;3019;45,1024390243902;36,8426829268293;178;2,55e+08
vpja77;6;3243;3481;90,4024390243901;63,5426829268293;238;255255000
vpja77;6;3495;3725;66,6024390243902;47,0426829268293;230;0
vpja77;6;3746;3906;99,5024390243902;40,6426829268294;160;0
vpja77;6;3954;4076;283,50243902439;-48,5573170731707;122;0
vpja77;6;4103;4331;339,20243902439;-108,057317073171;228;0
vpja77;6;4508;4685;363,20243902439;-85,8573170731706;177;0
vpja77;6;4696;5154;345,00243902439;-132,457317073171;458;0
vpja77;6;5168;5326;357,80243902439;-132,157317073171;158;0
vpja77;6;5371;5571;572,50243902439;-216,357317073171;200;0
vpja77;6;5594;5683;590,20243902439;-259,257317073171;89;0
vpja77;6;5875;6102;593,50243902439;-248,757317073171;227;0
vpja77;6;6116;6298;581,20243902439;-305,557317073171;182;0
vpja77;6;6355;6561;315,60243902439;-363,557317073171;206;0
vpja77;6;6602;6701;170,10243902439;-373,457317073171;99;0
vpja77;6;6865;6950;-158,49756097561;-262,357317073171;85;0
vpja77;6;7004;7318;-413,19756097561;-262,857317073171;314;0
vpja77;6;7513;7710;-326,69756097561;48,7426829268293;197;0
vpja77;6;7735;8371;-292,89756097561;48,1426829268294;636;0
vpja77;6;8387;9098;-328,59756097561;53,8426829268293;711;0
vpja77;6;9113;9463;-303,39756097561;53,6426829268294;350;0
vpja77;6;9526;9823;87,6024390243902;51,4426829268293;297;0
vpja77;6;9841;10000;61,2024390243901;54,8426829268293;159;0
vpja77;7;246;340;-6,5;-258,8;94;255000
vpja77;7;364;411;-54,5;-284,9;47;255000
vpja77;7;596;837;-73,7;-321;241;255000
vpja77;7;891;1036;-62,5;-118,9;145;2,55e+08
vpja77;7;1242;1659;-455,5;256,4;417;255
vpja77;7;1930;1993;141,9;320,8;63;2,55e+08
vpja77;7;2090;2332;31,3;260,6;242;255255000
vpja77;7;2353;2770;68,2;283,4;417;255255000
vpja77;7;2788;2821;63,8;312,7;33;255255000
vpja77;7;2851;3024;81,5999999999999;401,5;173;255255000
vpja77;7;3040;3333;48,6;446,9;293;255255000
vpja77;7;3345;3632;51,3;463,5;287;255255000
vpja77;7;3649;3754;69,0999999999999;466,3;105;255255000
vpja77;7;3794;3933;418,4;384,7;139;0
vpja77;7;3989;4278;497,1;241,4;289;0
vpja77;7;4303;4729;443,1;87,7;426;0
vpja77;7;4963;5106;387,3;-42;143;0
vpja77;7;5151;5312;435,7;-208,6;161;0
vpja77;7;5342;5497;341,3;-240,6;155;0
vpja77;7;5695;5971;359;-292,6;276;0
vpja77;7;5990;6344;379,8;-276,5;354;0
vpja77;7;6369;6489;311,7;-264,2;120;0
vpja77;7;6695;6920;-262,1;-256,8;225;0
vpja77;7;6962;7104;-376,9;-247,9;142;0
vpja77;7;7148;7606;-573,9;-298,5;458;0
vpja77;7;7626;7835;-605,5;-308,6;209;0
vpja77;7;7979;8347;-497,2;184,5;368;0
vpja77;7;8569;8744;-450,3;196,5;175;0
vpja77;7;8772;9116;-485,3;184,2;344;0
vpja77;7;9142;9169;-432,8;198,8;27;0
vpja77;7;9432;9518;-403,8;238;86;0
vpja77;7;9545;9718;-484;203,6;173;0
vpja77;7;9808;10000;-8,39999999999998;-279,5;192;255000
vpja77;8;209;370;-64,6;-101,6;161;255000
vpja77;8;378;888;-89,6;-108,5;510;255000
vpja77;8;897;1069;-79,6;-123,4;172;255000
vpja77;8;1126;1379;138,2;38,6;253;0
vpja77;8;1399;1480;149,7;79,9;81;0
vpja77;8;1661;1944;147,4;124,9;283;255255000
vpja77;8;1966;2172;177,9;134,6;206;0
vpja77;8;2191;2513;208,4;191,6;322;0
vpja77;8;2600;2793;-385,4;132,9;193;255
vpja77;8;2820;3210;-464,9;107,2;390;255
vpja77;8;3227;3489;-499,1;95,1999999999999;262;0
vpja77;8;3510;3737;-462,9;86,5;227;0
vpja77;8;3756;3942;-435,2;81,1999999999999;186;0
vpja77;8;3973;4096;-445;-31,8000000000001;123;0
vpja77;8;4130;4295;-460,9;-135,3;165;0
vpja77;8;4360;4646;-434,9;-395;286;0
vpja77;8;4661;5203;-446,6;-405,8;542;0
vpja77;8;5263;5443;-79,6999999999999;-393,1;180;0
vpja77;8;5627;5933;-54,9;-411,7;306;0
vpja77;8;5943;6430;-63,1999999999999;-418,4;487;0
vpja77;8;6504;6715;291,5;-10,2;211;0
vpja77;8;6741;7051;341,4;-13,1;310;0
vpja77;8;7078;7210;410,1;18,1999999999999;132;0
vpja77;8;7274;7441;-66,8;-97,6;167;255000
vpja77;8;7450;7924;-76,9;-107,1;474;255000
vpja77;8;7975;8156;-145,7;88,1999999999999;181;2,55e+08
vpja77;8;8347;8409;-152,6;179,8;62;2,55e+08
vpja77;8;8437;8656;-146,8;245,2;219;0
vpja77;8;8725;9106;-469,5;124,5;381;255
vpja77;8;9120;9482;-495,6;110,8;362;255
vpja77;8;9502;9826;-467,5;104,6;324;255
vpja77;8;9836;9999;-482,4;105,4;163;0
vpja77;9;154;274;-0,600000000000023;50,3;120;2,55e+08
vpja77;9;311;437;-83,8;-126,8;126;255000
vpja77;9;462;909;-87,9;-152,5;447;255000
vpja77;9;967;1300;-2;88,5;333;255
vpja77;9;1462;1483;-208,1;1409,9;21;NA
vpja77;9;1530;1775;-2,60000000000002;247,7;245;0
vpja77;9;1788;2049;2,70000000000005;193,8;261;255
vpja77;9;2232;2482;-305,1;247,2;250;0
vpja77;9;2504;2713;-261,3;198;209;0
vpja77;9;2736;2966;-285,3;219,7;230;0
vpja77;9;3003;3245;-203,8;394,1;242;0
vpja77;9;3278;3483;-45,9;376,8;205;0
vpja77;9;3520;3749;-156,7;395,2;229;0
vpja77;9;3770;3862;-131,6;394,2;92;0
vpja77;9;4087;4267;-407,1;-12,7;180;0
vpja77;9;4287;4538;-422,9;-88,2;251;0
vpja77;9;4562;4895;-458;-134,5;333;0
vpja77;9;4911;5235;-440,9;-155,2;324;0
vpja77;9;5292;5405;-230,3;-203,1;113;0
vpja77;9;5451;5638;-28,1;-301,6;187;0
vpja77;9;5676;5855;63;-355,6;179;0
vpja77;9;5878;6542;121,5;-394,9;664;0
vpja77;9;6554;6843;133,8;-399,4;289;0
vpja77;9;6887;7206;278,2;-381,2;319;0
vpja77;9;7274;7383;403,5;-121,7;109;0
vpja77;9;7413;7747;412,7;28,5;334;0
vpja77;9;7799;8011;605,6;113,1;212;0
vpja77;9;8081;8200;148;35,6999999999999;119;0
vpja77;9;8247;8467;-7,79999999999995;33,5;220;2,55e+08
vpja77;9;8517;8659;-196,2;-13,9;142;2,55e+08
vpja77;9;8715;8968;-426,1;-87,9;253;0
vpja77;9;8989;9342;-454,1;-120,9;353;0
vpja77;9;9370;9544;-409,1;-41,6;174;0
vpja77;9;9573;9728;-427,9;34,4;155;0
vpja77;9;9776;10000;-455,1;214,5;224;0
vpja77;10;205;281;3,5;-115,5;76;2,55e+08
vpja77;10;310;417;-11,5999999999999;-185,3;107;255000
vpja77;10;441;646;-14,5999999999999;-229,2;205;255000
vpja77;10;662;873;-29,0999999999999;-254,8;211;255000
vpja77;10;893;1156;7,90000000000009;-274,2;263;255000
vpja77;10;1179;1278;-27,5999999999999;-287,2;99;255000
vpja77;10;1483;1634;-37,6999999999999;-309,3;151;255000
vpja77;10;1666;2050;1,5;-289,3;384;255000
vpja77;10;2071;2220;-15,1999999999999;-258,3;149;255000
vpja77;10;2281;2434;-203,3;-67,4;153;0
vpja77;10;2495;2633;-315,4;86,9;138;0
vpja77;10;2836;3256;-322;170,2;420;255
vpja77;10;3272;3648;-346,8;148,1;376;0
vpja77;10;3660;3935;-329,9;146,3;275;0
vpja77;10;4191;4762;-335,6;156,7;571;255
vpja77;10;5022;5250;-289,8;176,2;228;255
vpja77;10;5274;5670;-322,2;155,6;396;255
vpja77;10;5760;6077;353;195,8;317;0
vpja77;10;6089;6765;344,7;203,1;676;255255000
vpja77;10;6807;7136;556;310,9;329;0
vpja77;10;7157;7335;606,9;322,7;178;0
vpja77;10;7350;7684;628,4;285,1;334;0
vpja77;10;7700;7871;625,4;227,4;171;0
vpja77;10;7895;8027;633,7;157,5;132;0
vpja77;10;8077;8192;590,5;-111,9;115;0
vpja77;10;8251;8410;327;-343,6;159;0
vpja77;10;8440;8635;174,9;-387,7;195;0
vpja77;10;8688;8939;-88,9;-439,3;251;0
vpja77;10;8964;9144;-144,7;-440,8;180;0
vpja77;10;9206;9459;-521,3;-475,7;253;0
vpja77;10;9477;9698;-547,6;-478,8;221;0
vpja77;10;9758;9999;-142,2;-459,1;241;0
vpja77;11;315;415;-130,2;-155;100;2,55e+08
vpja77;11;439;713;-146,1;-213,6;274;0
vpja77;11;924;1127;-142,4;-283,6;203;255000
vpja77;11;1218;1384;-455,2;249,8;166;0
vpja77;11;1406;1782;-439,6;290,6;376;255
vpja77;11;1808;1997;-482,9;347,4;189;255
vpja77;11;2011;2304;-499;365,5;293;255
vpja77;11;2329;2774;-452,3;352,8;445;255
vpja77;11;3027;3053;278,9;315,3;26;0
vpja77;11;3085;3275;321,3;309,4;190;0
vpja77;11;3306;3339;327,6;313,5;33;0
vpja77;11;3447;3738;379,5;330,6;291;0
vpja77;11;3754;3813;353,6;330,9;59;0
vpja77;11;3882;3945;314,2;303,4;63;0
vpja77;11;4033;4364;-471,4;332,2;331;255
vpja77;11;4453;4606;286,1;59;153;0
vpja77;11;4632;4881;368,4;52,5;249;0
vpja77;11;4920;5224;547,8;80,5;304;0
vpja77;11;5276;5408;351,7;-50;132;0
vpja77;11;5444;5631;260,8;-29,4;187;0
vpja77;11;5701;5815;448,7;-245;114;0
vpja77;11;5841;6229;467,9;-299,6;388;0
vpja77;11;6264;6425;381,3;-371,8;161;0
vpja77;11;6443;6567;388,3;-400,2;124;0
vpja77;11;6631;6753;-44,5;-292,5;122;255000
vpja77;11;6791;6968;-131,4;-267,6;177;255000
vpja77;11;7032;7324;-397,3;-227,1;292;0
vpja77;11;7534;7846;-383;-215,9;312;0
vpja77;11;8092;8685;-391;-220,7;593;0
vpja77;11;8707;9012;-367,1;-212,1;305;0
vpja77;11;9235;9497;-273,2;-256,3;262;0
vpja77;11;9529;9713;-318,3;-193,1;184;0
vpja77;11;9760;9904;-166,6;-204,6;144;2,55e+08
vpja77;12;288;404;-372,230927835052;57,6494845360825;116;2,55e+08
vpja77;12;471;676;34,2690721649484;200,349484536083;205;255
vpja77;12;770;998;-341,730927835052;-191,450515463917;228;255000
vpja77;12;1019;1276;-303,330927835052;-187,350515463917;257;255000
vpja77;12;1351;1627;139,169072164948;210,449484536083;276;0
vpja77;12;1652;1772;103,269072164948;235,349484536083;120;255
vpja77;12;1851;2066;-469,030927835052;293,949484536083;215;255255000
vpja77;12;2092;2820;-506,730927835052;311,949484536083;728;255255000
vpja77;12;2898;3230;113,769072164948;207,249484536082;332;255
vpja77;12;3286;3605;419,369072164949;225,149484536082;319;0
vpja77;12;3631;3703;488,069072164948;231,249484536082;72;0
vpja77;12;3911;4067;519,169072164948;199,049484536083;156;0
vpja77;12;4092;4294;471,269072164948;132,849484536083;202;0
vpja77;12;4354;4615;572,969072164948;-87,8505154639175;261;0
vpja77;12;4860;5000;-206,930927835052;-189,450515463917;140;255000
vpja77;12;5062;5215;100,869072164949;104,249484536082;153;0
vpja77;12;5283;5684;500,069072164948;225,549484536083;401;0
vpja77;12;5704;5946;457,469072164948;224,249484536082;242;0
vpja77;12;5969;6327;501,469072164948;199,649484536082;358;0
vpja77;12;6345;6704;506,069072164948;184,949484536083;359;0
vpja77;12;6724;8312;528,469072164948;243,249484536082;1588;0
vpja77;12;8329;8447;545,869072164949;283,249484536082;118;0
vpja77;12;8640;8795;541,969072164948;364,849484536083;155;0
vpja77;12;8801;8874;524,869072164949;290,649484536082;73;0
vpja77;12;8885;9999;514,269072164948;266,149484536082;1114;0
vpja77;13;330;379;52,6826241134752;-291,513475177305;49;2,55e+08
vpja77;13;410;707;95,5826241134752;-371,113475177305;297;255000
vpja77;13;721;855;109,382624113475;-363,713475177305;134;255000
vpja77;13;921;1453;456,282624113475;-31,213475177305;532;0
vpja77;13;1474;1852;430,782624113475;12,9865248226951;378;255
vpja77;13;1873;2168;467,482624113475;43,4865248226951;295;255
vpja77;13;2249;2466;-46,5173758865249;-68,113475177305;217;0
vpja77;13;2498;2844;-173,617375886525;-50,0134751773049;346;0
vpja77;13;3084;3259;-127,817375886525;-4,51347517730494;175;0
vpja77;13;3283;3577;-148,417375886525;-49,4134751773049;294;0
vpja77;13;3601;4105;-123,817375886525;-59,713475177305;504;0
vpja77;13;4126;4557;-147,717375886525;-38,613475177305;431;0
vpja77;13;4581;4938;-223,917375886525;-43,0134751773049;357;0
vpja77;13;4963;5004;-183,217375886525;-43,713475177305;41;0
vpja77;13;5048;5311;-298,617375886525;-78,113475177305;263;0
vpja77;13;5359;5633;-170,617375886525;-51,9134751773049;274;0
vpja77;13;5845;6179;-491,717375886525;58,786524822695;334;0
vpja77;13;6196;6440;-501,617375886525;14,786524822695;244;0
vpja77;13;6465;6687;-453,917375886525;32,5865248226951;222;0
vpja77;13;6941;7247;-171,717375886525;40,0865248226951;306;255255000
vpja77;13;7282;7577;-246,417375886525;-46,5134751773049;295;0
vpja77;13;7598;7841;-283,817375886525;-78,9134751773049;243;0
vpja77;13;7895;8261;-54,5173758865249;-82,9134751773049;366;0
vpja77;13;8286;8566;-23,4173758865248;-86,9134751773049;280;2,55e+08
vpja77;13;8801;8920;30,4826241134751;10,1865248226951;119;0
vpja77;13;8946;9327;-3,61737588652488;-65,713475177305;381;0
vpja77;13;9348;9746;-35,6173758865249;-78,213475177305;398;2,55e+08
vpja77;13;9759;10000;-55,0173758865249;-73,613475177305;241;0
vpja77;14;227;399;-33,1;-176,4;172;255000
vpja77;14;414;782;-51,7;-206;368;255000
vpja77;14;956;1027;-44,7;-192,1;71;255000
vpja77;14;1088;1364;-352,4;77,4;276;255
vpja77;14;1387;1666;-370,4;101,8;279;255
vpja77;14;1757;2145;391,9;193,5;388;255255000
vpja77;14;2167;2324;434,1;205,3;157;255255000
vpja77;14;2367;2506;511,3;17,9;139;0
vpja77;14;2557;2846;548;-139,4;289;0
vpja77;14;2906;3291;403,9;190,9;385;255255000
vpja77;14;3371;3569;-311,5;189,7;198;255
vpja77;14;3593;3826;-364,9;149,3;233;255
vpja77;14;3847;3998;-381,9;125,8;151;255
vpja77;14;4072;4231;-65,4;-191,1;159;255000
vpja77;14;4254;4441;-44,7;-198,4;187;255000
vpja77;14;4457;4737;-62,7;-211,8;280;255000
vpja77;14;4757;4864;-46;-203,2;107;255000
vpja77;14;5050;5107;-117,2;-338,9;57;0
vpja77;14;5160;5331;-365,8;-330;171;0
vpja77;14;5386;5793;-556,5;-166;407;0
vpja77;14;5802;5953;-558,3;-178,5;151;0
vpja77;14;6003;6440;-399,2;-355,6;437;0
vpja77;14;6453;6659;-398,5;-377,2;206;0
vpja77;14;6727;6960;-517,7;-26,7;233;0
vpja77;14;6983;7136;-503,2;-1,30000000000007;153;0
vpja77;14;7157;7311;-510;34,9;154;0
vpja77;14;7351;7730;-517,4;238,3;379;0
vpja77;14;7796;8007;-135,8;277,8;211;0
vpja77;14;8051;8228;-319,2;156,1;177;255
vpja77;14;8251;8427;-365,4;122,6;176;255
vpja77;14;8496;8612;-50,6;-159,3;116;255000
vpja77;14;8630;8929;-53,3000000000001;-187,2;299;255000
vpja77;14;8941;9254;-63,2;-201,8;313;255000
vpja77;14;9486;9603;-35,6;-249,4;117;255000
vpja77;14;9685;9766;530,8;-256,6;81;0
vpja77;14;9773;10000;529,2;-222,1;227;0
vpja77;15;231;324;-190,465263157895;-146,344210526316;93;2,55e+08
vpja77;15;361;576;-220,465263157895;-215,444210526316;215;255000
vpja77;15;756;1070;-225,065263157895;-217,244210526316;314;255000
vpja77;15;1079;1444;-207,765263157895;-221,344210526316;365;255000
vpja77;15;1502;1770;-37,0652631578947;-18,6442105263158;268;255
vpja77;15;1962;2183;-14,4652631578947;38,0557894736843;221;255
vpja77;15;2227;2379;-189,365263157895;-195,544210526316;152;255000
vpja77;15;2401;2638;-202,065263157895;-217,144210526316;237;255000
vpja77;15;2679;2965;-205,365263157895;-137,344210526316;286;2,55e+08
vpja77;15;3002;3210;-202,465263157895;-210,344210526316;208;255000
vpja77;15;3217;3555;-200,965263157895;-217,944210526316;338;255000
vpja77;15;3570;4030;-201,565263157895;-238,544210526316;460;255000
vpja77;15;4042;4696;-202,465263157895;-225,744210526316;654;255000
vpja77;15;4766;5042;296,834736842105;-121,544210526316;276;0
vpja77;15;5086;5301;536,334736842105;-105,844210526316;215;0
vpja77;15;5324;5562;592,434736842105;-130,544210526316;238;0
vpja77;15;5671;5861;-427,465263157895;19,1557894736843;190;0
vpja77;15;5887;6078;-508,865263157895;31,2557894736843;191;255255000
vpja77;15;6271;6404;-549,665263157895;77,4557894736843;133;255255000
vpja77;15;6429;6674;-477,665263157895;53,1557894736843;245;255255000
vpja77;15;6696;6859;-430,765263157895;88,2557894736843;163;255255000
vpja77;15;6922;7143;-81,8652631578947;62,0557894736843;221;255
vpja77;15;7167;7446;-32,2652631578947;74,0557894736843;279;255
vpja77;15;7505;7901;-198,365263157895;-134,544210526316;396;2,55e+08
vpja77;15;7931;8057;-204,665263157895;-199,144210526316;126;255000
vpja77;15;8076;8209;-206,465263157895;-225,944210526316;133;255000
vpja77;15;8401;9867;-211,165263157895;-236,144210526316;1466;255000
vpja77;16;8;153;-4,29999999999995;11,6;145;2,55e+08
vpja77;16;206;287;-26,9;-234,3;81;255000
vpja77;16;324;507;-41,4;-293,2;183;255000
vpja77;16;683;927;-41,0999999999999;-308;244;255000
vpja77;16;1003;1144;-140,9;46;141;2,55e+08
vpja77;16;1178;1342;-224,5;128,3;164;255
vpja77;16;1382;1549;-366,8;115,5;167;0
vpja77;16;1583;1726;-420,1;65,9;143;0
vpja77;16;1776;1901;-315;-72,6;125;0
vpja77;16;1927;2335;-282,8;-129,5;408;0
vpja77;16;2411;2550;175,9;85,2;139;0
vpja77;16;2601;3306;377,2;156,7;705;0
vpja77;16;3328;3569;411,8;182;241;255255000
vpja77;16;3818;3983;429;271,7;165;255255000
vpja77;16;4001;4159;387,2;206,9;158;255255000
vpja77;16;4236;4438;-242,6;162;202;255
vpja77;16;4467;4686;-364,3;115,9;219;0
vpja77;16;4703;4838;-375,4;90,8;135;0
vpja77;16;4863;5065;-343,8;77,8;202;0
vpja77;16;5127;5228;-140,9;-141,2;101;2,55e+08
vpja77;16;5284;5501;-28,4;-318,3;217;255000
vpja77;16;5516;5757;-51,6999999999999;-334,9;241;255000
vpja77;16;5769;6030;-34,0999999999999;-338,3;261;255000
vpja77;16;6091;6183;174,6;-175,4;92;0
vpja77;16;6369;6554;-256,9;147,4;185;255
vpja77;16;6583;6923;-354,5;100;340;0
vpja77;16;6940;7176;-324,4;95;236;0
vpja77;16;7218;7474;-131,8;97,8;256;0
vpja77;16;7550;7794;350,9;142,4;244;0
vpja77;16;7820;7970;415,6;149;150;0
vpja77;16;8188;8276;301,3;-60,3;88;0
vpja77;16;8299;8526;284,2;-125,3;227;0
vpja77;16;8690;8992;-33,1999999999999;-329,1;302;255000
vpja77;16;9003;9196;-25,5999999999999;-319,1;193;255000
vpja77;16;9213;9395;-26,4;-345,2;182;255000
vpja77;16;9580;9832;-25,4;-356,6;252;255000
vpja77;16;9841;10000;-16,5999999999999;-340;159;255000
vpja77;17;208;308;-176,3;-194,7;100;2,55e+08
vpja77;17;347;482;-204,3;-260,1;135;255000
vpja77;17;502;1170;-217,7;-282,4;668;255000
vpja77;17;1180;1562;-198,3;-279,6;382;255000
vpja77;17;1625;1989;195,1;-283,8;364;0
vpja77;17;2052;2403;-217,8;-295,2;351;255000
vpja77;17;2414;2640;-200,4;-282,4;226;255000
vpja77;17;2735;2890;-395;201,3;155;0
vpja77;17;2923;3227;-446,5;236,1;304;255255000
vpja77;17;3288;3563;-108,3;267,6;275;255
vpja77;17;3575;4327;-123,2;252;752;255
vpja77;17;4384;4651;-436,4;273,4;267;255255000
vpja77;17;4717;4768;-213,9;13,2;51;2,55e+08
vpja77;17;4826;4941;-181,5;-227,8;115;255000
vpja77;17;4965;5134;-205,9;-264,5;169;255000
vpja77;17;5178;5392;111,5;-286,8;214;0
vpja77;17;5437;5633;313,3;-331,1;196;0
vpja77;17;5659;6198;362,2;-387,1;539;0
vpja77;17;6259;6631;129,5;-332,7;372;0
vpja77;17;6660;6899;23,4000000000002;-309,3;239;0
vpja77;17;6927;7224;-77,0999999999998;-265,8;297;0
vpja77;17;7245;7403;-40,3999999999999;-243,1;158;0
vpja77;17;7478;7729;454,5;-15,5;251;0
vpja77;17;7747;8111;459,2;-8,10000000000002;364;0
vpja77;17;8188;8304;276,4;-263,8;116;0
vpja77;17;8329;8517;269,1;-314,9;188;0
vpja77;17;8577;8713;-23,4999999999999;-326,6;136;0
vpja77;17;8760;8951;-226,1;-292,1;191;255000
vpja77;17;9022;9234;-560,3;-204,4;212;0
vpja77;17;9475;9700;-563,9;-195,7;225;0
vpja77;17;9762;9834;-437,6;48,1;72;0
vpja77;17;9881;10000;-403,4;269,5;119;255255000
vpja77;18;202;330;-133,8;-149,4;128;255000
vpja77;18;355;1457;-153,6;-187,2;1102;255000
vpja77;18;1481;1667;-112,6;-159,4;186;255000
vpja77;18;1749;1930;437,2;169,3;181;0
vpja77;18;1994;2066;157;235,2;72;0
vpja77;18;2240;2519;-37,1;245,6;279;2,55e+08
vpja77;18;2581;2834;-450,2;259,2;253;0
vpja77;18;2859;3153;-414,5;198,4;294;0
vpja77;18;3163;3566;-407;184,3;403;0
vpja77;18;3585;3828;-406;234,4;243;0
vpja77;18;3850;4131;-402,2;317,3;281;0
vpja77;18;4153;4317;-421,7;370,5;164;0
vpja77;18;4378;4518;-493,4;64;140;255255000
vpja77;18;4546;4796;-487,3;-20,1999999999999;250;255255000
vpja77;18;5021;5171;-143,6;-174,7;150;255000
vpja77;18;5189;5908;-137,7;-187,6;719;255000
vpja77;18;5932;6080;-88,6999999999999;-154,1;148;0
vpja77;18;6152;6453;472,1;211,2;301;0
vpja77;18;6723;7102;488,5;356,8;379;255
vpja77;18;7154;7245;348,1;344,1;91;0
vpja77;18;7339;7510;-422,3;122,2;171;0
vpja77;18;7547;7844;-508,7;18,1;297;0
vpja77;18;7871;8146;-457,4;-3,89999999999998;275;255255000
vpja77;18;8154;8359;-460,5;-19,0999999999999;205;255255000
vpja77;18;8417;8521;-183;-114,1;104;2,55e+08
vpja77;18;8583;8807;58,1;-338;224;0
vpja77;18;8828;9134;85,1999999999999;-349,6;306;0
vpja77;18;9148;9443;74,9;-371,8;295;0
vpja77;18;9493;9577;210,7;-219,5;84;0
vpja77;18;9621;9872;318,9;-31,5;251;0
vpja77;18;9902;9984;348,6;-58,1999999999999;82;0
vpja77;19;304;495;-261,4;-52,8000000000001;191;2,55e+08
vpja77;19;509;1122;-287,7;-74;613;2,55e+08
vpja77;19;1165;1322;-187,4;65,1;157;2,55e+08
vpja77;19;1365;1563;-144,6;238,5;198;255
vpja77;19;1586;2054;-99,7;265,2;468;255
vpja77;19;2066;2290;-95,5;280,8;224;255
vpja77;19;2303;2452;-118,7;293,8;149;255
vpja77;19;2515;2672;252,7;157;157;255255000
vpja77;19;2697;3869;291,1;94,1999999999999;1172;255255000
vpja77;19;3892;4222;340,1;88,8;330;0
vpja77;19;4241;4587;301,3;90,6;346;0
vpja77;19;4633;4725;458,3;115,3;92;0
vpja77;19;4752;5144;513,4;-17,5;392;0
vpja77;19;5152;5593;529,4;-27;441;0
vpja77;19;5812;6377;-352,6;-18,3000000000001;565;2,55e+08
vpja77;19;6605;6688;-123,3;-36,4;83;0
vpja77;19;6737;6979;-222,6;-130,9;242;255000
vpja77;19;7004;7121;-183,3;-152,5;117;0
vpja77;19;7153;7598;-241,6;-237,5;445;255000
vpja77;19;7785;7874;-251,6;-231,8;89;255000
vpja77;19;7920;8230;-264,4;-98,2;310;255000
vpja77;19;8253;8593;-277,6;-75,3;340;2,55e+08
vpja77;19;8854;9151;-202,4;-84,5;297;0
vpja77;19;9184;9363;-256,4;9,39999999999998;179;2,55e+08
vpja77;19;9394;9676;-265,5;-77,3;282;255000
vpja77;19;9692;10000;-271,1;-93,7;308;255000
vpja77;20;196;313;39,0354948805463;-29,3150170648463;117;255000
vpja77;20;339;642;73,3354948805463;-54,3150170648463;303;255000
vpja77;20;650;787;82,7354948805462;-62,7150170648464;137;255000
vpja77;20;830;1196;323,535494880546;78,0849829351537;366;0
vpja77;20;1213;1585;298,435494880546;111,584982935154;372;255
vpja77;20;1602;2297;297,135494880546;92,2849829351536;695;255
vpja77;20;2315;3191;288,735494880546;154,484982935154;876;0
vpja77;20;3254;3731;15,9354948805462;208,484982935154;477;0
vpja77;20;3754;3799;51,8354948805462;252,184982935154;45;0
vpja77;20;4004;4052;84,8354948805463;120,984982935154;48;2,55e+08
vpja77;20;4080;4252;64,1354948805463;-63,5150170648463;172;255000
vpja77;20;4270;4686;76,9354948805462;-50,5150170648463;416;255000
vpja77;20;4695;4817;72,6354948805463;-28,5150170648463;122;255000
vpja77;20;4868;5114;310,835494880546;124,284982935154;246;255
vpja77;20;5131;5234;288,835494880546;112,684982935154;103;255
vpja77;20;5298;5457;356,735494880546;-169,315017064846;159;0
vpja77;20;5477;5604;327,035494880546;-190,915017064846;127;0
vpja77;20;5796;5961;327,435494880546;-149,115017064846;165;0
vpja77;20;5992;6194;307,935494880546;-275,615017064846;202;0
vpja77;20;6222;6401;397,535494880546;-208,815017064846;179;0
vpja77;20;6432;6623;308,735494880546;-317,615017064846;191;0
vpja77;20;6839;6982;293,135494880546;-424,915017064846;143;0
vpja77;20;7003;7138;317,135494880546;-386,915017064846;135;0
vpja77;20;7184;7534;500,135494880546;-341,215017064846;350;0
vpja77;20;7558;7679;537,635494880546;-300,315017064846;121;0
vpja77;20;7734;7965;395,135494880546;-208,515017064846;231;0
vpja77;20;8179;8408;332,535494880546;-201,315017064846;229;0
vpja77;20;8478;8639;58,9354948805462;-97,8150170648463;161;255000
vpja77;20;8657;8827;64,3354948805463;-76,7150170648464;170;255000
vpja77;20;8880;9173;296,735494880546;80,7849829351536;293;255
vpja77;20;9385;9478;250,035494880546;207,484982935154;93;0
vpja77;20;9496;9685;277,135494880546;144,384982935154;189;255
vpja77;20;9749;9890;49,1354948805463;-13,3150170648463;141;255000
vpja77;20;9914;10000;67,7354948805462;-41,9150170648463;86;255000
vpja77;21;206;307;-43,2;-81,1;101;255255000
vpja77;21;347;558;-20,5;-289,2;211;255000
vpja77;21;566;1118;-28,5;-304,5;552;255000
vpja77;21;1178;1482;-220,6;-44,8;304;255
vpja77;21;1493;1769;-236,8;-49,5;276;255
vpja77;21;1808;2136;-50,9000000000001;-96,2;328;255255000
vpja77;21;2157;2213;-32,6;-103;56;255255000
vpja77;21;2418;2658;-25,8000000000001;-58;240;255255000
vpja77;21;2669;2845;-31,9000000000001;-117,1;176;255255000
vpja77;21;2873;2980;-69;-177,4;107;0
vpja77;21;3009;3346;-174,1;-272;337;0
vpja77;21;3369;3576;-145,7;-285;207;0
vpja77;21;3647;3854;307,9;-165,8;207;0
vpja77;21;3888;4258;416,2;-97,1;370;0
vpja77;21;4287;4825;494,6;-86,6;538;0
vpja77;21;4895;4997;145,4;-53,5;102;0
vpja77;21;5023;5217;51;-32,2;194;2,55e+08
vpja77;21;5502;5672;-278,5;3,70000000000005;170;0
vpja77;21;5686;6024;-262,7;-35,1;338;255
vpja77;21;6054;6271;-219,9;-46,7;217;255
vpja77;21;6517;7308;-213,5;-80,6;791;0
vpja77;21;7327;7633;-221,3;-86,4;306;0
vpja77;21;7659;7958;-193,4;-89,2;299;0
vpja77;21;8203;8484;-137,7;-44,9;281;0
vpja77;21;8508;9425;-178,6;-80,1;917;0
vpja77;21;9447;9665;-120,4;-99,4;218;0
vpja77;21;9694;9837;-30,4000000000001;-129,2;143;0
vpja77;22;210;339;-329,39588736214;-64,6501107999733;129;255000
vpja77;22;361;620;-370,39588736214;-113,750110799973;259;255000
vpja77;22;630;1200;-380,39588736214;-123,450110799973;570;255000
vpja77;22;1245;1326;-282,39588736214;-4,85011079997332;81;2,55e+08
vpja77;22;1504;1753;-269,595887362139;30,5498892000267;249;255
vpja77;22;1777;2071;-292,89588736214;27,5498892000267;294;255
vpja77;22;2299;2404;17,4041126378605;82,0498892000267;105;255255000
vpja77;22;2475;2642;-332,29588736214;-109,850110799973;167;255000
vpja77;22;2666;2846;-356,69588736214;-115,950110799973;180;255000
vpja77;22;2897;3204;-176,79588736214;-223,050110799973;307;0
vpja77;22;3224;3440;-195,995887362139;-249,450110799973;216;0
vpja77;22;3620;3974;-219,79588736214;-260,450110799973;354;0
vpja77;22;4026;4309;-352,995887362139;-143,850110799973;283;255000
vpja77;22;4318;4544;-363,995887362139;-140,950110799973;226;255000
vpja77;22;4568;4831;-340,29588736214;-137,050110799973;263;255000
vpja77;22;4856;5074;-362,995887362139;-129,550110799973;218;255000
vpja77;22;5274;5409;-349,69588736214;-83,2501107999733;135;255000
vpja77;22;5440;5673;-289,39588736214;-31,4501107999733;233;2,55e+08
vpja77;22;5695;6012;-290,995887362139;9,44988920002663;317;255
vpja77;22;6049;6221;-390,495887362139;43,1498892000267;172;2,55e+08
vpja77;22;6249;6588;-464,69588736214;64,0498892000267;339;2,55e+08
vpja77;22;6627;6933;-294,29588736214;40,1498892000267;306;255
vpja77;22;6987;7055;-11,6958873621395;61,1498892000267;68;255255000
vpja77;22;7254;7494;-4,09588736213948;60,0498892000267;240;255255000
vpja77;22;7536;7709;181,004112637861;91,3498892000267;173;0
vpja77;22;7731;7950;135,204112637861;105,249889200027;219;0
vpja77;22;7968;8222;153,504112637861;121,749889200027;254;0
vpja77;22;8250;8438;319,80411263786;148,949889200027;188;0
vpja77;22;8505;8813;474,40411263786;-115,250110799973;308;0
vpja77;22;9008;9179;-61,6958873621395;-276,750110799973;171;0
vpja77;22;9206;9437;-161,39588736214;-271,350110799973;231;0
vpja77;22;9463;9739;-220,595887362139;-263,850110799973;276;0
vpja77;22;9797;9962;80,1041126378605;-398,350110799973;165;0
vpja77;23;211;314;117,9;-157,1;103;255000
vpja77;23;347;708;146,7;-171,2;361;255000
vpja77;23;768;998;215,8;92,1;230;0
vpja77;23;1020;1069;236,8;162,7;49;255
vpja77;23;1206;1234;319;1316,1;28;NA
vpja77;23;1278;1359;253,2;302,4;81;255
vpja77;23;1390;1535;248;241,4;145;255
vpja77;23;1805;2456;220,1;223,3;651;255
vpja77;23;2484;2729;141,3;197;245;255
vpja77;23;2810;3087;-394,7;158,6;277;255255000
vpja77;23;3304;3489;-417,9;-32,8;185;0
vpja77;23;3561;3650;44,3;148,9;89;255
vpja77;23;3696;3879;166,1;228,7;183;255
vpja77;23;4186;4317;180,5;315;131;255
vpja77;23;4345;4566;233,5;273,2;221;255
vpja77;23;4651;4899;-468;218;248;255255000
vpja77;23;4924;5152;-419,7;149,5;228;255255000
vpja77;23;5384;5758;-340,5;44,9;374;0
vpja77;23;5784;5959;-413,5;106,2;175;255255000
vpja77;23;6247;6403;-411,1;200,1;156;255255000
vpja77;23;6412;6837;-395,7;168,1;425;255255000
vpja77;23;6881;7139;-202,5;26,7;258;0
vpja77;23;7155;7242;-188,7;-18,1999999999999;87;0
vpja77;23;7449;7653;-149,8;-119,2;204;0
vpja77;23;7679;7983;-90,8000000000001;-161,2;304;0
vpja77;23;8008;8268;-39,2;-154,5;260;0
vpja77;23;8290;8438;-11,9000000000001;-157,3;148;0
vpja77;23;8467;8508;-100,5;-174,9;41;0
vpja77;23;8710;8896;-121,5;-177,1;186;0
vpja77;23;8920;9252;-86,3000000000001;-218,6;332;0
vpja77;23;9295;9547;-203,5;-211,1;252;0
vpja77;23;9567;9748;-189,6;-204,1;181;0
vpja77;23;9805;9935;144,9;-226,7;130;255000
vpja77;23;9960;10000;178,3;-207,7;40;255000
vpja77;24;220;311;5,89999999999998;-189,5;91;255000
vpja77;24;334;506;-27;-210,4;172;255000
vpja77;24;568;806;-335;41,1999999999999;238;0
vpja77;24;825;1511;-337,3;51,5;686;0
vpja77;24;1536;1694;-286,4;46;158;0
vpja77;24;1858;2088;-58,2;-15,3000000000001;230;2,55e+08
vpja77;24;2155;2403;-323,8;49,5;248;0
vpja77;24;2486;2842;251,4;84,6999999999999;356;0
vpja77;24;2867;3075;292;76;208;0
vpja77;24;3097;3585;257,3;73,6;488;0
vpja77;24;3804;4008;248;157,7;204;255255000
vpja77;24;4020;4574;242,6;117,7;554;0
vpja77;24;4596;4894;297,8;132,8;298;0
vpja77;24;4913;5091;274,3;125;178;255255000
vpja77;24;5177;5431;-310,7;76,5;254;0
vpja77;24;5455;5776;-339,4;63,6;321;0
vpja77;24;6008;6041;318,9;210;33;255255000
vpja77;24;6070;6240;250,2;134,4;170;255255000
vpja77;24;6317;6409;-8,89999999999998;-201,6;92;255000
vpja77;24;6432;6726;-19,8;-242;294;255000
vpja77;24;6736;7016;-38,2;-234,3;280;255000
vpja77;24;7057;7377;-203,6;-299,8;320;0
vpja77;24;7399;7621;-158,2;-312,9;222;0
vpja77;24;7681;7893;210,7;-302,3;212;0
vpja77;24;7936;8199;422;-283;263;0
vpja77;24;8254;8416;554,7;-194,8;162;0
vpja77;24;8445;8703;562,3;-121,3;258;0
vpja77;24;8716;8987;561,2;-91,2;271;0
vpja77;24;9100;9230;-476,5;-67,6;130;0
vpja77;24;9261;9655;-633,1;-87,9;394;0
vpja77;24;9727;9856;-107,5;-147,9;129;0
vpja77;24;9928;10000;495,7;-102,2;72;0
vpja77;25;237;273;-37,3256637168142;-104,722123893805;36;2,55e+08
vpja77;25;329;453;-1,42566371681426;-266,922123893805;124;255000
vpja77;25;476;1065;-12,3256637168142;-291,722123893805;589;255000
vpja77;25;1122;1290;-120,225663716814;-129,222123893805;168;2,55e+08
vpja77;25;1315;1442;-130,825663716814;-87,7221238938052;127;2,55e+08
vpja77;25;1508;2028;-356,925663716814;66,1778761061947;520;0
vpja77;25;2043;2345;-349,425663716814;81,6778761061947;302;0
vpja77;25;2425;2824;290,574336283186;73,4778761061947;399;255255000
vpja77;25;2832;3113;286,374336283186;53,6778761061947;281;255255000
vpja77;25;3130;3347;307,174336283186;45,4778761061947;217;0
vpja77;25;3363;3521;274,774336283186;27,1778761061947;158;0
vpja77;25;3576;3688;2,87433628318581;-222,222123893805;112;255000
vpja77;25;3715;3967;-1,22566371681421;-272,022123893805;252;255000
vpja77;25;4037;4240;473,274336283186;-169,222123893805;203;0
vpja77;25;4264;4442;528,774336283186;-130,822123893805;178;0
vpja77;25;4468;4653;591,874336283186;-94,8221238938053;185;0
vpja77;25;4710;4868;540,774336283186;-271,222123893805;158;0
vpja77;25;4898;5237;535,274336283186;-357,322123893805;339;0
vpja77;25;5309;5622;-1,52566371681428;-293,422123893805;313;255000
vpja77;25;5698;5837;-342,225663716814;45,4778761061947;139;0
vpja77;25;5869;5972;-369,925663716814;75,6778761061947;103;0
vpja77;25;6204;6358;-385,625663716814;119,377876106195;154;0
vpja77;25;6402;6565;-604,825663716814;60,7778761061948;163;0
vpja77;25;6580;6777;-616,825663716814;32,2778761061948;197;0
vpja77;25;6803;7233;-567,725663716814;17,0778761061947;430;0
vpja77;25;7250;7438;-570,325663716814;22,1778761061947;188;0
vpja77;25;7462;7815;-619,325663716814;33,8778761061947;353;0
vpja77;25;7824;7974;-631,825663716814;37,2778761061948;150;0
vpja77;25;8176;8328;-547,925663716814;-330,222123893805;152;0
vpja77;25;8355;8568;-468,725663716814;-342,122123893805;213;0
vpja77;25;8596;8781;-374,625663716814;-308,822123893805;185;0
vpja77;25;8840;9242;-15,6256637168142;-288,922123893805;402;255000
vpja77;25;9436;9564;-2,42566371681426;-292,022123893805;128;255000
vpja77;25;9631;9812;-22,6256637168142;-38,2221238938052;181;2,55e+08
vpja77;25;9856;9913;105,274336283186;166,277876106195;57;0
vpja77;26;46;181;1,60411263786045;-40,8501107999733;135;2,55e+08
vpja77;26;227;416;-1,09588736213948;-147,550110799973;189;255000
vpja77;26;442;806;-24,3958873621395;-101,650110799973;364;255000
vpja77;26;865;1068;-112,095887362139;191,949889200027;203;0
vpja77;26;1329;1614;-82,9958873621395;281,549889200027;285;255
vpja77;26;1644;1794;-177,39588736214;251,149889200027;150;0
vpja77;26;1857;2058;-555,095887362139;162,949889200027;201;255255000
vpja77;26;2074;2308;-554,495887362139;129,749889200027;234;255255000
vpja77;26;2316;2445;-553,79588736214;122,349889200027;129;0
vpja77;26;2477;2663;-416,995887362139;69,6498892000267;186;0
vpja77;26;2723;2892;-60,6958873621395;-99,6501107999733;169;2,55e+08
vpja77;26;2927;3342;-2,6958873621395;-107,250110799973;415;255000
vpja77;26;3596;3759;404,004112637861;62,2498892000267;163;0
vpja77;26;3783;4106;439,80411263786;-2,15011079997328;323;0
vpja77;26;4147;4725;345,60411263786;-148,950110799973;578;0
vpja77;26;4940;5064;360,204112637861;-134,950110799973;124;0
vpja77;26;5100;5232;334,204112637861;-258,750110799973;132;0
vpja77;26;5255;5659;332,60411263786;-288,750110799973;404;0
vpja77;26;5827;5877;326,204112637861;-327,550110799973;50;0
vpja77;26;5886;6116;326,60411263786;-292,750110799973;230;0
vpja77;26;6134;6253;340,704112637861;-281,250110799973;119;0
vpja77;26;6307;6557;586,30411263786;-207,750110799973;250;0
vpja77;26;6577;6781;616,504112637861;-192,150110799973;204;0
vpja77;26;6960;7040;595,004112637861;-118,550110799973;80;0
vpja77;26;7101;7254;629,004112637861;235,649889200027;153;0
vpja77;26;7277;7687;630,10411263786;286,649889200027;410;0
vpja77;26;7896;8081;346,10411263786;-288,750110799973;185;0
vpja77;26;8095;8654;338,004112637861;-270,650110799973;559;0
vpja77;26;8730;8867;-121,89588736214;-332,350110799973;137;0
vpja77;26;8892;9257;-171,89588736214;-347,650110799973;365;0
vpja77;26;9398;9586;4,40411263786052;-168,350110799973;188;255000
vpja77;26;9623;9774;8,3041126378605;-107,950110799973;151;255000
vpja77;26;9826;9944;16,3041126378605;67,8498892000267;118;2,55e+08
