vp;trial;timest;timeend;x;y;duration;roi
vpja50;1;333;602;-79,6;-227,8;269;255000
vpja50;1;615;973;-73,4;-248,5;358;255000
vpja50;1;993;1155;-80,1;-219,4;162;255000
vpja50;1;1231;1478;-440,2;203,8;247;255
vpja50;1;1507;2073;-492,6;186,9;566;255
vpja50;1;2111;2265;-508,2;56,3;154;0
vpja50;1;2287;2560;-505,8;1,19999999999993;273;0
vpja50;1;2597;2806;-463,1;-99,9;209;0
vpja50;1;2829;3061;-416,9;-116,9;232;0
vpja50;1;3083;3483;-395,1;-73,5;400;0
vpja50;1;3497;3916;-370,6;-67,4000000000001;419;0
vpja50;1;3970;4192;-462,3;-385,8;222;0
vpja50;1;4221;4441;-535;-363,8;220;0
vpja50;1;4483;4760;-528;-262,9;277;0
vpja50;1;4851;5132;356,2;161;281;255255000
vpja50;1;5162;5356;405,1;114,2;194;255255000
vpja50;1;5370;5549;411,6;89,9;179;255255000
vpja50;1;5600;5746;529,9;-198,8;146;0
vpja50;1;5904;6027;587,6;-224,3;123;0
vpja50;1;6202;6382;567,1;-222,2;180;0
vpja50;1;6437;6630;320,4;-177,1;193;0
vpja50;1;6659;6947;303,6;-92,7;288;0
vpja50;1;7016;7327;394,6;362;311;0
vpja50;1;7393;7580;-17,1;377,2;187;0
vpja50;1;7634;7831;-336,1;327,2;197;0
vpja50;1;7870;8142;-413;193,7;272;255
vpja50;1;8186;8497;-571,4;143,9;311;0
vpja50;1;8518;8835;-604,6;133,7;317;0
vpja50;1;8853;9008;-577,9;116,1;155;0
vpja50;1;9050;9260;-441,1;-45,3000000000001;210;0
vpja50;1;9285;9506;-489,1;-13,9000000000001;221;0
vpja50;1;9516;10000;-489,7;0,5;484;0
vpja50;2;306;482;2,5;-230,8;176;255000
vpja50;2;499;817;-7;-261;318;255000
vpja50;2;879;976;-272,5;34,1;97;0
vpja50;2;1015;1266;-280,6;154,2;251;0
vpja50;2;1286;1417;-253,3;159;131;255255000
vpja50;2;1469;1659;-269,1;-64,8;190;0
vpja50;2;1675;1901;-280,7;-50;226;0
vpja50;2;1961;2161;188,6;187,3;200;255
vpja50;2;2199;2418;390,5;174,8;219;255
vpja50;2;2430;2537;407,3;173,1;107;255
vpja50;2;2711;2869;348,6;126,9;158;255
vpja50;2;3046;3233;378,1;130,1;187;255
vpja50;2;3246;4017;360,5;127,3;771;255
vpja50;2;4061;4219;437,7;-93,8;158;0
vpja50;2;4240;4484;464,4;-81,6;244;0
vpja50;2;4524;4690;268,7;-78,1;166;0
vpja50;2;4704;4857;243,1;-76,2;153;0
vpja50;2;4902;5081;563,6;24,5;179;0
vpja50;2;5119;5341;476,4;-78,6;222;0
vpja50;2;5423;5675;-265,2;-76,2;252;0
vpja50;2;5713;5907;-458,6;-109,7;194;0
vpja50;2;5969;6219;-545,8;146,3;250;0
vpja50;2;6286;6492;-586;200,6;206;0
vpja50;2;6551;6764;-529,9;-305,6;213;0
vpja50;2;6816;7009;-125,9;-385,8;193;0
vpja50;2;7037;7350;-53,9000000000001;-380,6;313;0
vpja50;2;7408;7587;196,6;-127,4;179;0
vpja50;2;7611;7838;243,3;-77,8;227;0
vpja50;2;7886;8055;269,4;160,9;169;255
vpja50;2;8095;8368;52,8999999999999;167,2;273;0
vpja50;2;8415;8640;239,8;-75;225;0
vpja50;2;8687;8997;533,3;-13,5;310;0
vpja50;2;9034;9251;574,7;66,5;217;0
vpja50;2;9305;9847;508,7;-345,7;542;0
vpja50;2;9903;10000;156,7;-373,6;97;0
vpja50;3;252;607;-76,3;-84,6;355;255000
vpja50;3;654;844;-106,2;-375,2;190;0
vpja50;3;901;1090;-446,8;-395,1;189;0
vpja50;3;1158;1318;-500,6;-56,3000000000001;160;0
vpja50;3;1373;1498;-463,2;191,4;125;0
vpja50;3;1519;1795;-467,2;158,6;276;255
vpja50;3;1819;2011;-410,5;143;192;255
vpja50;3;2036;2406;-452,2;135,9;370;255
vpja50;3;2448;2620;-435,6;-64,4;172;0
vpja50;3;2653;2793;-462,9;-140,8;140;0
vpja50;3;2858;3154;150,5;114,2;296;255255000
vpja50;3;3171;3567;149,2;86,4;396;255255000
vpja50;3;3592;4060;222,4;81,6;468;255255000
vpja50;3;4096;4390;330,4;7,29999999999995;294;0
vpja50;3;4597;4932;308,3;16,6999999999999;335;0
vpja50;3;4965;5220;174,3;41,1;255;0
vpja50;3;5261;5390;-21,5;-46,7;129;2,55e+08
vpja50;3;5417;5656;-76,3;-89,9;239;255000
vpja50;3;5701;5904;-158,4;92,1999999999999;203;2,55e+08
vpja50;3;5939;6312;-282,9;70,3;373;0
vpja50;3;6335;6589;-300,4;94,3;254;0
vpja50;3;6616;6786;-225,6;34,6;170;0
vpja50;3;6836;7050;102;17,9;214;0
vpja50;3;7088;7277;335,1;31,1999999999999;189;0
vpja50;3;7323;7593;601;50,1999999999999;270;0
vpja50;3;7640;7837;272;86,1999999999999;197;0
vpja50;3;7871;8102;302,3;-1,60000000000002;231;0
vpja50;3;8122;8366;338;12,8;244;0
vpja50;3;8394;8654;395,8;86,8;260;0
vpja50;3;8727;8881;2,40000000000009;-352,4;154;0
vpja50;3;8914;9031;-97;-401,9;117;0
vpja50;3;9088;9306;-462,7;-394,5;218;0
vpja50;3;9368;9582;-491;-107;214;0
vpja50;3;9630;9911;-447,7;165,9;281;255
vpja50;3;9942;10000;-302,5;91,1;58;0
vpja50;4;310;632;69,8;-104,3;322;255000
vpja50;4;803;1094;-249,5;257,9;291;255255000
vpja50;4;1106;1248;-242,8;270,9;142;255255000
vpja50;4;1309;1578;344,2;344,9;269;255
vpja50;4;1612;1839;384,9;404,8;227;255
vpja50;4;1849;2031;375,4;402,2;182;255
vpja50;4;2055;2290;388,9;345;235;255
vpja50;4;2334;2546;387,9;176,8;212;0
vpja50;4;2568;2769;382;136,3;201;0
vpja50;4;2826;2939;234,3;276,6;113;0
vpja50;4;2983;3060;360,1;364,4;77;255
vpja50;4;3123;3295;154,2;-206,3;172;0
vpja50;4;3319;3457;182,1;-179,4;138;0
vpja50;4;3537;3685;409,1;289,4;148;0
vpja50;4;3714;3887;397,7;370,3;173;255
vpja50;4;3912;4217;380,9;391,5;305;255
vpja50;4;4271;4771;402,8;143,4;500;0
vpja50;4;4969;5160;390,3;113,2;191;0
vpja50;4;5201;5373;452,6;246,1;172;0
vpja50;4;5438;5588;251,9;-177,1;150;0
vpja50;4;5646;5829;-169,1;-237,9;183;0
vpja50;4;5888;6070;-485,4;-148;182;0
vpja50;4;6129;6334;-545,6;246,7;205;0
vpja50;4;6382;6519;-615,1;378,3;137;0
vpja50;4;6600;6847;-103,7;-322,8;247;0
vpja50;4;6901;7058;81,8;-199,5;157;255000
vpja50;4;7139;7434;603,4;328,1;295;0
vpja50;4;7503;7682;180,9;-106,3;179;0
vpja50;4;7712;7886;176,6;-168,8;174;0
vpja50;4;7926;8224;79,9000000000001;-133,6;298;255000
vpja50;4;8266;8656;51,4000000000001;-4,5;390;2,55e+08
vpja50;4;8692;8847;85,1000000000001;-136,7;155;255000
vpja50;4;8921;9107;407,1;173,5;186;0
vpja50;4;9133;9392;384,2;135,2;259;0
vpja50;4;9433;9747;444,6;245,8;314;0
vpja50;4;9850;10000;-163,7;197,3;150;255255000
vpja50;5;279;465;-36,3;-251;186;255000
vpja50;5;481;622;-57,7;-275,4;141;255000
vpja50;5;699;970;14;350,4;271;255255000
vpja50;5;982;1126;26,3;319,7;144;255255000
vpja50;5;1189;1371;-490,6;273,5;182;255
vpja50;5;1421;1598;-354,7;388;177;0
vpja50;5;1631;1865;-215,7;387,8;234;0
vpja50;5;1931;2076;-501,6;259,5;145;255
vpja50;5;2134;2409;-514,5;-187;275;0
vpja50;5;2552;2735;-246,8;-240,7;183;0
vpja50;5;2817;3104;451,3;223,8;287;0
vpja50;5;3134;3331;371,7;307,8;197;0
vpja50;5;3415;3688;-290,2;-217,7;273;0
vpja50;5;3721;3913;-190,8;-243,2;192;0
vpja50;5;3998;4267;-520,9;320,7;269;255
vpja50;5;4290;4586;-533,6;276;296;255
vpja50;5;4624;4805;-419,8;416,8;181;0
vpja50;5;4849;4994;-61,6;349,9;145;0
vpja50;5;5023;5230;29,2;317,4;207;255255000
vpja50;5;5248;5439;54,0999999999999;302,4;191;255255000
vpja50;5;5468;5650;61,3;416,6;182;255255000
vpja50;5;5692;6048;-209,3;362,4;356;0
vpja50;5;6078;6357;-132,1;359;279;0
vpja50;5;6388;6573;-133,3;269,2;185;2,55e+08
vpja50;5;6616;6852;60,8;99,7;236;255255000
vpja50;5;6914;7134;423,8;72,6;220;0
vpja50;5;7174;7362;586,2;139,6;188;0
vpja50;5;7445;7618;2,20000000000005;-322,1;173;255000
vpja50;5;7647;7785;-34,7;-249,9;138;255000
vpja50;5;7808;8045;-50;-205,1;237;255000
vpja50;5;8077;8347;-13,6;-299,6;270;255000
vpja50;5;8463;8743;470,1;274,1;280;0
vpja50;5;8760;9024;475,5;240,2;264;0
vpja50;5;9101;9342;-114,8;335,9;241;0
vpja50;5;9371;9615;-163,6;274,9;244;2,55e+08
vpja50;5;9651;9766;-192,9;179,8;115;0
vpja50;5;9831;10000;-444,3;-217,5;169;0
vpja50;6;243;395;-19,7;-97,8;152;255000
vpja50;6;417;550;-40,7;-139,5;133;255000
vpja50;6;615;1170;-558,1;146,8;555;0
vpja50;6;1193;1344;-490,5;107,1;151;0
vpja50;6;1363;1535;-456,4;90,6;172;0
vpja50;6;1577;1795;-531,1;156;218;255
vpja50;6;1959;2295;-505,2;129,2;336;255
vpja50;6;2348;2964;-55,2;314;616;255255000
vpja50;6;3017;3244;301,7;358,3;227;0
vpja50;6;3281;3388;497,4;339,5;107;0
vpja50;6;3457;3640;136,2;-218,2;183;255000
vpja50;6;3694;3855;-201,9;-307,6;161;0
vpja50;6;3919;4131;-622,4;-251;212;0
vpja50;6;4186;4455;-145,3;-341,9;269;0
vpja50;6;4526;4906;373,3;-280;380;0
vpja50;6;4983;5113;558;121,8;130;0
vpja50;6;5162;5493;495,8;399,9;331;0
vpja50;6;5584;5875;-507;170,4;291;255
vpja50;6;5896;6089;-518,2;139,8;193;255
vpja50;6;6118;6453;-448,9;71,5;335;255
vpja50;6;6500;6799;-519,8;134,2;299;255
vpja50;6;6839;7143;-482,2;238,3;304;255
vpja50;6;7164;7541;-445,6;214,6;377;255
vpja50;6;7575;8001;-484,9;127,2;426;255
vpja50;6;8188;8371;-479;132,5;183;255
vpja50;6;8519;8764;-500,6;115,2;245;255
vpja50;6;8791;9030;-435,2;86,2;239;255
vpja50;6;9067;9358;-455,7;220,7;291;255
vpja50;6;9381;9671;-485,7;176,3;290;255
vpja50;6;9695;10000;-491,6;125,3;305;255
vpja50;7;223;444;-12,5;4,39999999999998;221;255
vpja50;7;592;726;-69;136,4;134;255
vpja50;7;791;1018;-522,2;73,3;227;255255000
vpja50;7;1044;1364;-567;59,6;320;0
vpja50;7;1380;1940;-562;44,3;560;255255000
vpja50;7;1965;2174;-476,4;84;209;255255000
vpja50;7;2197;2432;-435;71,9;235;255255000
vpja50;7;2454;2626;-472,2;70,9;172;255255000
vpja50;7;2662;2851;-486,1;-37,9;189;0
vpja50;7;2932;3187;248,6;-21;255;0
vpja50;7;3240;3442;-31,9;69,6;202;255
vpja50;7;3494;3707;-8;220,4;213;0
vpja50;7;3735;3892;53,2;183,3;157;0
vpja50;7;3918;4232;115,6;191,2;314;0
vpja50;7;4270;4461;-36,6999999999999;164,7;191;0
vpja50;7;4486;4787;-80,5999999999999;168,8;301;0
vpja50;7;4856;5086;313,7;27,9;230;0
vpja50;7;5118;5272;423,1;-44,1;154;0
vpja50;7;5312;5600;595,2;-106,7;288;0
vpja50;7;5657;5830;269,3;-33,6;173;0
vpja50;7;5873;5975;201;112,6;102;0
vpja50;7;6038;6218;-182,9;-219;180;255000
vpja50;7;6243;6442;-203,9;-193,4;199;255000
vpja50;7;6608;6743;-191,7;59,5;135;2,55e+08
vpja50;7;6930;7187;-517,7;-6,80000000000007;257;0
vpja50;7;7210;7406;-471,4;-14,4;196;0
vpja50;7;7446;7733;-500,9;75,8;287;255255000
vpja50;7;7778;8037;-490,6;281,8;259;0
vpja50;7;8068;8295;-514,6;211,9;227;0
vpja50;7;8361;8628;63,1000000000001;50,3;267;0
vpja50;7;8659;8902;-33,4;37,9;243;255
vpja50;7;8963;9275;275,5;-386,5;312;0
vpja50;7;9312;9502;469,4;-341,4;190;0
vpja50;7;9558;9791;581;-101,6;233;0
vpja50;7;9816;10000;597,8;-137,5;184;0
vpja50;8;267;437;-110,3;-132,3;170;255000
vpja50;8;502;874;-1,79999999999995;160,2;372;255255000
vpja50;8;896;1048;36,6;146,7;152;255255000
vpja50;8;1217;1400;-263,9;183,5;183;0
vpja50;8;1417;1670;-283,4;187;253;255
vpja50;8;1693;2024;-244,4;159,9;331;255
vpja50;8;2154;2328;-125,1;291,3;174;0
vpja50;8;2496;2860;-285,9;170,8;364;0
vpja50;8;2885;3141;-245,2;155,4;256;255
vpja50;8;3208;3451;36,8000000000001;-326,4;243;0
vpja50;8;3480;3578;80;-278,5;98;0
vpja50;8;3658;3968;-435,9;-114,6;310;0
vpja50;8;3999;4214;-424;-8,59999999999991;215;0
vpja50;8;4238;4379;-437,5;14,5;141;0
vpja50;8;4428;4601;-444,6;-139,4;173;0
vpja50;8;4662;4967;-463,9;234,2;305;0
vpja50;8;5022;5317;-433,3;-11,5999999999999;295;0
vpja50;8;5522;5825;-313,7;-61,8;303;0
vpja50;8;5879;6016;-301,9;134,5;137;255
vpja50;8;6068;6279;-468,7;224,9;211;0
vpja50;8;6300;6754;-445,8;229,7;454;0
vpja50;8;6773;6917;-450,8;220,6;144;0
vpja50;8;6960;7250;-192,5;322,9;290;0
vpja50;8;7282;7571;-97,3;294,4;289;0
vpja50;8;7610;7916;11,8000000000001;147,7;306;255255000
vpja50;8;7944;8206;-25,5;306,9;262;0
vpja50;8;8248;8490;132,5;160,9;242;0
vpja50;8;8534;8783;337,8;178,1;249;0
vpja50;8;8832;8993;303,4;78,9000000000001;161;0
vpja50;8;9053;9311;123,4;-368,1;258;0
vpja50;8;9342;9597;145,8;-277,3;255;0
vpja50;8;9624;10000;86,6000000000001;-271,8;376;0
vpja50;9;268;432;-25,4;-23,8000000000001;164;255
vpja50;9;480;731;-38,4;-274,9;251;255000
vpja50;9;776;996;-63,8000000000001;-90,5000000000001;220;255
vpja50;9;1020;1156;-49,1;-58,1;136;255
vpja50;9;1209;1403;-241,7;1,79999999999995;194;255255000
vpja50;9;1471;1596;-309,7;312,7;125;0
vpja50;9;1646;2166;-335,3;443,2;520;0
vpja50;9;2233;2413;-236,6;18,1999999999999;180;255255000
vpja50;9;2579;2743;-567,4;139,4;164;0
vpja50;9;2838;3064;426,8;-39,9000000000001;226;0
vpja50;9;3090;3312;341,4;1,89999999999998;222;0
vpja50;9;3366;3591;286,1;-265,2;225;0
vpja50;9;3615;3774;276,9;-333,2;159;0
vpja50;9;3831;4046;419,3;-13,2;215;0
vpja50;9;4065;4213;434,9;-30;148;0
vpja50;9;4238;4438;497,5;-53;200;0
vpja50;9;4486;4703;259;-8,40000000000009;217;0
vpja50;9;4743;4880;71,3000000000001;-7,30000000000007;137;2,55e+08
vpja50;9;4912;5137;-45,9;-52,5;225;255
vpja50;9;5149;5335;-47,2;-65,2;186;255
vpja50;9;5388;6013;-223,9;-13,9000000000001;625;255255000
vpja50;9;6035;6163;-257;-23,3000000000001;128;0
vpja50;9;6215;6393;-188,3;-232,1;178;0
vpja50;9;6417;6582;-147,8;-253,6;165;0
vpja50;9;6622;6855;-211,5;-190;233;0
vpja50;9;6865;7017;-222,1;-184,4;152;0
vpja50;9;7047;7299;-140,1;-260,5;252;0
vpja50;9;7319;7496;-119,8;-256,7;177;0
vpja50;9;7526;7670;-19,4;-294,6;144;255000
vpja50;9;7716;7995;286,2;-345,6;279;0
vpja50;9;8049;8177;263,7;-115,9;128;0
vpja50;9;8225;8467;155,6;-31,8000000000001;242;0
vpja50;9;8508;8588;377,7;-50;80;0
vpja50;9;8750;8898;427,8;-42,1;148;0
vpja50;9;9073;9304;-214,3;-5,20000000000005;231;255255000
vpja50;9;9338;9538;-56,5;-48,8000000000001;200;255
vpja50;9;9554;9909;-31,8000000000001;-67,9;355;255
vpja50;9;9961;10000;-200;-237,5;39;0
vpja50;10;274;452;-190;314,5;178;0
vpja50;10;469;606;-189,7;345;137;0
vpja50;10;661;864;223,3;243;203;0
vpja50;10;879;1073;240,7;256,8;194;0
vpja50;10;1091;1344;272,4;266,2;253;0
vpja50;10;1399;1568;-211,9;338,5;169;0
vpja50;10;1587;1724;-184,4;341,6;137;0
vpja50;10;1784;2084;-67,8000000000001;-146,5;300;255000
vpja50;10;2119;2308;-206,3;-163;189;2,55e+08
vpja50;10;2428;2574;-71,7;-120,7;146;255000
vpja50;10;2586;2816;-82;-120,4;230;255000
vpja50;10;2872;3039;-175,7;59,8000000000001;167;2,55e+08
vpja50;10;3060;3296;-183,1;28,6;236;2,55e+08
vpja50;10;3323;3431;-224,7;66,9;108;2,55e+08
vpja50;10;3485;3660;-234,4;-189;175;255000
vpja50;10;3680;4095;-199;-167,4;415;2,55e+08
vpja50;10;4124;4262;-254,1;-160,2;138;255000
vpja50;10;4324;4606;216,7;-16,3;282;0
vpja50;10;4646;4894;397,1;16,5;248;0
vpja50;10;4947;5094;201,3;211,8;147;255
vpja50;10;5119;5244;256,6;248,9;125;255
vpja50;10;5305;5473;-165,7;314,2;168;255255000
vpja50;10;5502;5664;-88,2;241,6;162;2,55e+08
vpja50;10;5688;5830;-129,9;245,2;142;2,55e+08
vpja50;10;5858;6067;-46,4000000000001;230,4;209;2,55e+08
vpja50;10;6118;6447;-254,3;-151,9;329;255000
vpja50;10;6459;6583;-263,1;-168,3;124;255000
vpja50;10;6648;6815;-534,7;-383,6;167;0
vpja50;10;6881;7024;-632,7;-99,2;143;0
vpja50;10;7099;7482;-528,1;349,1;383;0
vpja50;10;7765;7957;-90,3000000000001;-284,7;192;255000
vpja50;10;8124;8224;59;-275,9;100;0
vpja50;10;8271;8536;-78,6;-205,4;265;255000
vpja50;10;8675;8916;-70,4000000000001;-123,2;241;255000
vpja50;10;8933;9177;-91,1;-120,5;244;255000
vpja50;10;9247;9402;-73,3000000000001;285,4;155;0
vpja50;10;9427;9743;-67,2;233,1;316;2,55e+08
vpja50;10;9788;10000;178,5;223,9;212;0
vpja50;11;313;684;-32,5999999999999;-59,4;371;2,55e+08
vpja50;11;824;976;-544,7;321,7;152;0
vpja50;11;998;1193;-494,9;309,7;195;0
vpja50;11;1205;1571;-475,8;295,4;366;0
vpja50;11;1659;1897;407,1;328,4;238;255255000
vpja50;11;1921;2209;422,4;366,3;288;255255000
vpja50;11;2256;2551;493,7;97,2;295;0
vpja50;11;2595;2796;340,1;-63,8;201;0
vpja50;11;2818;3079;338,6;-107,1;261;0
vpja50;11;3123;3291;529,5;30,2;168;0
vpja50;11;3316;3492;607,3;11,6;176;0
vpja50;11;3525;3813;500;77,4000000000001;288;0
vpja50;11;3837;4055;472,2;112,3;218;0
vpja50;11;4124;4305;523,3;-379,4;181;0
vpja50;11;4327;4438;544,1;-345,5;111;0
vpja50;11;4542;4700;-499,4;-263,2;158;0
vpja50;11;4726;4892;-549,4;-217,6;166;0
vpja50;11;4933;5094;-326,1;-239;161;0
vpja50;11;5131;5454;-88;-290,7;323;255000
vpja50;11;5533;5718;455,9;12,6;185;0
vpja50;11;5742;6067;422,3;38,3000000000001;325;0
vpja50;11;6095;6263;487,9;45;168;0
vpja50;11;6458;6796;494,2;115,8;338;0
vpja50;11;6811;6934;471,3;113,1;123;0
vpja50;11;6979;7122;378,7;301,2;143;255255000
vpja50;11;7184;7463;367,6;-66,4;279;0
vpja50;11;7489;7660;328,4;-14,3;171;0
vpja50;11;7704;7969;618,2;11,9000000000001;265;0
vpja50;11;8024;8296;319,5;33;272;0
vpja50;11;8491;8612;-446,1;359,3;121;0
vpja50;11;8637;8821;-471,5;323,3;184;255
vpja50;11;8841;9078;-448,7;298,7;237;0
vpja50;11;9160;9402;373;307,2;242;255255000
vpja50;11;9455;9655;-2,5;324,3;200;0
vpja50;11;9706;9858;-54,3;135,5;152;2,55e+08
vpja50;12;305;449;-5,89999999999998;-217;144;255000
vpja50;12;519;749;-504,1;223,3;230;255
vpja50;12;769;945;-478,9;178,5;176;255
vpja50;12;970;1155;-428,2;252,2;185;255
vpja50;12;1173;1382;-391,5;233,7;209;255
vpja50;12;1450;1664;314,3;258;214;255255000
vpja50;12;1684;2017;320,8;227,5;333;255255000
vpja50;12;2051;2196;327;299,4;145;255255000
vpja50;12;2237;2565;468,1;78,7;328;0
vpja50;12;2602;2744;618,8;9,60000000000002;142;0
vpja50;12;2813;3014;222;-400,1;201;0
vpja50;12;3057;3258;125;-347,1;201;0
vpja50;12;3308;3422;-33,1;-287,3;114;255000
vpja50;12;3448;3617;4,39999999999998;-232,6;169;255000
vpja50;12;3641;3940;-2,79999999999995;-204,8;299;255000
vpja50;12;3954;4093;-4,29999999999995;-225,8;139;255000
vpja50;12;4165;4460;-424,8;67,9;295;0
vpja50;12;4495;4703;-426,6;199,2;208;255
vpja50;12;4720;4913;-439,3;180,6;193;255
vpja50;12;4959;5103;-493,5;296,4;144;255
vpja50;12;5128;5301;-533,1;276,9;173;255
vpja50;12;5332;5599;-421,9;297,8;267;255
vpja50;12;5625;5782;-378,4;240,1;157;255
vpja50;12;5841;6112;-576,7;-173,8;271;0
vpja50;12;6163;6371;-470,4;61;208;0
vpja50;12;6452;6624;251,6;76,9;172;0
vpja50;12;6658;6823;435,9;41,6;165;0
vpja50;12;6868;7027;319,1;235,3;159;255255000
vpja50;12;7075;7340;44;363,8;265;0
vpja50;12;7389;7567;31,5;159,1;178;2,55e+08
vpja50;12;7603;7773;-47,6;62,6;170;2,55e+08
vpja50;12;7828;8142;-14,9;-233,4;314;255000
vpja50;12;8164;8392;-0,799999999999955;-204,9;228;255000
vpja50;12;8556;8709;286,7;-432;153;0
vpja50;12;8861;9325;14,9;-231,9;464;255000
vpja50;12;9346;9666;-7,20000000000005;-212,4;320;255000
vpja50;12;9880;10000;-429,8;218,4;120;255
vpja50;13;394;512;-250,7;-137,3;118;255000
vpja50;13;568;812;256,9;78,4;244;255
vpja50;13;859;954;48,0999999999999;148,2;95;0
vpja50;13;1006;1209;-136,1;367,1;203;255255000
vpja50;13;1238;1573;-94,9000000000001;302,9;335;255255000
vpja50;13;1589;1693;-67,8000000000001;294,2;104;255255000
vpja50;13;1745;1959;-63,3000000000001;-127,8;214;0
vpja50;13;1985;2194;16;-173,4;209;0
vpja50;13;2208;2341;23,9;-194,3;133;0
vpja50;13;2391;2558;-292,8;-300,8;167;0
vpja50;13;2607;2873;-550,4;-98,2;266;0
vpja50;13;2924;3077;-601,2;-338;153;0
vpja50;13;3132;3265;-295,2;-175,7;133;255000
vpja50;13;3293;3467;-245,8;-140,9;174;255000
vpja50;13;3588;3814;309,4;141,7;226;0
vpja50;13;3873;3992;508,5;-114,5;119;0
vpja50;13;4143;4376;581,8;-97,7;233;0
vpja50;13;4438;4734;229,1;79,2;296;255
vpja50;13;4764;5178;250,9;29,1;414;255
vpja50;13;5240;5461;-147,6;306,3;221;255255000
vpja50;13;5486;5729;-85,3000000000001;285,7;243;255255000
vpja50;13;5792;6061;281,9;3,89999999999998;269;255
vpja50;13;6225;6486;270,2;36,9;261;255
vpja50;13;6501;6688;254,2;28,4;187;255
vpja50;13;6744;6972;-109,4;246,7;228;255255000
vpja50;13;7058;7302;597,4;316,5;244;0
vpja50;13;7323;7586;633;308,6;263;0
vpja50;13;7639;7984;571;-107,3;345;0
vpja50;13;8054;8266;253;25,5;212;255
vpja50;13;8316;8485;204,2;-176,9;169;0
vpja50;13;8526;8677;31,5999999999999;-189,1;151;0
vpja50;13;8743;8905;-366,6;-323,8;162;0
vpja50;13;8950;9156;-599,4;-366,4;206;0
vpja50;13;9201;9407;-668,4;-264,3;206;NA
vpja50;13;9463;9702;-614,5;1,89999999999998;239;0
vpja50;13;9741;9895;-331,7;-59,1999999999999;154;2,55e+08
vpja50;13;9924;10000;-263,8;-149,7;76;255000
vpja50;14;310;435;-1,30000000000007;-96;125;2,55e+08
vpja50;14;495;684;-399,6;173,8;189;0
vpja50;14;705;886;-369,3;147,3;181;0
vpja50;14;1016;1323;263,8;183,8;307;255255000
vpja50;14;1345;1465;228,2;191,9;120;255255000
vpja50;14;1632;1834;225,4;162,4;202;255255000
vpja50;14;2040;2197;241,8;200,7;157;255255000
vpja50;14;2214;2415;217,6;188,6;201;255255000
vpja50;14;2582;2829;241,8;131,6;247;255255000
vpja50;14;2851;3024;227;180;173;255255000
vpja50;14;3071;3378;439,1;22,2;307;0
vpja50;14;3422;3532;225,2;166,2;110;255255000
vpja50;14;3591;3870;-4;-172,9;279;255000
vpja50;14;3894;4105;-37,3000000000001;-154,9;211;255000
vpja50;14;4117;4303;-29,4000000000001;-172,7;186;255000
vpja50;14;4362;4607;-339,7;-322,9;245;0
vpja50;14;4682;4905;317,8;-276,8;223;0
vpja50;14;4950;5084;441,2;-236,8;134;0
vpja50;14;5132;5396;275,7;-187,3;264;0
vpja50;14;5456;5647;203,2;24,4;191;0
vpja50;14;5687;5925;232,7;167,6;238;255255000
vpja50;14;5943;6123;219;187,8;180;255255000
vpja50;14;6185;6475;-327,7;143,2;290;255
vpja50;14;6488;6729;-333,1;126,5;241;255
vpja50;14;6737;6875;-324,7;119,8;138;255
vpja50;14;6920;7096;-86,5;105,2;176;2,55e+08
vpja50;14;7144;7335;250,4;165,9;191;255255000
vpja50;14;7358;7711;222,8;192,2;353;255255000
vpja50;14;7737;7915;287,7;182;178;255255000
vpja50;14;8112;8283;-365,3;133,8;171;255
vpja50;14;8307;8440;-330,5;124,5;133;255
vpja50;14;8478;8698;-117,3;119,7;220;2,55e+08
vpja50;14;8746;8986;-24,5;-171,1;240;255000
vpja50;14;9063;9302;-654,8;-32;239;NA
vpja50;14;9349;9528;-497,1;-266,6;179;0
vpja50;14;9609;9791;421,4;-237,2;182;0
vpja50;14;9844;10000;559,2;-75,4;156;0
vpja50;15;228;366;22,0999999999999;-47,5999999999999;138;255000
vpja50;15;411;650;-9,80000000000007;196,1;239;255
vpja50;15;675;798;63,7;209,1;123;0
vpja50;15;840;1290;295,5;110,1;450;255255000
vpja50;15;1483;1589;296,3;133,4;106;255255000
vpja50;15;1642;1993;60,8999999999999;185,1;351;255
vpja50;15;2008;2131;39,8;183,5;123;255
vpja50;15;2177;2338;300,9;93,6;161;255255000
vpja50;15;2516;2702;363,6;-187;186;0
vpja50;15;2726;3054;322,9;-156,8;328;0
vpja50;15;3081;3281;395,2;-157,1;200;0
vpja50;15;3307;3456;325,6;-157,5;149;0
vpja50;15;3515;3736;-5,30000000000007;-190,4;221;0
vpja50;15;3782;4017;-211,6;-230,2;235;0
vpja50;15;4049;4229;-342,2;-322,6;180;0
vpja50;15;4280;4463;-25,3000000000001;-172,7;183;0
vpja50;15;4506;4848;48,8999999999999;-33,0999999999999;342;255000
vpja50;15;4901;5196;376,9;-152,9;295;0
vpja50;15;5218;5377;405,6;-159,1;159;0
vpja50;15;5404;5655;328,6;-162;251;0
vpja50;15;5740;5807;314,3;9,5;67;0
vpja50;15;5837;6335;286,5;102;498;255255000
vpja50;15;6390;6764;13,5999999999999;177,8;374;255
vpja50;15;6787;6933;-0,5;195,7;146;255
vpja50;15;6980;7223;311,9;117,7;243;255255000
vpja50;15;7240;7542;293,7;91,6;302;255255000
vpja50;15;7557;7698;283,3;67,8000000000001;141;255255000
vpja50;15;7917;8078;293,2;95,7;161;255255000
vpja50;15;8098;8501;297,7;62,4000000000001;403;0
vpja50;15;8553;8824;48,5;197,2;271;255
vpja50;15;8847;9183;17,9;180,1;336;255
vpja50;15;9210;9543;-55,2;189,2;333;0
vpja50;15;9608;9885;-517,7;151,1;277;0
vpja50;15;9926;10000;-523,1;330,6;74;0
vpja50;16;288;449;61,5999999999999;290,1;161;255
vpja50;16;527;727;-579,1;382,8;200;0
vpja50;16;750;1087;-526,1;374,1;337;255255000
vpja50;16;1098;1229;-507;374,1;131;255255000
vpja50;16;1290;1719;-300,5;-158,4;429;255000
vpja50;16;1768;1992;-573,3;-155,9;224;0
vpja50;16;2081;2331;-445,9;360,9;250;255255000
vpja50;16;2402;2678;99,5;302,5;276;255
vpja50;16;2697;2973;106,2;271;276;255
vpja50;16;2988;3115;120,6;257,9;127;255
vpja50;16;3191;3475;-513;347,6;284;255255000
vpja50;16;3501;3745;-479,7;356,2;244;255255000
vpja50;16;3807;4161;135;293,5;354;255
vpja50;16;4226;4393;534;-54,3000000000001;167;0
vpja50;16;4416;4599;569,6;-92,2;183;0
vpja50;16;4615;4903;569,7;-71,8000000000001;288;0
vpja50;16;4959;5149;314,6;153,6;190;0
vpja50;16;5203;5410;131,5;330,1;207;255
vpja50;16;5486;5811;-490,1;348,8;325;255255000
vpja50;16;5871;6156;-557,3;-217,4;285;0
vpja50;16;6382;6558;149,5;292,3;176;255
vpja50;16;6582;6788;94,9000000000001;306,6;206;255
vpja50;16;6815;7250;96,2;252,2;435;255
vpja50;16;7277;7465;87,5999999999999;314,6;188;255
vpja50;16;7541;7979;-503,2;349,1;438;255255000
vpja50;16;7998;8361;-483,1;342,3;363;255255000
vpja50;16;8422;8596;66,9000000000001;308,1;174;255
vpja50;16;8681;8822;-352,8;-206,5;141;255000
vpja50;16;8849;9025;-292,7;-175,6;176;255000
vpja50;16;9074;9387;-544,6;-199,3;313;0
vpja50;16;9429;9638;-206,7;-298,2;209;0
vpja50;16;9725;9863;523,1;-39,1;138;0
vpja50;16;9892;10000;569,6;-94,5;108;0
vpja50;17;283;605;-268,8;109,6;322;255255000
vpja50;17;637;737;-385,1;158,7;100;255255000
vpja50;17;787;976;-22,6;17;189;0
vpja50;17;989;1359;-4,20000000000005;-0,799999999999955;370;255
vpja50;17;1421;1908;-334,4;102,5;487;255255000
vpja50;17;1961;2111;-4,60000000000002;-12,8;150;255
vpja50;17;2260;2514;-136,2;-212,9;254;0
vpja50;17;2573;2843;21;-10,3;270;255
vpja50;17;2915;3052;-408,4;-77,3;137;0
vpja50;17;3078;3291;-456,5;-132,5;213;255000
vpja50;17;3302;3422;-458,9;-151,3;120;255000
vpja50;17;3468;3680;-162,1;-250;212;0
vpja50;17;3707;3952;-214,7;-269,9;245;0
vpja50;17;3975;4106;-165,9;-290,9;131;0
vpja50;17;4139;4319;-39,2;-275,9;180;0
vpja50;17;4344;4461;-1;-261,2;117;0
vpja50;17;4514;4795;63,1;-432,1;281;0
vpja50;17;4860;5086;480,9;-167,5;226;0
vpja50;17;5118;5319;607,2;-160,7;201;0
vpja50;17;5373;5579;588,5;114,3;206;0
vpja50;17;5633;5771;531;292,2;138;0
vpja50;17;5810;5991;358,3;215,6;181;0
vpja50;17;6046;6185;75,1;265,1;139;0
vpja50;17;6237;6401;-213,1;158,8;164;255255000
vpja50;17;6477;6680;-561,3;450;203;0
vpja50;17;6732;6865;-345,4;123,2;133;255255000
vpja50;17;6912;7054;1,79999999999995;32,8;142;255
vpja50;17;7219;7383;-421,4;-455,6;164;0
vpja50;17;7545;7735;53,3000000000001;-379,3;190;0
vpja50;17;7757;8281;35,8;-418,2;524;0
vpja50;17;8304;8576;62,9999999999999;-421;272;0
vpja50;17;8589;8768;79,4999999999999;-431,7;179;0
vpja50;17;8946;9156;-167,8;91,2;210;255255000
vpja50;17;9184;9465;-248,8;81,7;281;255255000
vpja50;17;9501;9798;-264;-64;297;0
vpja50;17;9842;10000;21,6;-1,29999999999995;158;255
vpja50;18;252;383;128,8;55;131;0
vpja50;18;426;697;177,2;244,5;271;255255000
vpja50;18;783;1045;-473,8;83;262;255
vpja50;18;1069;1283;-413,3;87,5;214;255
vpja50;18;1307;1577;-420,4;90,7;270;255
vpja50;18;1660;1946;131,9;-230;286;255000
vpja50;18;1994;2220;152,6;-42,1;226;2,55e+08
vpja50;18;2347;2609;-93,3000000000001;-187,8;262;0
vpja50;18;2664;2896;151,1;-55,9;232;2,55e+08
vpja50;18;2914;2997;145,2;-40,3;83;2,55e+08
vpja50;18;3051;3267;84,9999999999999;-228,3;216;255000
vpja50;18;3335;3573;-474,7;-175,8;238;0
vpja50;18;3614;3777;-421,9;-5,39999999999998;163;0
vpja50;18;3833;4026;52,1999999999999;-243,4;193;0
vpja50;18;4046;4301;88,3000000000001;-258,8;255;255000
vpja50;18;4447;4692;96,9999999999999;-249,9;245;255000
vpja50;18;4699;4977;90,6;-255,6;278;255000
vpja50;18;5003;5293;68,6;-224,8;290;255000
vpja50;18;5361;5563;-417;83;202;255
vpja50;18;5585;6141;-394,4;77;556;255
vpja50;18;6217;6402;93,4999999999999;-236,9;185;255000
vpja50;18;6419;6824;97,1999999999999;-249,2;405;255000
vpja50;18;6914;7076;-451,1;100,5;162;255
vpja50;18;7102;7358;-402,9;100,8;256;255
vpja50;18;7591;7792;178,3;177,1;201;255255000
vpja50;18;7817;8010;251,3;188,6;193;255255000
vpja50;18;8083;8274;46,4999999999999;-241,9;191;0
vpja50;18;8308;8488;-103,5;-254,9;180;0
vpja50;18;8675;8828;77,4999999999999;-200,5;153;255000
vpja50;18;8853;9116;79,6;-253,9;263;255000
vpja50;18;9298;9515;129,2;188,8;217;255255000
vpja50;18;9546;9815;230,8;159,6;269;255255000
vpja50;18;9835;10000;252;146,4;165;255255000
vpja50;19;245;493;-48,3;-331,5;248;255000
vpja50;19;575;741;-479,4;347,5;166;255
vpja50;19;789;1013;-564;475,1;224;255
vpja50;19;1037;1196;-507,4;467,9;159;255
vpja50;19;1275;1506;-70,4;-333,7;231;255000
vpja50;19;1530;1719;-20;-376,5;189;255000
vpja50;19;1752;2009;-39,9;-320,5;257;255000
vpja50;19;2038;2198;-31,3;-392,6;160;255000
vpja50;19;2348;2528;-462,1;324,4;180;255
vpja50;19;2579;2747;-537,7;466,1;168;255
vpja50;19;2836;2994;347,1;318,5;158;255255000
vpja50;19;3044;3217;541,2;417,6;173;255255000
vpja50;19;3264;3464;255,4;279,4;200;255255000
vpja50;19;3552;3788;-536,5;413,4;236;0
vpja50;19;3815;4108;-488,5;446,9;293;255
vpja50;19;4127;4359;-453,6;423,7;232;255
vpja50;19;4406;4520;-456,9;309;114;255
vpja50;19;4578;4721;-86,9;79,5;143;2,55e+08
vpja50;19;4786;4977;-45,1999999999999;-371,8;191;255000
vpja50;19;4997;5286;-21,4;-392,4;289;255000
vpja50;19;5295;5453;-26,1;-397,7;158;255000
vpja50;19;5487;5950;-44,5;-319,9;463;255000
vpja50;19;6127;6406;-481,8;351,2;279;255
vpja50;19;6449;6767;-532,9;466,4;318;255
vpja50;19;6780;7281;-526,7;439,6;501;255
vpja50;19;7349;7533;-22,9;138,3;184;2,55e+08
vpja50;19;7585;7789;350,2;315,6;204;255255000
vpja50;19;7837;8020;547,7;421,6;183;255255000
vpja50;19;8034;8280;536,7;395,8;246;255255000
vpja50;19;8329;8633;243,5;243,6;304;255255000
vpja50;19;8686;8972;-47;103,5;286;2,55e+08
vpja50;19;9041;9204;-326,6;-166,3;163;0
vpja50;19;9239;9386;-382,1;-270;147;0
vpja50;19;9430;9662;-596,9;-311;232;0
vpja50;19;9767;9962;514,9;-200,6;195;0
vpja50;20;217;337;-23,1;-157,7;120;2,55e+08
vpja50;20;385;576;-75,7;-321,1;191;0
vpja50;20;662;886;-398,8;261,6;224;255
vpja50;20;913;1215;-428,8;287,9;302;255
vpja50;20;1270;1467;22,6;138,5;197;0
vpja50;20;1506;1701;1,29999999999995;-8,70000000000005;195;2,55e+08
vpja50;20;1760;1922;-64,2;-319,9;162;255000
vpja50;20;1932;2119;-55,3000000000001;-316,8;187;255000
vpja50;20;2130;2472;-57,1;-334,6;342;255000
vpja50;20;2565;2812;352,9;139,4;247;255255000
vpja50;20;2851;3010;331,7;267,1;159;0
vpja50;20;3038;3281;267,3;231,7;243;255255000
vpja50;20;3306;3441;315,1;179,3;135;255255000
vpja50;20;3496;3711;466;-118;215;0
vpja50;20;3735;3953;506;-149,9;218;0
vpja50;20;3996;4145;477,6;-303;149;0
vpja50;20;4199;4408;184,7;-343,6;209;0
vpja50;20;4445;4672;122;-243,1;227;0
vpja50;20;4758;4992;-409,3;-318,1;234;0
vpja50;20;5020;5222;-500,7;-344,3;202;0
vpja50;20;5316;5498;-398,7;134,4;182;0
vpja50;20;5531;5685;-370,4;209,2;154;255
vpja50;20;5726;5913;-406,8;267,3;187;255
vpja50;20;6072;6280;-25,7;-339,3;208;2,55e+08
vpja50;20;6432;6683;-69,9;-344,7;251;255000
vpja50;20;6734;7020;-58,7;-61,3;286;2,55e+08
vpja50;20;7065;7296;-18,7;118,9;231;0
vpja50;20;7359;7700;335;226,6;341;255255000
vpja50;20;7909;7958;170,5;196,8;49;0
vpja50;20;8018;8209;-374,1;211,1;191;255
vpja50;20;8249;8591;-426;270,6;342;255
vpja50;20;8665;8863;-40;-297,9;198;2,55e+08
vpja50;20;8886;9097;-58,3000000000001;-332,6;211;255000
vpja50;20;9149;9440;-47,8000000000001;-79,8;291;2,55e+08
vpja50;20;9457;9945;-55,1;-110;488;2,55e+08
vpja50;21;229;401;18,1;-238,1;172;255000
vpja50;21;469;827;-365,5;148,3;358;0
vpja50;21;848;1026;-373,1;156,8;178;0
vpja50;21;1097;1275;239,8;147,2;178;255255000
vpja50;21;1301;1516;298,6;148,8;215;255255000
vpja50;21;1673;1861;-16,7;-277,6;188;255000
vpja50;21;1877;2116;-24;-284,5;239;255000
vpja50;21;2137;2417;15,5;-284;280;255000
vpja50;21;2562;2882;-15,1;-220,2;320;255000
vpja50;21;2908;3182;0,600000000000023;-284,4;274;255000
vpja50;21;3233;3408;-0,700000000000045;-35,6;175;2,55e+08
vpja50;21;3465;3649;292,6;174,5;184;0
vpja50;21;3665;3770;290,1;156,5;105;255255000
vpja50;21;3836;4070;-35;-386,2;234;0
vpja50;21;4097;4262;-93,9;-421,9;165;0
vpja50;21;4318;4481;-470,8;-435,1;163;0
vpja50;21;4535;4763;-110,1;-357,2;228;0
vpja50;21;4852;5005;342,8;34,4;153;0
vpja50;21;5057;5331;588,4;260,4;274;0
vpja50;21;5361;5611;541,4;347,3;250;0
vpja50;21;5661;5814;272,1;144,3;153;255255000
vpja50;21;5877;6291;-330,7;131,1;414;255
vpja50;21;6353;6602;230,6;131;249;255255000
vpja50;21;6803;6977;7,39999999999998;-249,3;174;255000
vpja50;21;7134;7340;11,9;-296;206;255000
vpja50;21;7365;7598;15,4;-351,8;233;255000
vpja50;21;7627;7901;-5,60000000000002;-268,7;274;255000
vpja50;21;7919;8077;22;-286,7;158;255000
vpja50;21;8166;8339;-373;165,3;173;0
vpja50;21;8363;8729;-343,5;149,9;366;255
vpja50;21;8736;9015;-337,8;132,7;279;255
vpja50;21;9069;9235;-524,5;253,8;166;0
vpja50;21;9279;9521;-347,8;133,5;242;255
vpja50;21;9531;10000;-326,9;118,6;469;255
vpja50;22;223;372;-1,69999999999993;-21,3000000000001;149;255255000
vpja50;22;427;658;418,4;100;231;255
vpja50;22;669;983;434,9;90;314;255
vpja50;22;994;1298;447;65,1999999999999;304;255
vpja50;22;1367;1619;98,3000000000001;-289,1;252;255000
vpja50;22;1626;1850;85,8000000000001;-293,8;224;255000
vpja50;22;1875;2039;94,4;-245,7;164;2,55e+08
vpja50;22;2183;2388;-151,8;52,4;205;255255000
vpja50;22;2409;2572;-174;52;163;255255000
vpja50;22;2634;2855;422;79,1999999999999;221;255
vpja50;22;2871;3215;449,8;70,3;344;255
vpja50;22;3543;3706;479,3;38,8;163;255
vpja50;22;3930;4116;462,9;94,1;186;255
vpja50;22;4139;4326;443,2;139,1;187;255
vpja50;22;4388;4616;-118,9;37,4;228;255255000
vpja50;22;4665;4860;-432,7;104,7;195;0
vpja50;22;4900;5145;-600;-8;245;0
vpja50;22;5230;5380;56,0000000000001;-301,4;150;255000
vpja50;22;5402;5701;91,8000000000001;-288,1;299;255000
vpja50;22;5787;6041;62,6;208,5;254;0
vpja50;22;6069;6221;92,0000000000001;129,1;152;0
vpja50;22;6269;6535;493,7;67,8;266;255
vpja50;22;6560;6707;440,6;106,6;147;255
vpja50;22;6767;6992;-99,4;52,9;225;255255000
vpja50;22;7021;7167;-170,2;54;146;255255000
vpja50;22;7221;7419;-488,1;158,2;198;0
vpja50;22;7487;7904;-595,5;423;417;0
vpja50;22;7958;8104;-391,6;-16,1;146;0
vpja50;22;8165;8323;70,3000000000001;-291,3;158;255000
vpja50;22;8346;8907;87,9;-286,3;561;255000
vpja50;22;9128;9276;456,9;106,2;148;255
vpja50;22;9296;9712;445,5;79,5;416;255
vpja50;22;9734;9853;456,8;39,5;119;255
vpja50;22;9913;10000;-122,7;38,3;87;255255000
vpja50;23;285;440;-183,2;-182,1;155;255000
vpja50;23;459;583;-229,2;-187,6;124;0
vpja50;23;660;820;-482,8;381,3;160;0
vpja50;23;851;1133;-493,1;310,2;282;0
vpja50;23;1189;1553;-138,4;332,3;364;255255000
vpja50;23;1562;1758;-143,5;317,8;196;255255000
vpja50;23;1783;2035;-102,4;373;252;255255000
vpja50;23;2218;2431;279,7;62,3;213;0
vpja50;23;2472;2650;197,6;-105,5;178;0
vpja50;23;2702;2972;-55,1999999999999;-254,1;270;0
vpja50;23;3002;3177;-123;-218,2;175;0
vpja50;23;3212;3446;-234,8;-200;234;0
vpja50;23;3482;3676;-42,5;-247,2;194;0
vpja50;23;3691;4199;-20,6;-253,6;508;0
vpja50;23;4214;4880;-14,6;-274,9;666;0
vpja50;23;4903;5029;-33,1;-250,6;126;0
vpja50;23;5075;5281;274,8;-308,6;206;0
vpja50;23;5303;5417;293,3;-346,7;114;0
vpja50;23;5490;5654;-304;-316,6;164;0
vpja50;23;5686;5821;-423;-370;135;0
vpja50;23;5909;6220;-436,3;190,1;311;0
vpja50;23;6272;6475;-595,4;289,2;203;0
vpja50;23;6504;6656;-474;296,4;152;0
vpja50;23;6707;6963;-139;312,2;256;255255000
vpja50;23;7018;7220;-59;-33;202;2,55e+08
vpja50;23;7264;7617;-210,9;-201,7;353;0
vpja50;23;7630;7745;-217,1;-201,9;115;0
vpja50;23;7803;8018;-223,6;129,1;215;2,55e+08
vpja50;23;8032;8353;-214,9;124,3;321;2,55e+08
vpja50;23;8563;8738;164,2;-239,9;175;0
vpja50;23;8907;9067;179;-209,8;160;0
vpja50;23;9120;9345;298,2;63,1;225;0
vpja50;23;9373;9505;401,2;60,6;132;0
vpja50;23;9566;9901;492,2;470;335;0
vpja50;24;312;500;-90,4;-140,6;188;255000
vpja50;24;558;818;50,9;137,1;260;0
vpja50;24;830;970;35;129,9;140;0
vpja50;24;997;1236;134,1;138,2;239;0
vpja50;24;1290;1574;-293;111,7;284;0
vpja50;24;1591;1786;-274,4;124,8;195;0
vpja50;24;1807;1938;-284,3;122;131;0
vpja50;24;2117;2270;-252,6;86,6999999999999;153;255255000
vpja50;24;2295;2498;-285,8;115,8;203;0
vpja50;24;2572;2972;300,7;-48,3000000000001;400;0
vpja50;24;3026;3208;65,1999999999999;125,5;182;255
vpja50;24;3270;3504;542,3;-146,2;234;0
vpja50;24;3530;3605;556,7;-189,1;75;0
vpja50;24;3662;3832;261;-7,5;170;0
vpja50;24;3884;4030;108,8;132,5;146;0
vpja50;24;4082;4247;-88,1;-140,9;165;255000
vpja50;24;4495;4625;-68,3;-166,7;130;255000
vpja50;24;4803;5038;-81,1;-151;235;255000
vpja50;24;5055;5335;-77,9;-171,9;280;255000
vpja50;24;5354;5517;-83,4;-142,8;163;255000
vpja50;24;5698;5933;81,8000000000001;43;235;0
vpja50;24;5961;6263;145,9;108,1;302;255
vpja50;24;6292;6556;50,4;111,8;264;0
vpja50;24;6761;6994;65,1999999999999;125,6;233;255
vpja50;24;7007;7301;43,9;127;294;0
vpja50;24;7357;7597;-85,3;-126,7;240;2,55e+08
vpja50;24;7617;7773;-91,6;-155,2;156;255000
vpja50;24;7829;7962;-274,9;80,6999999999999;133;0
vpja50;24;7984;8414;-262,1;100,6;430;255255000
vpja50;24;8458;8645;-398;-70;187;0
vpja50;24;8693;8979;-466,9;-342,8;286;0
vpja50;24;9039;9201;-6,39999999999998;-386,6;162;0
vpja50;24;9250;9544;358,4;-254,5;294;0
vpja50;24;9600;9856;55,1999999999999;-254,7;256;0
vpja50;25;284;475;-18,9000000000001;-269,1;191;255000
vpja50;25;544;814;256,2;123;270;255
vpja50;25;887;1234;-373,2;125,3;347;255255000
vpja50;25;1257;1508;-377,3;153;251;0
vpja50;25;1703;1872;277,5;100,3;169;255
vpja50;25;1892;2264;258,6;70,7;372;255
vpja50;25;2341;2518;-402,8;133,1;177;0
vpja50;25;2535;3066;-375,8;121,8;531;0
vpja50;25;3118;3338;-599,5;55,7;220;0
vpja50;25;3409;3609;-39,1;-264,4;200;255000
vpja50;25;3634;3925;-2,5;-284,2;291;255000
vpja50;25;3978;4137;-61,9000000000001;-25,4;159;2,55e+08
vpja50;25;4201;4397;434,7;-240,6;196;0
vpja50;25;4447;4758;563,5;-29,1999999999999;311;0
vpja50;25;4783;4921;584,9;-86,9;138;0
vpja50;25;4995;5125;348,5;-393;130;0
vpja50;25;5192;5369;-290,6;-372,3;177;0
vpja50;25;5627;5767;-21,9000000000001;-266,5;140;255000
vpja50;25;5990;6344;262,4;84,3000000000001;354;255
vpja50;25;6508;6721;-364,3;133,2;213;255255000
vpja50;25;6733;6951;-372,9;125,4;218;255255000
vpja50;25;7016;7201;211,4;74,8000000000001;185;255
vpja50;25;7222;7425;250,8;65,5;203;255
vpja50;25;7462;7649;89,7;31;187;2,55e+08
vpja50;25;7729;7902;30,9;459,1;173;0
vpja50;25;7928;8150;90,2;446,8;222;2,55e+08
vpja50;25;8195;8425;-121,8;426,2;230;0
vpja50;25;8487;8700;253;76,4;213;255
vpja50;25;8717;8837;263,6;58,6;120;255
vpja50;25;8909;9190;-349,7;123;281;255255000
vpja50;25;9200;9358;-360,1;117,3;158;255255000
vpja50;25;9561;9756;-78,1;42,9;195;2,55e+08
vpja50;25;9813;9999;-27,9000000000001;-272;186;255000
vpja50;26;254;392;-137,6;-181,6;138;2,55e+08
vpja50;26;414;567;-184,4;-206,9;153;255000
vpja50;26;637;921;-506,6;219,2;284;255
vpja50;26;956;1202;-477,6;290,6;246;255
vpja50;26;1230;1464;-368,1;280;234;255
vpja50;26;1510;1665;-161,3;159,5;155;0
vpja50;26;1726;1917;329,1;205,5;191;0
vpja50;26;1968;2122;341;32,4;154;255255000
vpja50;26;2193;2381;-156;-193,6;188;2,55e+08
vpja50;26;2403;2737;-163,4;-222,3;334;255000
vpja50;26;2859;3016;-482,7;327,1;157;255
vpja50;26;3040;3180;-470,2;294,8;140;255
vpja50;26;3271;3529;357;-52;258;255255000
vpja50;26;3553;3848;417,6;-46,2;295;255255000
vpja50;26;4041;4291;-459,3;61;250;0
vpja50;26;4310;4742;-488,2;64,6;432;0
vpja50;26;4764;5030;-519,4;35,4;266;0
vpja50;26;5057;5359;-530,5;-25,4;302;0
vpja50;26;5403;5549;-503,4;123,6;146;0
vpja50;26;5575;5756;-495;80,8;181;0
vpja50;26;5775;5904;-468,8;65,8;129;0
vpja50;26;5964;6184;-466,6;312,5;220;255
vpja50;26;6214;6350;-376,1;364;136;0
vpja50;26;6392;6623;-122,3;255,3;231;2,55e+08
vpja50;26;6656;6887;13,1;279,1;231;0
vpja50;26;6915;7013;89,6;268,5;98;0
vpja50;26;7070;7257;352,9;-33;187;255255000
vpja50;26;7283;7486;407,6;-68,7;203;255255000
vpja50;26;7507;7844;441,9;-46,3;337;255255000
vpja50;26;7851;8074;444;-48,8;223;255255000
vpja50;26;8101;8316;351,9;-100,1;215;255255000
vpja50;26;8495;8696;58,8000000000001;-47,7;201;0
vpja50;26;8936;9096;6;-359,7;160;0
vpja50;26;9245;9426;-17,6999999999999;-421,4;181;0
vpja50;26;9453;9749;-87,6;-421,8;296;0
vpja50;26;9798;9979;-198,6;-204;181;0
