vp;trial;timest;timeend;x;y;duration;roi
vpja58;1;313;516;-77,4;-76,7;203;255000
vpja58;1;526;825;-108,5;-69,6;299;0
vpja58;1;906;1125;-524,7;210,1;219;0
vpja58;1;1148;1704;-486,1;169,4;556;0
vpja58;1;1724;2182;-441,3;164,7;458;255
vpja58;1;2217;2313;-466,7;162,1;96;255
vpja58;1;2469;2569;115;147,6;100;0
vpja58;1;2594;2736;136,1;89,7;142;255255000
vpja58;1;2790;2976;335,1;33,6;186;0
vpja58;1;2984;3064;333,5;23,7;80;0
vpja58;1;3121;3375;134,8;96,9;254;255255000
vpja58;1;3449;3509;-26,4;-305,3;60;0
vpja58;1;3547;3697;-89,4;-360,6;150;0
vpja58;1;3719;4025;-105,5;-381,7;306;0
vpja58;1;4046;4182;-103,8;-339,2;136;0
vpja58;1;4244;4687;-450,1;-368,7;443;0
vpja58;1;4759;5134;-466,2;-131,2;375;0
vpja58;1;5180;5307;-465;-39,1999999999999;127;0
vpja58;1;5343;5688;-470,8;8,5;345;0
vpja58;1;5746;5988;-454,6;151,1;242;255
vpja58;1;6044;6154;-411,5;-331,2;110;0
vpja58;1;6191;6320;-405,9;-384,4;129;0
vpja58;1;6430;6556;272,9;-43,8;126;0
vpja58;1;6596;6760;316;17,6;164;0
vpja58;1;6776;6908;317,2;11,4;132;0
vpja58;1;6936;7075;284,1;2,30000000000007;139;0
vpja58;1;7101;7291;310,9;16;190;0
vpja58;1;7314;7722;333,9;16,7;408;0
vpja58;1;7935;8097;290,6;12;162;0
vpja58;1;8156;8301;31,2;76,4;145;0
vpja58;1;8381;8697;-453,3;157,9;316;255
vpja58;1;8728;9328;-469,7;146,4;600;255
vpja58;1;9348;9545;-457,9;173,6;197;255
vpja58;1;9609;9778;-183,6;190;169;2,55e+08
vpja58;1;9846;10000;-487,9;164;154;0
vpja58;2;397;527;-95,7;-217,2;130;255000
vpja58;2;614;1114;-478,2;296,1;500;0
vpja58;2;1213;1409;330,2;305,2;196;255255000
vpja58;2;1448;1686;402,5;349,1;238;255255000
vpja58;2;1706;1895;407,6;349,3;189;255255000
vpja58;2;1922;2477;372,5;310,3;555;255255000
vpja58;2;2526;2671;247,5;179,8;145;0
vpja58;2;2723;2830;390,3;284,5;107;255255000
vpja58;2;2888;3037;474,2;79,7;149;0
vpja58;2;3093;3230;381,9;305,1;137;255255000
vpja58;2;3286;3685;472,4;39,4000000000001;399;0
vpja58;2;3716;3903;316;-60,1999999999999;187;0
vpja58;2;3970;4254;-70,2;-257,5;284;255000
vpja58;2;4283;4589;-69,1;-322,8;306;255000
vpja58;2;4689;4858;-473,7;278,6;169;0
vpja58;2;4888;5138;-470,3;303,9;250;255
vpja58;2;5162;5267;-449,8;276,9;105;255
vpja58;2;5339;5468;-14,2;-233,8;129;255000
vpja58;2;5505;5699;-73,4;-233,6;194;255000
vpja58;2;5734;6016;-41,1;-319,4;282;255000
vpja58;2;6090;6264;397,9;-68,1999999999999;174;0
vpja58;2;6317;6498;547,4;66;181;0
vpja58;2;6532;6646;513,5;93,3000000000001;114;0
vpja58;2;6696;6905;654;14,2;209;NA
vpja58;2;6926;7322;645,9;-9,69999999999993;396;NA
vpja58;2;7385;7561;357,7;-71,1999999999999;176;0
vpja58;2;7635;7783;421;278,9;148;0
vpja58;2;7817;8033;388;309,5;216;255255000
vpja58;2;8099;8467;632,8;-5,5;368;0
vpja58;2;8543;8678;103,2;139,9;135;2,55e+08
vpja58;2;8756;8867;-394,2;264,7;111;0
vpja58;2;8905;9452;-466,9;272;547;0
vpja58;2;9517;9702;-73,8000000000001;21;185;2,55e+08
vpja58;2;9752;9881;-66,2;-204,9;129;255000
vpja58;2;9969;10000;-457,8;283,1;31;255
vpja58;3;322;406;-88,3;-126;84;2,55e+08
vpja58;3;480;623;-228,1;267,8;143;0
vpja58;3;687;906;172,1;171,5;219;255
vpja58;3;920;1503;163,3;181,4;583;255
vpja58;3;1569;1814;-225,2;252,7;245;0
vpja58;3;1842;2063;-196,1;260,7;221;255255000
vpja58;3;2093;2328;-273,4;240;235;0
vpja58;3;2355;2650;-287,7;233,7;295;0
vpja58;3;2692;2858;-190,4;247,6;166;255255000
vpja58;3;2881;3402;-167,3;256,1;521;255255000
vpja58;3;3440;3619;-207,9;165,6;179;0
vpja58;3;3657;4204;-218,3;220,3;547;255255000
vpja58;3;4239;4543;-278,4;209,8;304;255255000
vpja58;3;4601;4725;-157,6;-6,70000000000005;124;2,55e+08
vpja58;3;4784;4942;-238,8;231,1;158;255255000
vpja58;3;4978;5132;-180,6;250,8;154;255255000
vpja58;3;5197;5387;167,9;150,8;190;255
vpja58;3;5405;5616;162,8;139,3;211;255
vpja58;3;5641;6425;193,4;150,6;784;255
vpja58;3;6482;6752;-62,1999999999999;138,8;270;2,55e+08
vpja58;3;6777;7320;-44,1999999999999;124,7;543;2,55e+08
vpja58;3;7382;7552;-186,3;241,9;170;255255000
vpja58;3;7568;7716;-166,2;232,8;148;255255000
vpja58;3;7767;7867;-40,5;32,0999999999999;100;0
vpja58;3;7919;8084;157,5;122,1;165;255
vpja58;3;8110;8262;183;151,7;152;255
vpja58;3;8329;8466;-61,8;-168,6;137;255000
vpja58;3;8486;8712;-67,0999999999999;-191,3;226;255000
vpja58;3;8804;8908;-181,7;212,7;104;0
vpja58;3;8940;9187;-191,4;252,7;247;255255000
vpja58;3;9208;9359;-175;261,5;151;255255000
vpja58;3;9420;9665;163,4;170;245;255
vpja58;3;9682;9985;175,8;171,9;303;255
vpja58;4;152;255;4,5;-11,4;103;2,55e+08
vpja58;4;306;436;-21,3;-215,3;130;2,55e+08
vpja58;4;510;662;301,5;129,3;152;255
vpja58;4;692;996;264,7;115,6;304;255
vpja58;4;1083;1231;-326,2;149,9;148;255255000
vpja58;4;1263;1579;-351,7;138,7;316;255255000
vpja58;4;1664;2040;245,9;80;376;255
vpja58;4;2060;2195;248,5;42;135;255
vpja58;4;2263;2568;-23,9;-228;305;255000
vpja58;4;2591;3182;-7,09999999999991;-233,1;591;255000
vpja58;4;3273;3497;-369,2;112,6;224;255255000
vpja58;4;3516;3786;-370;110,7;270;255255000
vpja58;4;3812;4120;-351,4;114,8;308;255255000
vpja58;4;4138;4370;-353,5;114,6;232;255255000
vpja58;4;4457;4638;255,8;94,4;181;255
vpja58;4;4714;4898;-306,3;108,5;184;0
vpja58;4;5115;5183;320,1;199,3;68;0
vpja58;4;5218;5371;268;96;153;255
vpja58;4;5430;5562;111,7;-80,3;132;2,55e+08
vpja58;4;5611;6200;-3,09999999999991;-237,6;589;255000
vpja58;4;6272;6452;73,2;104,9;180;0
vpja58;4;6520;8687;-334,5;139,6;2167;255255000
vpja58;4;8953;9013;-350,4;311,1;60;0
vpja58;4;9023;9083;-348;214;60;0
vpja58;4;9160;9250;81,9000000000001;-14,2;90;2,55e+08
vpja58;4;9310;10000;263,1;74,3;690;255
vpja58;5;395;595;128,1;299,2;200;255
vpja58;5;627;877;82,2;272,3;250;255
vpja58;5;900;1136;118,4;252,1;236;255
vpja58;5;1180;1331;-60;262,9;151;0
vpja58;5;1409;1654;-496,7;368,7;245;255255000
vpja58;5;1671;2226;-505,3;362,1;555;255255000
vpja58;5;2249;2449;-475,9;364,6;200;255255000
vpja58;5;2534;2772;114;270,3;238;255
vpja58;5;2801;3563;80,3;240,3;762;255
vpja58;5;3607;3767;97,5;195,9;160;255
vpja58;5;3790;4152;104,1;221,4;362;255
vpja58;5;4178;4514;78,0999999999999;231;336;255
vpja58;5;4546;4867;114,2;216,2;321;255
vpja58;5;4920;5083;17,4;178;163;0
vpja58;5;5153;5265;-270,8;-106,2;112;2,55e+08
vpja58;5;5296;6048;-297,8;-158,5;752;255000
vpja58;5;6127;6489;-490,3;355,9;362;255255000
vpja58;5;6558;6662;-27,2;294,1;104;0
vpja58;5;6692;6923;112,8;264,7;231;255
vpja58;5;6943;7192;117,3;232;249;255
vpja58;5;7233;7441;290,3;174,8;208;0
vpja58;5;7492;7821;108,1;243,6;329;255
vpja58;5;7856;8104;97,8;279,2;248;255
vpja58;5;8196;8629;-475,5;367,4;433;255255000
vpja58;5;8710;8959;111,4;290,6;249;255
vpja58;5;8980;9206;108,6;259,5;226;255
vpja58;5;9290;9640;-508;371,3;350;255255000
vpja58;5;9660;9797;-507,7;395,5;137;255255000
vpja58;5;9867;10000;-513,1;-56,4;133;2,55e+08
vpja58;6;236;376;50,140425531915;-30,6425531914894;140;255000
vpja58;6;435;546;22,0404255319149;183,357446808511;111;255255000
vpja58;6;602;763;9,64042553191496;-149,442553191489;161;0
vpja58;6;789;959;-30,1595744680851;-176,042553191489;170;0
vpja58;6;1022;1150;291,240425531915;-178,242553191489;128;0
vpja58;6;1201;1367;137,040425531915;-265,842553191489;166;0
vpja58;6;1420;1534;343,340425531915;-212,642553191489;114;0
vpja58;6;1570;1754;405,140425531915;-169,342553191489;184;0
vpja58;6;1790;2073;314,640425531915;-162,742553191489;283;0
vpja58;6;2140;2334;299,140425531915;106,257446808511;194;255
vpja58;6;2359;2853;277,440425531915;86,8574468085106;494;255
vpja58;6;2884;3054;303,540425531915;89,9574468085107;170;255
vpja58;6;3121;3533;41,0404255319149;161,357446808511;412;2,55e+08
vpja58;6;3588;3797;292,440425531915;79,7574468085106;209;255
vpja58;6;3821;4048;290,140425531915;54,5574468085106;227;0
vpja58;6;4107;4223;42,140425531915;-51,6425531914894;116;255000
vpja58;6;4253;4341;69,740425531915;-53,3425531914894;88;255000
vpja58;6;4401;4606;305,340425531915;70,9574468085107;205;0
vpja58;6;4630;4786;283,040425531915;73,9574468085107;156;255
vpja58;6;4843;5134;30,5404255319149;149,357446808511;291;2,55e+08
vpja58;6;5154;5551;32,3404255319149;156,857446808511;397;2,55e+08
vpja58;6;5564;6086;23,9404255319149;147,357446808511;522;2,55e+08
vpja58;6;6118;6291;63,6404255319148;84,1574468085106;173;2,55e+08
vpja58;6;6328;6664;53,0404255319149;139,357446808511;336;2,55e+08
vpja58;6;6715;6835;-60,9595744680851;-244,642553191489;120;0
vpja58;6;6862;7010;-141,959574468085;-313,342553191489;148;0
vpja58;6;7068;7313;-6,95957446808507;-199,242553191489;245;0
vpja58;6;7376;7540;335,940425531915;-201,042553191489;164;0
vpja58;6;7563;7732;322,140425531915;-189,742553191489;169;0
vpja58;6;7858;8000;168,940425531915;-314,542553191489;142;0
vpja58;6;8033;8235;117,740425531915;-339,442553191489;202;0
vpja58;6;8299;8565;406,040425531915;-212,542553191489;266;0
vpja58;6;8621;8823;141,340425531915;-287,342553191489;202;0
vpja58;6;8879;9062;-115,859574468085;-304,142553191489;183;0
vpja58;6;9276;9306;-82,4595744680851;-257,942553191489;30;0
vpja58;6;9352;9472;100,740425531915;-240,442553191489;120;0
vpja58;6;9525;9655;60,740425531915;-17,8425531914894;130;255000
vpja58;6;9682;9902;86,440425531915;-79,5425531914893;220;255000
vpja58;6;9952;10000;87,6404255319148;-281,342553191489;48;0
vpja58;7;300;553;-227,276338911184;132,580700537594;253;255255000
vpja58;7;579;806;-257,376338911184;191,480700537594;227;255255000
vpja58;7;829;1060;-275,376338911184;190,680700537594;231;255255000
vpja58;7;1076;1692;-254,276338911184;170,180700537594;616;255255000
vpja58;7;1718;2106;-253,376338911184;210,980700537594;388;255255000
vpja58;7;2428;2445;-304,376338911184;371,480700537594;17;0
vpja58;7;2577;2972;-236,576338911183;198,480700537594;395;255255000
vpja58;7;3060;3265;333,223661088817;44,6807005375938;205;255
vpja58;7;3298;3618;262,423661088816;57,6807005375938;320;255
vpja58;7;3641;3905;279,623661088816;54,4807005375937;264;255
vpja58;7;3926;4174;254,823661088816;65,8807005375937;248;255
vpja58;7;4202;4337;263,223661088817;25,5807005375938;135;255
vpja58;7;4377;4822;312,223661088817;-149,219299462406;445;0
vpja58;7;4871;4969;379,523661088817;-32,6192994624063;98;0
vpja58;7;5020;5180;561,423661088816;-136,919299462406;160;0
vpja58;7;5247;5406;279,523661088817;62,8807005375937;159;255
vpja58;7;5473;5577;-119,376338911184;141,680700537594;104;0
vpja58;7;5620;6313;-237,276338911184;167,080700537594;693;255255000
vpja58;7;6355;6704;-130,776338911184;8,98070053759375;349;0
vpja58;7;6776;7018;268,623661088816;67,4807005375937;242;255
vpja58;7;7036;7401;274,223661088817;30,8807005375937;365;255
vpja58;7;7426;7753;259,023661088817;66,5807005375938;327;255
vpja58;7;7825;8025;-216,076338911183;147,180700537594;200;255255000
vpja58;7;8056;8630;-253,976338911183;177,280700537594;574;255255000
vpja58;7;8672;8858;-185,476338911183;65,6807005375938;186;0
vpja58;7;8887;9107;-225,676338911184;148,980700537594;220;255255000
vpja58;7;9288;9320;-239,976338911183;297,080700537594;32;255255000
vpja58;7;9332;9418;-235,476338911183;209,880700537594;86;255255000
vpja58;7;9502;9757;331,923661088816;40,9807005375937;255;255
vpja58;7;9791;10000;260,223661088817;59,4807005375937;209;255
vpja58;8;169;253;27,5;-53,1;84;2,55e+08
vpja58;8;318;542;-285,9;193,1;224;255255000
vpja58;8;631;831;373,4;220,8;200;255
vpja58;8;859;1146;324,5;202,9;287;255
vpja58;8;1180;1345;368,2;225,8;165;255
vpja58;8;1380;1633;283,5;228,4;253;255
vpja58;8;1643;2402;288,7;233,8;759;255
vpja58;8;2478;2641;-194,7;203;163;255255000
vpja58;8;2669;2821;-317,4;169,6;152;255255000
vpja58;8;2908;3331;333;202,1;423;255
vpja58;8;3414;3585;-343,1;241,3;171;255255000
vpja58;8;3626;3979;-449,9;225,2;353;255255000
vpja58;8;4034;4292;-344,5;31;258;0
vpja58;8;4349;4762;-328,3;256,9;413;255255000
vpja58;8;4809;5063;-431,6;220,4;254;255255000
vpja58;8;5114;5413;-271,2;196,1;299;255255000
vpja58;8;5449;5608;-283,5;244,9;159;255255000
vpja58;8;5658;5829;-417,9;218,2;171;255255000
vpja58;8;5848;6221;-430,3;209,2;373;255255000
vpja58;8;6246;6378;-407,6;200,6;132;255255000
vpja58;8;6412;6655;-326,8;149;243;255255000
vpja58;8;6678;6997;-340;149,8;319;255255000
vpja58;8;7082;7231;234,6;205,3;149;0
vpja58;8;7276;7586;354,5;229,1;310;255
vpja58;8;7610;7858;340,8;200;248;255
vpja58;8;7940;8110;-269,5;237,9;170;255255000
vpja58;8;8157;8380;-420,6;203,4;223;255255000
vpja58;8;8544;8623;18,6999999999999;-224,6;79;255000
vpja58;8;8650;8829;22,6999999999999;-248,3;179;255000
vpja58;8;8851;9178;16;-287,4;327;255000
vpja58;8;9239;9327;193,9;-158,7;88;0
vpja58;8;9378;9589;38,1999999999999;-292,7;211;255000
vpja58;8;9627;9907;26,8;-236,8;280;255000
vpja58;8;9934;10000;19,1999999999999;-293;66;255000
vpja58;9;200;269;-6,70000000000016;120,5;69;0
vpja58;9;314;447;24,6999999999998;-198,2;133;255000
vpja58;9;521;681;273,1;154,8;160;0
vpja58;9;704;947;265,6;182,3;243;0
vpja58;9;972;1195;218,7;184,5;223;255
vpja58;9;1229;1311;157,4;168;82;0
vpja58;9;1350;1659;241,3;172,7;309;255
vpja58;9;1685;1897;306,8;167,1;212;255
vpja58;9;1933;2185;255,2;179,6;252;255
vpja58;9;2273;2380;-311;196,5;107;0
vpja58;9;2413;2669;-350,3;185,4;256;0
vpja58;9;2682;2757;-356,8;172,5;75;255255000
vpja58;9;2824;2912;8,29999999999984;-143;88;2,55e+08
vpja58;9;2938;3283;17,2999999999998;-179,6;345;2,55e+08
vpja58;9;3367;3915;-357;179,1;548;0
vpja58;9;3942;4482;-361;167,5;540;255255000
vpja58;9;4510;4849;-342,8;156,2;339;255255000
vpja58;9;4879;5144;-339,2;142,5;265;255255000
vpja58;9;5162;5461;-330,7;152,6;299;255255000
vpja58;9;5489;5950;-342;170,5;461;255255000
vpja58;9;5975;6757;-351,3;170,2;782;255255000
vpja58;9;6851;7177;249,1;164;326;255
vpja58;9;7195;8146;237,7;169,8;951;255
vpja58;9;8182;8293;164,9;146,1;111;0
vpja58;9;8332;10000;249,3;147,7;1668;255
vpja58;10;224;270;-5,19999999999993;93,4000000000001;46;2,55e+08
vpja58;10;301;364;-38,8;-106,6;63;255000
vpja58;10;434;579;-45,3;341,6;145;255255000
vpja58;10;603;832;-73,3;285,1;229;255255000
vpja58;10;849;1163;-80,1999999999999;277,3;314;255255000
vpja58;10;1198;1575;-0,5;213,5;377;255255000
vpja58;10;1602;1777;-65;255,7;175;255255000
vpja58;10;1847;2024;-533,2;211,5;177;255
vpja58;10;2052;3625;-552,7;188,6;1573;255
vpja58;10;3653;3815;-546,1;161,6;162;255
vpja58;10;3888;4004;-196,2;60,9000000000001;116;2,55e+08
vpja58;10;4074;4786;-534,8;173,6;712;255
vpja58;10;4868;5540;-67,6999999999999;239,3;672;255255000
vpja58;10;5614;5759;-8,60000000000002;-69,1;145;255000
vpja58;10;5792;5987;-46,9;-77,1;195;255000
vpja58;10;6059;6276;-50,3;255,5;217;255255000
vpja58;10;6306;6661;-68,6;253,6;355;255255000
vpja58;10;6688;6985;12,5;178,6;297;255255000
vpja58;10;7032;7284;-63,9;243;252;255255000
vpja58;10;7318;7526;-84,5;317,5;208;255255000
vpja58;10;7593;7689;-418,1;250,7;96;0
vpja58;10;7733;7928;-535,5;210,9;195;255
vpja58;10;7946;9133;-536,7;189,9;1187;255
vpja58;10;9162;9820;-552,6;190,3;658;255
vpja58;10;9843;10000;-545,9;182,7;157;255
vpja58;11;159;236;-35,9;-14;77;2,55e+08
vpja58;11;283;390;-72,9;-141,1;107;255000
vpja58;11;460;759;21,3;133;299;255
vpja58;11;822;1113;-291;155,7;291;0
vpja58;11;1145;1389;-246,2;149,2;244;255255000
vpja58;11;1455;2240;16;108,5;785;255
vpja58;11;2263;2479;25,4;93,4000000000001;216;255
vpja58;11;2548;2682;-267,9;126,9;134;0
vpja58;11;2712;3255;-247,4;127,1;543;0
vpja58;11;3464;3794;-239,2;133,3;330;0
vpja58;11;3855;4226;-129,6;-170,6;371;0
vpja58;11;4279;4537;-47;-373,4;258;0
vpja58;11;4755;4807;-210,8;145,4;52;0
vpja58;11;4843;5095;-259,8;114,3;252;0
vpja58;11;5147;5276;-148,1;245,3;129;0
vpja58;11;5316;5561;-271,7;127,3;245;0
vpja58;11;5587;5798;-236,7;112,6;211;0
vpja58;11;5855;6046;9,60000000000002;92,5;191;255
vpja58;11;6098;6307;-135,9;271,2;209;0
vpja58;11;6359;8475;-241,7;131,5;2116;0
vpja58;11;8530;9170;-14;120,4;640;255
vpja58;11;9223;9549;-248,7;118,9;326;0
vpja58;11;9560;10000;-243,8;106,4;440;0
vpja58;12;375;557;-33,4;-139,2;182;2,55e+08
vpja58;12;637;974;181,9;366,3;337;255255000
vpja58;12;1071;1425;-546,7;286,4;354;255
vpja58;12;1516;1742;145,7;338,4;226;255255000
vpja58;12;1793;1929;132,7;190,9;136;2,55e+08
vpja58;12;1979;3799;168,7;290;1820;255255000
vpja58;12;3889;4089;-466;223,6;200;255
vpja58;12;4124;4537;-514,7;184,2;413;255
vpja58;12;4622;4687;-36,6;-204,3;65;0
vpja58;12;4721;4992;-16,3;-239,7;271;255000
vpja58;12;5038;5173;-86,5;-151,4;135;0
vpja58;12;5200;5365;-44,3;-226;165;255000
vpja58;12;5449;5686;184,4;386,6;237;255255000
vpja58;12;5712;7010;157,3;290,8;1298;255255000
vpja58;12;7047;7101;257,6;324,4;54;255255000
vpja58;12;7363;7595;249,5;569;232;NA
vpja58;12;7613;7634;224,5;392,8;21;255255000
vpja58;12;7661;8242;145,4;345,1;581;255255000
vpja58;12;8264;8574;170,3;290;310;255255000
vpja58;12;8600;8854;219,1;335,8;254;255255000
vpja58;12;8890;9131;164,6;439,4;241;255255000
vpja58;12;9169;9343;68,9;509;174;NA
vpja58;12;9384;9866;146,7;306,5;482;255255000
vpja58;12;9891;9999;104,9;285,7;108;2,55e+08
vpja58;13;343;463;-307,273309608541;238,320284697509;120;0
vpja58;13;674;784;514,226690391459;310,320284697509;110;255
vpja58;13;803;978;447,026690391459;246,820284697509;175;255
vpja58;13;1006;1242;449,426690391459;154,220284697509;236;255
vpja58;13;1271;1323;459,426690391459;240,720284697509;52;255
vpja58;13;1549;1644;544,426690391459;541,920284697509;95;NA
vpja58;13;1744;1989;-367,373309608541;253,520284697509;245;255255000
vpja58;13;2022;2180;-389,673309608541;208,820284697509;158;255255000
vpja58;13;2251;2328;-54,8733096085409;-200,379715302491;77;255000
vpja58;13;2363;2613;-21,8733096085409;-230,579715302491;250;255000
vpja58;13;2644;2908;-37,2733096085409;-278,279715302491;264;255000
vpja58;13;2945;3450;-22,4733096085409;-230,079715302491;505;255000
vpja58;13;3490;3856;-23,9733096085409;-293,179715302491;366;255000
vpja58;13;3950;4048;-384,173309608541;148,120284697509;98;0
vpja58;13;4085;4326;-360,673309608541;199,120284697509;241;255255000
vpja58;13;4417;4942;404,526690391459;129,720284697509;525;255
vpja58;13;5205;5305;366,026690391459;238,920284697509;100;255
vpja58;13;5330;5559;347,526690391459;174,920284697509;229;255
vpja58;13;5645;5906;-362,773309608541;184,020284697509;261;255255000
vpja58;13;5956;6403;-385,773309608541;166,920284697509;447;0
vpja58;13;6492;6664;314,926690391459;146,520284697509;172;0
vpja58;13;6705;7023;400,626690391459;106,620284697509;318;0
vpja58;13;7042;7559;369,526690391459;103,720284697509;517;0
vpja58;13;7583;7786;321,926690391459;148,920284697509;203;255
vpja58;13;7871;8036;-355,473309608541;193,220284697509;165;255255000
vpja58;13;8072;8386;-405,373309608541;196,120284697509;314;255255000
vpja58;13;8416;8868;-384,573309608541;215,420284697509;452;255255000
vpja58;13;8876;9139;-381,673309608541;202,320284697509;263;255255000
vpja58;13;9232;9371;431,926690391459;190,420284697509;139;255
vpja58;13;9399;9605;446,426690391459;125,920284697509;206;255
vpja58;13;9649;9845;456,526690391459;235,820284697509;196;255
vpja58;13;9871;9999;436,526690391459;267,820284697509;128;255
vpja58;14;231;401;103,6;-61,9;170;2,55e+08
vpja58;14;463;684;-160,7;255;221;255
vpja58;14;750;880;213,5;199,5;130;2,55e+08
vpja58;14;929;1176;112,7;-69,5000000000001;247;2,55e+08
vpja58;14;1198;1454;115,6;-100,1;256;255000
vpja58;14;1477;1727;120,7;-60,8000000000001;250;2,55e+08
vpja58;14;1806;2004;-147,1;313;198;255
vpja58;14;2029;2160;-192,6;303,8;131;255
vpja58;14;2242;2443;359,8;377,9;201;255255000
vpja58;14;2481;2834;389,2;437,4;353;255255000
vpja58;14;2892;3051;289,9;153,5;159;0
vpja58;14;3105;3232;137,2;-37,5;127;2,55e+08
vpja58;14;3257;3405;115,9;-68,6;148;2,55e+08
vpja58;14;3480;3694;386,8;202;214;0
vpja58;14;3748;3979;371,1;374,8;231;255255000
vpja58;14;4005;4148;408,6;392,2;143;255255000
vpja58;14;4172;4492;424,3;365,8;320;255255000
vpja58;14;4525;4712;389,4;399,9;187;255255000
vpja58;14;4743;5103;311,6;349,8;360;255255000
vpja58;14;5145;5284;396,6;393,7;139;255255000
vpja58;14;5318;5493;363;154,1;175;0
vpja58;14;5517;5924;388,1;179,2;407;0
vpja58;14;5988;6114;84,9000000000001;-9,90000000000009;126;2,55e+08
vpja58;14;6153;6667;95;-82,3000000000001;514;255000
vpja58;14;6738;7881;269,6;245,1;1143;0
vpja58;14;7935;8066;190;-25,8000000000001;131;2,55e+08
vpja58;14;8099;8282;127,8;-81,6;183;255000
vpja58;14;8349;8497;308,9;268,5;148;0
vpja58;14;8534;8605;228,9;172,1;71;2,55e+08
vpja58;14;8658;9999;354,4;289;1341;0
vpja58;15;264;332;-92,1160142348754;-236,581494661922;68;2,55e+08
vpja58;15;361;609;-107,416014234875;-313,081494661922;248;2,55e+08
vpja58;15;620;1009;-101,416014234875;-320,381494661922;389;2,55e+08
vpja58;15;1018;1270;-95,7160142348754;-340,081494661922;252;255000
vpja58;15;1354;1468;259,083985765125;40,7185053380783;114;0
vpja58;15;1527;1712;112,783985765124;-211,581494661922;185;0
vpja58;15;1736;2077;66,5839857651247;-255,681494661922;341;0
vpja58;15;2154;2247;264,783985765124;93,8185053380782;93;0
vpja58;15;2273;2425;274,683985765125;178,218505338078;152;255
vpja58;15;2508;2666;-357,716014234875;166,218505338078;158;0
vpja58;15;2705;2819;-446,016014234875;212,118505338078;114;255255000
vpja58;15;2991;3105;-85,7160142348754;100,618505338078;114;0
vpja58;15;3176;3329;277,683985765125;156,118505338078;153;255
vpja58;15;3394;3550;489,983985765125;-93,9814946619217;156;0
vpja58;15;3633;3724;-115,916014234875;-263,181494661922;91;2,55e+08
vpja58;15;3751;4417;-90,1160142348754;-330,881494661922;666;255000
vpja58;15;4506;4651;308,883985765125;108,518505338078;145;255
vpja58;15;4709;4824;558,783985765124;-32,2814946619217;115;0
vpja58;15;4852;5056;465,583985765125;-122,081494661922;204;0
vpja58;15;5079;5321;446,483985765125;-159,481494661922;242;0
vpja58;15;5472;5649;-437,616014234875;223,418505338078;177;255255000
vpja58;15;5695;5831;-493,316014234875;247,118505338078;136;255255000
vpja58;15;5855;6036;-503,116014234875;259,718505338078;181;0
vpja58;15;6065;6320;-437,116014234875;177,618505338078;255;255255000
vpja58;15;6368;6548;-472,216014234875;243,618505338078;180;255255000
vpja58;15;6576;6755;-480,016014234875;254,818505338078;179;255255000
vpja58;15;6785;7171;-444,416014234875;160,418505338078;386;255255000
vpja58;15;7202;7395;-479,216014234875;248,418505338078;193;255255000
vpja58;15;7419;7617;-493,216014234875;254,418505338078;198;255255000
vpja58;15;7646;7777;-443,516014234875;164,418505338078;131;255255000
vpja58;15;7836;8048;-472,816014234875;-227,381494661922;212;0
vpja58;15;8072;8392;-497,016014234875;-288,681494661922;320;0
vpja58;15;8479;8765;-464,216014234875;226,818505338078;286;255255000
vpja58;15;8802;8862;-506,716014234875;267,918505338078;60;0
vpja58;15;9059;9164;-493,516014234875;295,218505338078;105;0
vpja58;15;9229;9330;-146,716014234875;-162,281494661922;101;2,55e+08
vpja58;15;9378;9555;-96,2160142348754;-316,281494661922;177;2,55e+08
vpja58;15;9567;9953;-96,3160142348754;-331,481494661922;386;255000
vpja58;16;204;271;-193,5;-158,7;67;2,55e+08
vpja58;16;357;590;-268;-161,1;233;0
vpja58;16;669;881;-478,8;386,8;212;255
vpja58;16;901;1176;-481,5;363,6;275;255
vpja58;16;1224;1421;-168,8;370;197;0
vpja58;16;1446;1674;-130,7;366,5;228;255255000
vpja58;16;1738;2069;-448,6;372,6;331;255
vpja58;16;2138;2545;-133,6;366,4;407;255255000
vpja58;16;2604;2909;-459,8;356;305;255
vpja58;16;2942;3307;-487,5;377,2;365;255
vpja58;16;3366;3532;-333,4;207,6;166;2,55e+08
vpja58;16;3567;3811;-366;255,9;244;0
vpja58;16;3861;4084;-473,5;361,9;223;255
vpja58;16;4174;4335;141,8;92,6999999999999;161;0
vpja58;16;4398;4627;-242,2;-161;229;255000
vpja58;16;4683;4869;-249,3;75,9;186;2,55e+08
vpja58;16;4928;5397;-12,9;-192,9;469;0
vpja58;16;5464;5702;-266,7;-134,9;238;2,55e+08
vpja58;16;5776;6077;-239,5;243,3;301;2,55e+08
vpja58;16;6112;6337;-201,9;100,6;225;2,55e+08
vpja58;16;6569;7065;-211,2;72,6;496;2,55e+08
vpja58;16;7121;7822;-237,7;-188,1;701;255000
vpja58;16;7894;8012;-182,8;331,8;118;0
vpja58;16;8050;8184;-121,9;344,6;134;255255000
vpja58;16;8242;8499;-300,2;256;257;0
vpja58;16;8546;8745;-445,3;330,9;199;255
vpja58;16;8805;9134;-275,2;49,6;329;2,55e+08
vpja58;16;9198;9399;-431,1;323,1;201;255
vpja58;16;9484;9772;179,2;139,2;288;0
vpja58;16;9831;10000;109,8;-102,5;169;0
vpja58;17;186;271;-38,9000000000001;-110,9;85;2,55e+08
vpja58;17;304;348;-47,2;-141,5;44;255000
vpja58;17;421;706;-352,2;183,6;285;255
vpja58;17;731;923;-324;123,9;192;255
vpja58;17;1006;1197;346,2;272,4;191;255255000
vpja58;17;1230;1475;395,5;245;245;255255000
vpja58;17;1928;2172;-31,1;-156,8;244;255000
vpja58;17;2195;2483;-58;-192,4;288;255000
vpja58;17;2502;2640;-39,4000000000001;-178,2;138;255000
vpja58;17;2666;2881;-54,8000000000001;-147,9;215;255000
vpja58;17;2937;3178;-80;97,3;241;2,55e+08
vpja58;17;3236;3447;-343;188,1;211;255
vpja58;17;3473;3727;-314,9;122,8;254;255
vpja58;17;3765;3976;-233,8;187,8;211;255
vpja58;17;4003;4165;-241;201,8;162;255
vpja58;17;4187;4326;-259,7;188,8;139;255
vpja58;17;4381;4588;-503,1;54,5999999999999;207;0
vpja58;17;4661;4875;-71,2;-149,7;214;255000
vpja58;17;4907;4986;-55;-174,5;79;255000
vpja58;17;5060;5253;-343,4;151;193;255
vpja58;17;5288;5613;-377,4;182,3;325;255
vpja58;17;5849;5885;-315,9;158,4;36;255
vpja58;17;5921;6076;-255,9;176,2;155;255
vpja58;17;6099;6280;-275,3;189,5;181;255
vpja58;17;6297;6596;-258,6;174,9;299;255
vpja58;17;6659;6786;49,0999999999999;191,7;127;0
vpja58;17;6848;7056;391,9;253,3;208;255255000
vpja58;17;7076;7308;367,1;248,6;232;255255000
vpja58;17;7329;7780;350,9;272,4;451;255255000
vpja58;17;7806;8102;361;224,2;296;255255000
vpja58;17;8178;8332;-238,1;194;154;255
vpja58;17;8369;8471;-311,1;186,1;102;255
vpja58;17;8532;8726;-554,9;47;194;0
vpja58;17;8783;8936;-316,5;213,9;153;255
vpja58;17;8962;9127;-285,9;146,2;165;255
vpja58;17;9160;9522;-256,9;164;362;255
vpja58;17;9582;9821;19,8;63,5999999999999;239;2,55e+08
vpja58;17;9842;9983;3,29999999999995;50,5;141;2,55e+08
vpja58;18;231;375;-26;-131;144;255000
vpja58;18;689;723;-341,7;224,6;34;0
vpja58;18;731;753;-347;192,7;22;255
vpja58;18;835;1041;227,6;180,7;206;255255000
vpja58;18;1393;1471;246,6;211,4;78;255255000
vpja58;18;1495;1923;219,5;177,5;428;255255000
vpja58;18;1945;2170;234;133,4;225;255255000
vpja58;18;2192;2602;214,4;154,1;410;255255000
vpja58;18;2675;2828;-316,6;152,6;153;255
vpja58;18;2853;3126;-342,4;117;273;255
vpja58;18;3190;3434;-44,7;-143,7;244;255000
vpja58;18;3458;3731;-31,6;-184,2;273;255000
vpja58;18;3739;4009;-15,3000000000001;-188,1;270;255000
vpja58;18;4045;4357;-41,4000000000001;-141,2;312;255000
vpja58;18;4427;4530;-254,1;114,4;103;0
vpja58;18;4581;4777;-318,5;136,4;196;255
vpja58;18;4810;5038;-337,4;162,2;228;255
vpja58;18;5058;5246;-355,7;135,3;188;255
vpja58;18;5296;5477;-155,7;1,90000000000009;181;2,55e+08
vpja58;18;5542;5773;-341,4;118,6;231;255
vpja58;18;5797;5929;-343,2;164,5;132;255
vpja58;18;6006;6294;239,9;164,9;288;255255000
vpja58;18;6308;6884;227,4;181,3;576;255255000
vpja58;18;6900;7336;211,8;186,1;436;255255000
vpja58;18;7363;7639;277,5;163,3;276;255255000
vpja58;18;7661;7862;255,9;178;201;255255000
vpja58;18;7922;8049;499,1;16,1;127;0
vpja58;18;8116;8580;212,1;182,5;464;255255000
vpja58;18;8638;8778;475,8;65,5;140;0
vpja58;18;8831;9156;536,3;-84,9;325;0
vpja58;18;9197;9425;403,4;-188,3;228;0
vpja58;18;9499;9740;232,4;166,6;241;255255000
vpja58;18;9809;10000;-237,5;101,3;191;0
vpja58;19;210;323;-94,6;-127,5;113;2,55e+08
vpja58;19;343;669;-130,5;-143,6;326;255000
vpja58;19;739;926;-493,4;85,9;187;0
vpja58;19;952;1188;-495,3;-4,60000000000002;236;255
vpja58;19;1216;1416;-392;41;200;0
vpja58;19;1573;1717;-488,2;-110,5;144;255
vpja58;19;1741;2049;-479;-56,6;308;255
vpja58;19;2125;2232;-8,29999999999995;-234,7;107;0
vpja58;19;2267;2797;-3,39999999999998;-343;530;0
vpja58;19;2900;2996;474;339,1;96;255255000
vpja58;19;3021;3276;457,6;288,8;255;255255000
vpja58;19;3302;3504;423,8;350,7;202;255255000
vpja58;19;3539;3922;394,3;369,3;383;0
vpja58;19;3984;4136;136,6;232,7;152;0
vpja58;19;4193;4305;323,7;111,9;112;0
vpja58;19;4406;4525;-471,3;146,8;119;255
vpja58;19;4574;4729;-503,6;6,89999999999998;155;255
vpja58;19;4777;4939;-414,9;77,9;162;0
vpja58;19;5000;5256;-454,4;282,8;256;0
vpja58;19;5292;5412;-516,5;244,2;120;0
vpja58;19;5464;5662;-497,7;5,89999999999998;198;255
vpja58;19;5686;6172;-484,6;-47,1;486;255
vpja58;19;6197;6306;-460;-12,9;109;255
vpja58;19;6531;6594;-458,9;29,3;63;255
vpja58;19;6632;6813;-388,8;59,7;181;0
vpja58;19;6855;7116;-471,8;-9,60000000000002;261;255
vpja58;19;7169;7295;-263,2;-43,8;126;0
vpja58;19;7324;7423;-148,3;-139,2;99;2,55e+08
vpja58;19;7454;7696;-134,9;-162,9;242;255000
vpja58;19;7708;7971;-135,1;-177,7;263;255000
vpja58;19;7983;8140;-128;-189,2;157;255000
vpja58;19;8378;8426;-126,7;259,3;48;0
vpja58;19;8462;8560;-175,1;270,9;98;2,55e+08
vpja58;19;8621;8930;-499,8;-43,5;309;255
vpja58;19;8963;9132;-466,1;-28,7;169;255
vpja58;19;9166;9311;-369,3;-97,8;145;0
vpja58;19;9371;9714;-397,7;66,8;343;0
vpja58;19;9737;10000;-379;26,3;263;0
vpja58;20;325;452;-321,6;68,8;127;0
vpja58;20;507;803;-58,6;84,4;296;255255000
vpja58;20;874;1070;-456,8;113,9;196;255
vpja58;20;1108;1313;-512,3;93,1;205;255
vpja58;20;1392;1481;-88,6;-96,4;89;2,55e+08
vpja58;20;1510;1703;-92,7;-166,3;193;255000
vpja58;20;1772;2006;-46,5;77,6999999999999;234;255255000
vpja58;20;2029;2271;-63,1;42,8;242;255255000
vpja58;20;2342;2551;-356,8;104,7;209;255
vpja58;20;2610;2780;-474,8;78,3;170;255
vpja58;20;2857;3106;-40,4;33,9;249;255255000
vpja58;20;3140;3475;-40,7;68,1;335;255255000
vpja58;20;3528;3938;-101,8;-168,8;410;0
vpja58;20;3958;4158;-101,3;-188;200;255000
vpja58;20;4224;4493;-49,6;50,8;269;255255000
vpja58;20;4514;4830;-44,6;63,8;316;255255000
vpja58;20;4861;5017;-30,3;145,2;156;255255000
vpja58;20;5085;5275;-465,1;74,3;190;255
vpja58;20;5313;5508;-521,1;71;195;255
vpja58;20;5546;5755;-442;78,8;209;255
vpja58;20;5789;5932;-465,8;80,1999999999999;143;255
vpja58;20;5968;6189;-516,2;74,5;221;255
vpja58;20;6227;6559;-447,7;81,1999999999999;332;255
vpja58;20;6599;6877;-505,1;77,5;278;255
vpja58;20;6903;7052;-513,5;84,3;149;255
vpja58;20;7091;7345;-440,4;89,3;254;255
vpja58;20;7381;7645;-496,6;81,6999999999999;264;255
vpja58;20;7681;7773;-434,1;96,8;92;255
vpja58;20;7834;7914;-109,5;-135,4;80;0
vpja58;20;7950;8303;-78,7;-172;353;255000
vpja58;20;8380;8616;397,3;-25,6;236;0
vpja58;20;8683;8757;21,8;143,4;74;0
vpja58;20;8792;9175;-40,4;86,6;383;255255000
vpja58;20;9427;9526;-478,5;100,1;99;255
vpja58;20;9558;9812;-519,7;80,1;254;255
vpja58;20;9847;10000;-452,6;84;153;255
vpja58;21;274;394;-62;-1,19999999999993;120;255
vpja58;21;439;540;-26,8;-236,7;101;2,55e+08
vpja58;21;563;792;-38,3;-266,1;229;0
vpja58;21;855;1061;-88;22,3000000000001;206;255
vpja58;21;1077;1259;-82,9;-3,19999999999993;182;255
vpja58;21;1307;1517;-229,6;-15,4;210;255255000
vpja58;21;1547;2402;-65,9;-14,5;855;255
vpja58;21;2462;2635;-217,3;-37,5;173;255255000
vpja58;21;2655;2910;-236,8;-57;255;255255000
vpja58;21;2928;3240;-237;-72,9;312;255255000
vpja58;21;3279;3456;-106,8;-15;177;255
vpja58;21;3485;3668;-129,6;-51;183;0
vpja58;21;3705;3867;-221,7;-71,5;162;255255000
vpja58;21;3896;4063;-234,6;-88,2;167;255255000
vpja58;21;4115;4288;-152,3;-207,8;173;0
vpja58;21;4316;4611;-33,5999999999999;-284,1;295;255000
vpja58;21;4631;4750;-18,5999999999999;-274,7;119;255000
vpja58;21;4815;5020;-62,0999999999999;-20,5;205;255
vpja58;21;5063;5396;-162,9;-31,3;333;0
vpja58;21;5422;5700;-221,6;-52,9;278;255255000
vpja58;21;5722;5932;-234,2;-64,1;210;255255000
vpja58;21;5976;6350;-143,7;-175,9;374;0
vpja58;21;6397;6570;-124,5;-83,8;173;0
vpja58;21;6617;7089;-211,3;-51,9;472;255255000
vpja58;21;7314;7410;-107,4;-4,39999999999998;96;2,55e+08
vpja58;21;7469;7555;-4,39999999999998;-227,2;86;2,55e+08
vpja58;21;7580;7737;-22,1999999999999;-262,2;157;255000
vpja58;21;7806;8069;-113,2;-9,29999999999995;263;255
vpja58;21;8109;8332;-19,6999999999999;-99,1;223;2,55e+08
vpja58;21;8367;8486;-80,6999999999999;-17,9;119;255
vpja58;21;8558;8703;397,7;-13,6;145;0
vpja58;21;8735;8946;438,5;-12,3;211;0
vpja58;21;8966;9090;424,2;-26,6999999999999;124;0
vpja58;21;9124;9275;293,2;-22,1999999999999;151;0
vpja58;21;9324;9488;332;-177,6;164;0
vpja58;21;9544;9756;509,5;-73,6999999999999;212;0
vpja58;21;9781;10000;564,3;-33,4;219;0
vpja58;22;211;371;-115,3;-133,3;160;2,55e+08
vpja58;22;429;586;-280,6;111,7;157;255255000
vpja58;22;647;928;100,9;96,6;281;255
vpja58;22;950;1194;92,3;100,8;244;255
vpja58;22;1213;1448;81,5999999999999;79,3000000000001;235;255
vpja58;22;1468;2180;105,9;87,1;712;255
vpja58;22;2246;2469;-266,1;115,7;223;255255000
vpja58;22;2533;2628;-207,3;-73,1999999999999;95;2,55e+08
vpja58;22;2657;2949;-98,3000000000001;-171,6;292;255000
vpja58;22;2956;3404;-98;-191,5;448;255000
vpja58;22;3466;3617;-283,6;94,8000000000001;151;0
vpja58;22;3705;3940;348,3;-34,1999999999999;235;0
vpja58;22;3963;4156;363,6;-76,5;193;0
vpja58;22;4216;4458;605,7;-205,7;242;0
vpja58;22;4481;4740;602,2;-251,2;259;0
vpja58;22;4999;5078;-70,6;118,8;79;0
vpja58;22;5116;5323;82,0999999999999;63,3000000000001;207;0
vpja58;22;5378;5526;-115,3;-154,7;148;255000
vpja58;22;5551;5767;-99,8000000000001;-179,5;216;255000
vpja58;22;5785;5914;-107,6;-189,8;129;255000
vpja58;22;5986;6286;-293,3;103,6;300;0
vpja58;22;6320;6441;-257,7;114,2;121;255255000
vpja58;22;6501;6785;79,0999999999999;77,6;284;255
vpja58;22;6807;7193;98;99,7;386;255
vpja58;22;7215;7987;84;92,2;772;255
vpja58;22;7999;8783;91,5999999999999;63,5;784;255
vpja58;22;8803;9000;97,8999999999999;84,7;197;255
vpja58;22;9020;9468;97,7;57,1;448;0
vpja58;22;9494;9895;77,2;77,1;401;255
vpja58;22;9947;10000;-71,7;-154,9;53;255000
vpja58;23;200;304;131,7;-130,6;104;255000
vpja58;23;330;485;142,1;-155,3;155;255000
vpja58;23;563;882;300,5;260,9;319;255
vpja58;23;923;1074;212,9;148,2;151;255
vpja58;23;1134;1283;118,6;-187,1;149;255000
vpja58;23;1315;1614;154,4;-157,1;299;255000
vpja58;23;1649;1976;129;-57,5;327;2,55e+08
vpja58;23;2004;2172;173,8;-145,1;168;2,55e+08
vpja58;23;2267;2455;-424,7;143,8;188;255255000
vpja58;23;2482;2688;-423,6;114,4;206;255255000
vpja58;23;2926;3388;-395,3;130,3;462;255255000
vpja58;23;3426;3590;-456,7;112,1;164;255255000
vpja58;23;3643;3924;-394,9;-26,6;281;0
vpja58;23;3981;4173;-170,2;-83;192;0
vpja58;23;4219;4561;-408,4;117,2;342;255255000
vpja58;23;4585;4887;-390;138,9;302;255255000
vpja58;23;4909;5202;-393,2;135,1;293;255255000
vpja58;23;5482;5614;185,1;212,2;132;255
vpja58;23;5679;5767;179,3;-138,5;88;2,55e+08
vpja58;23;5792;6015;161,7;-159;223;255000
vpja58;23;6029;6246;172,4;-153,3;217;0
vpja58;23;6317;6563;191,1;176;246;255
vpja58;23;6598;6762;244,6;188,1;164;255
vpja58;23;6825;6968;181,4;-209,5;143;255000
vpja58;23;6992;7354;179;-175,2;362;255000
vpja58;23;7423;7661;182,1;123,8;238;255
vpja58;23;7687;7904;234,1;178,6;217;255
vpja58;23;7981;8198;-375,4;110,1;217;255255000
vpja58;23;8284;8455;166,2;44,0999999999999;171;2,55e+08
vpja58;23;8498;8614;184,9;149,3;116;255
vpja58;23;8674;8830;168,4;-206,8;156;255000
vpja58;23;8853;8971;175,2;-181,5;118;255000
vpja58;23;9031;9191;451,8;-370,3;160;0
vpja58;23;9224;9493;387,6;-392,9;269;0
vpja58;23;9510;9647;381,5;-370,2;137;0
vpja58;23;9725;9859;-107,4;-300,7;134;0
vpja58;23;9884;10000;-141,4;-351;116;0
vpja58;24;247;400;-345,059574468085;-83,5787234042552;153;2,55e+08
vpja58;24;458;654;-342,959574468085;130,521276595745;196;255
vpja58;24;662;899;-344,859574468085;116,921276595745;237;255
vpja58;24;939;1405;-389,259574468085;-108,978723404255;466;0
vpja58;24;1476;1710;-7,15957446808511;-12,4787234042552;234;0
vpja58;24;1750;2034;-33,6595744680851;-207,878723404255;284;0
vpja58;24;2087;2475;-190,259574468085;-244,178723404255;388;0
vpja58;24;2544;2692;27,3404255319149;78,0212765957448;148;255255000
vpja58;24;2722;2938;5,04042553191493;-11,1787234042553;216;255255000
vpja58;24;3008;3219;-289,459574468085;77,1212765957447;211;255
vpja58;24;3279;3447;-338,759574468085;-136,878723404255;168;255000
vpja58;24;3472;3660;-360,559574468085;-126,978723404255;188;255000
vpja58;24;3695;3883;-351,559574468085;-175,278723404255;188;255000
vpja58;24;3938;4187;-141,359574468085;-250,178723404255;249;0
vpja58;24;4224;4352;-13,1595744680851;-265,178723404255;128;0
vpja58;24;4377;4535;-8,25957446808513;-230,778723404255;158;0
vpja58;24;4602;4788;-11,3595744680852;9,42127659574476;186;0
vpja58;24;4848;5171;-295,559574468085;101,521276595745;323;255
vpja58;24;5219;5361;-145,759574468085;142,421276595745;142;0
vpja58;24;5394;5590;-180,359574468085;114,721276595745;196;255
vpja58;24;5636;5817;-307,859574468085;78,6212765957447;181;255
vpja58;24;5866;6246;-364,059574468085;-118,378723404255;380;255000
vpja58;24;6300;6563;-338,859574468085;102,721276595745;263;255
vpja58;24;6595;6959;-253,959574468085;85,2212765957447;364;255
vpja58;24;7089;7124;75,8404255319149;325,121276595745;35;0
vpja58;24;7228;7419;15,9404255319149;-0,97872340425522;191;255255000
vpja58;24;7448;9034;8,74042553191487;-8,67872340425527;1586;255255000
vpja58;24;9061;9548;4,04042553191493;-34,6787234042553;487;255255000
vpja58;24;9611;10000;-326,059574468085;-138,978723404255;389;255000
vpja58;25;396;461;-41,2;-315,6;65;255000
vpja58;25;483;733;-51,2;-341,4;250;255000
vpja58;25;837;1056;364,2;362,6;219;0
vpja58;25;1149;1333;-454,6;351,4;184;0
vpja58;25;1372;1545;-506,9;401;173;255
vpja58;25;1578;1850;-518,2;430,3;272;255
vpja58;25;1885;2083;-447,7;291,7;198;255
vpja58;25;2117;2336;-485,9;428,6;219;0
vpja58;25;2440;2705;363,6;325,5;265;255255000
vpja58;25;2768;2866;22,5999999999999;265,4;98;0
vpja58;25;2948;3102;-485,3;392,1;154;0
vpja58;25;3140;3511;-529;434,9;371;255
vpja58;25;3608;3747;366,6;292,5;139;255255000
vpja58;25;3803;4035;552,8;368,3;232;255255000
vpja58;25;4300;4332;490,6;504,2;32;NA
vpja58;25;4394;4683;236,8;255;289;255255000
vpja58;25;4702;4833;220,3;217,3;131;255255000
vpja58;25;4903;5017;-13,3000000000001;-101,3;114;2,55e+08
vpja58;25;5072;5309;-30,3000000000001;-338,8;237;255000
vpja58;25;5333;5579;-40;-336,7;246;255000
vpja58;25;5691;6109;-498,3;417,2;418;0
vpja58;25;6369;6391;-207,1;518,9;22;NA
vpja58;25;6483;6514;-22,6;227,9;31;0
vpja58;25;6523;6594;-40,1;131,7;71;2,55e+08
vpja58;25;6661;6808;-202,3;-277;147;0
vpja58;25;6854;7078;-350,2;-278,8;224;0
vpja58;25;7134;7216;-231,6;-342,8;82;0
vpja58;25;7274;7744;-33,8000000000001;-335,6;470;255000
vpja58;25;7769;8185;-49,2;-368,5;416;255000
vpja58;25;8204;8592;-27,2;-395,1;388;255000
vpja58;25;8649;8964;-226;-342,9;315;0
vpja58;25;8992;9231;-315,5;-278,8;239;0
vpja58;25;9394;9573;-472,7;-248,7;179;0
vpja58;25;9644;9747;-130,3;-309,7;103;0
vpja58;25;9784;10000;-36,8000000000001;-348;216;255000
vpja58;26;359;401;60,9;-228,2;42;2,55e+08
vpja58;26;425;496;62;-284,1;71;255000
vpja58;26;637;930;51,4;-304;293;255000
vpja58;26;1005;1130;288,9;84;125;255255000
vpja58;26;1155;1389;307,1;123,7;234;255255000
vpja58;26;1446;1565;41,2;69,9000000000001;119;0
vpja58;26;1624;1816;287,3;117;192;255255000
vpja58;26;1847;2020;311,7;102,1;173;255255000
vpja58;26;2060;2318;424,4;26;258;255255000
vpja58;26;2336;2458;446,5;27,3000000000001;122;255255000
vpja58;26;2509;2633;290,8;119,9;124;255255000
vpja58;26;2698;2960;-127,4;44,5;262;255
vpja58;26;3209;3246;-100;35,8000000000001;37;255
vpja58;26;3308;3562;269,3;97,7;254;255255000
vpja58;26;3596;3786;350,7;90,7;190;255255000
vpja58;26;3820;3954;308,9;109;134;255255000
vpja58;26;4028;4866;-116,7;9,30000000000007;838;255
vpja58;26;4944;5143;313,7;104,9;199;255255000
vpja58;26;5158;5314;321,3;94,5;156;255255000
vpja58;26;5353;5454;451,8;23,9000000000001;101;255255000
vpja58;26;5699;5954;444,4;-3,59999999999991;255;0
vpja58;26;6004;6212;296,3;117,5;208;255255000
vpja58;26;6264;6403;195,7;38,3000000000001;139;0
vpja58;26;6453;6668;271,5;140,8;215;255255000
vpja58;26;6692;7128;303,3;100,8;436;255255000
vpja58;26;7159;7371;422;13,7;212;255255000
vpja58;26;7393;7546;438,4;-8,79999999999995;153;0
vpja58;26;7598;7817;276,6;97,4000000000001;219;255255000
vpja58;26;7848;8030;260,6;114,8;182;255255000
vpja58;26;8057;8267;327,1;62;210;0
vpja58;26;8294;8515;397,1;16,9000000000001;221;255255000
vpja58;26;8541;8757;441,2;0,800000000000068;216;0
vpja58;26;8813;8933;49,1;-281,7;120;2,55e+08
vpja58;26;8966;9236;52,7;-307,7;270;255000
vpja58;26;9318;9605;-181,9;37,2;287;255
vpja58;26;9662;9776;-377,5;17;114;0
vpja58;26;9833;10000;-179,2;49,2;167;255
