vp;trial;timest;timeend;x;y;duration;roi
vpja11;1;288;366;-17,3120689655173;-173,605172413793;78;2,55e+08
vpja11;1;394;581;-42,2120689655172;-230,005172413793;187;255000
vpja11;1;589;868;-49,6120689655172;-231,805172413793;279;0
vpja11;1;876;1132;-43,5120689655172;-238,105172413793;256;255000
vpja11;1;1213;1339;-210,912068965517;62,9948275862068;126;0
vpja11;1;1363;1558;-210,012068965517;76,7948275862069;195;255
vpja11;1;1591;1863;-216,012068965517;93,8948275862069;272;255
vpja11;1;1917;2032;-232,812068965517;-28,0051724137932;115;0
vpja11;1;2059;2217;-245,512068965517;-63,7051724137931;158;0
vpja11;1;2298;2496;211,787931034483;114,694827586207;198;255255000
vpja11;1;2533;2703;242,487931034483;178,394827586207;170;255255000
vpja11;1;2724;2852;257,887931034483;199,994827586207;128;255255000
vpja11;1;2931;3089;-172,912068965517;124,294827586207;158;255
vpja11;1;3112;3306;-209,712068965517;131,294827586207;194;255
vpja11;1;3319;3440;-222,712068965517;146,094827586207;121;255
vpja11;1;3452;3713;-217,012068965517;154,994827586207;261;255
vpja11;1;3771;3895;-251,712068965517;-26,6051724137931;124;0
vpja11;1;3929;4088;-256,012068965517;-51,4051724137931;159;0
vpja11;1;4145;4293;-435,212068965517;-92,0051724137931;148;0
vpja11;1;4321;4408;-456,012068965517;-146,205172413793;87;0
vpja11;1;4489;4663;-14,4120689655172;-287,105172413793;174;255000
vpja11;1;4705;4860;-21,2120689655172;-360,305172413793;155;255000
vpja11;1;4904;5041;-19,1120689655172;-268,605172413793;137;255000
vpja11;1;5058;5148;-23,8120689655173;-249,905172413793;90;255000
vpja11;1;5236;5404;394,187931034483;21,8948275862069;168;0
vpja11;1;5452;5616;377,787931034483;154,594827586207;164;255255000
vpja11;1;5653;5837;398,487931034483;370,194827586207;184;0
vpja11;1;5926;6018;-149,912068965517;338,194827586207;92;0
vpja11;1;6067;6178;-328,412068965517;321,694827586207;111;0
vpja11;1;6243;6430;-310,412068965517;122,394827586207;187;0
vpja11;1;6483;6581;-447,412068965517;178,794827586207;98;0
vpja11;1;6622;6959;-631,612068965517;227,694827586207;337;0
vpja11;1;7057;7324;-52,4120689655172;-237,205172413793;267;0
vpja11;1;7484;7599;257,087931034483;72,5948275862069;115;0
vpja11;1;7617;7817;234,687931034483;-4,00517241379316;200;0
vpja11;1;7872;8049;335,087931034483;176,894827586207;177;255255000
vpja11;1;8091;8252;405,987931034483;205,994827586207;161;255255000
vpja11;1;8462;8610;-16,0120689655172;-223,705172413793;148;255000
vpja11;1;8803;9437;-40,4120689655172;-238,005172413793;634;255000
vpja11;1;9460;9733;-34,6120689655172;-221,305172413793;273;255000
vpja11;1;9758;10000;-35,2120689655172;-244,505172413793;242;255000
vpja11;2;128;239;-2,19999999999993;19,1999999999999;111;2,55e+08
vpja11;2;296;411;4,90000000000009;-194,4;115;255000
vpja11;2;449;924;-22;-232,2;475;255000
vpja11;2;995;1089;-287,9;93,3;94;0
vpja11;2;1128;1360;-301,6;147,6;232;255
vpja11;2;1385;1533;-321,9;149,6;148;255
vpja11;2;1621;1771;265,9;253,6;150;0
vpja11;2;1805;2366;298,3;230,8;561;0
vpja11;2;2384;2537;304;243,1;153;255255000
vpja11;2;2628;2714;-223,4;219,9;86;0
vpja11;2;2742;2981;-297,9;203,1;239;0
vpja11;2;3031;3174;-421,2;328,7;143;0
vpja11;2;3206;3346;-473,7;389;140;0
vpja11;2;3425;3556;-495,9;-54;131;0
vpja11;2;3631;3767;-502,7;-388,3;136;0
vpja11;2;3802;3998;-521,1;-419,7;196;0
vpja11;2;4074;4329;-74,5;-424,3;255;0
vpja11;2;4349;4676;-96,1999999999999;-407,6;327;0
vpja11;2;4731;5195;-23;-243,6;464;255000
vpja11;2;5287;5398;471,7;12,8;111;0
vpja11;2;5450;5575;560,8;193,7;125;0
vpja11;2;5605;5772;544,6;293,3;167;0
vpja11;2;5799;5994;581,8;249,1;195;0
vpja11;2;6016;6228;591,2;198,6;212;0
vpja11;2;6311;6600;442,7;-275,2;289;0
vpja11;2;6643;6779;286,3;-273,1;136;0
vpja11;2;6815;6957;187,6;-357,1;142;0
vpja11;2;6979;7065;149,1;-354,8;86;0
vpja11;2;7123;7351;231,8;-122,1;228;0
vpja11;2;7434;8149;303,9;311,8;715;0
vpja11;2;8212;8620;86;244,9;408;0
vpja11;2;8691;9039;-284,8;248,4;348;0
vpja11;2;9095;9333;-90,5999999999999;173,5;238;0
vpja11;2;9384;9420;-155,1;28,4;36;0
vpja11;2;9475;9613;-344,4;68,6;138;0
vpja11;2;9636;9737;-323,7;137,8;101;0
vpja11;2;9776;10000;-484,9;9,10000000000002;224;0
vpja11;3;208;316;-26,1008014656167;11,5282611959591;108;0
vpja11;3;388;468;-239,900801465617;-187,471738804041;80;255000
vpja11;3;514;938;-331,700801465617;-242,571738804041;424;255000
vpja11;3;1019;1128;101,699198534383;163,328261195959;109;255255000
vpja11;3;1167;1385;163,899198534383;263,028261195959;218;255255000
vpja11;3;1474;1683;-399,600801465617;343,028261195959;209;255
vpja11;3;1696;2138;-414,000801465617;331,728261195959;442;255
vpja11;3;2218;2333;61,0991985343833;349,528261195959;115;0
vpja11;3;2371;2538;151,899198534383;314,928261195959;167;255255000
vpja11;3;2607;2840;346,999198534383;125,728261195959;233;0
vpja11;3;2902;3112;485,899198534383;-1,77173880404098;210;0
vpja11;3;3142;3806;491,999198534383;-113,571738804041;664;0
vpja11;3;3869;4089;192,399198534383;-236,971738804041;220;0
vpja11;3;4139;4211;65,3991985343835;-226,871738804041;72;0
vpja11;3;4289;4517;-322,800801465617;-273,371738804041;228;255000
vpja11;3;4577;5410;-548,600801465617;-247,571738804041;833;0
vpja11;3;5508;5594;142,299198534383;-120,271738804041;86;0
vpja11;3;5649;5839;323,399198534383;-43,5717388040409;190;0
vpja11;3;5899;6041;475,999198534383;-119,971738804041;142;0
vpja11;3;6071;6159;500,899198534383;-121,171738804041;88;0
vpja11;3;6852;7103;130,099198534383;311,528261195959;251;0
vpja11;3;7140;7173;140,199198534383;394,128261195959;33;0
vpja11;3;7470;7547;226,299198534383;551,628261195959;77;NA
vpja11;3;7995;8126;130,399198534383;285,128261195959;131;255255000
vpja11;3;8210;8305;-313,500801465617;323,428261195959;95;0
vpja11;3;8347;8390;-399,300801465617;340,428261195959;43;255
vpja11;3;8849;9159;-338,800801465617;-257,071738804041;310;255000
vpja11;3;9409;9420;-410,900801465617;258,728261195959;11;255
vpja11;3;9676;9717;-484,600801465617;451,828261195959;41;0
vpja11;3;9969;10000;-292,100801465617;-312,771738804041;31;255000
vpja11;4;283;360;-296,3;-75,7;77;0
vpja11;4;405;856;-451,1;-76,7;451;255000
vpja11;4;905;1185;-265,9;97,3;280;255255000
vpja11;4;1242;1497;-6,20000000000005;72,6999999999999;255;255
vpja11;4;1562;1777;-94,7;-189;215;0
vpja11;4;1803;2005;-167,2;-218,6;202;0
vpja11;4;2065;2331;43,9;-364,9;266;0
vpja11;4;2369;2545;123,2;-373,9;176;0
vpja11;4;2571;2675;150,4;-366,1;104;0
vpja11;4;2743;2939;446,3;-219,1;196;0
vpja11;4;2989;3132;516,5;-117,8;143;0
vpja11;4;3162;3309;424,6;-105,8;147;0
vpja11;4;3374;3660;577,8;142;286;0
vpja11;4;3713;3924;407,2;262,5;211;0
vpja11;4;3980;4052;144,2;244,7;72;0
vpja11;4;4144;4285;-502,3;355,3;141;0
vpja11;4;4321;4648;-560;407,7;327;0
vpja11;4;4714;4908;-522,9;194,3;194;2,55e+08
vpja11;4;4970;5094;-472;-107,4;124;255000
vpja11;4;5131;5254;-437,8;-115,5;123;255000
vpja11;4;5321;5682;-194,7;-212,3;361;0
vpja11;4;5742;5913;-24;-363,9;171;0
vpja11;4;5968;6058;-192,3;-409,7;90;0
vpja11;4;6114;6309;53,7;-365,2;195;0
vpja11;4;6392;6587;473,7;-198,3;195;0
vpja11;4;6619;6764;532,7;-112;145;0
vpja11;4;6807;7109;417,8;-106,3;302;0
vpja11;4;7170;7355;559,8;68,3;185;0
vpja11;4;7424;7535;107,3;104,5;111;255
vpja11;4;7564;7793;15,3;83,8;229;255
vpja11;4;7820;7963;100,4;120,2;143;255
vpja11;4;8015;8142;-191,7;-8,30000000000007;127;0
vpja11;4;8170;8319;-283,3;27,9;149;255255000
vpja11;4;8378;8609;-190,6;-175,2;231;0
vpja11;4;8632;8848;-206;-204;216;0
vpja11;4;8916;9034;-495,6;-113,7;118;255000
vpja11;4;9070;9204;-454;-106,3;134;255000
vpja11;4;9214;10000;-441,7;-97,2;786;255000
vpja11;5;192;273;-65,5;-97,7;81;2,55e+08
vpja11;5;311;441;-102,5;-149,6;130;2,55e+08
vpja11;5;460;770;-124,2;-151,9;310;255000
vpja11;5;822;1057;-445,1;-48,7;235;255
vpja11;5;1105;1239;-512,9;19,8;134;255
vpja11;5;1284;1462;-441,2;125,8;178;0
vpja11;5;1493;1592;-412,1;125,4;99;0
vpja11;5;1654;1860;-487,2;311;206;0
vpja11;5;1892;2161;-458,9;358,2;269;0
vpja11;5;2234;2347;-18,6;379,9;113;0
vpja11;5;2419;2665;459,8;448,2;246;0
vpja11;5;2690;3016;381,9;429,9;326;0
vpja11;5;3403;3413;127,2;-140,5;10;0
vpja11;5;3576;3842;45,1999999999999;-354,8;266;0
vpja11;5;3913;4021;361,5;-388,4;108;0
vpja11;5;4044;4309;385,2;-378,8;265;0
vpja11;5;4388;4616;306,2;-16,8000000000001;228;0
vpja11;5;4676;4864;410;222,4;188;0
vpja11;5;4901;5229;472,6;343,2;328;255255000
vpja11;5;5305;5382;27,6999999999999;328,4;77;0
vpja11;5;5466;5816;-419,8;250,3;350;0
vpja11;5;5842;6031;-468,6;280,8;189;0
vpja11;5;6062;6245;-434,1;283;183;0
vpja11;5;6266;6454;-422,5;333,9;188;0
vpja11;5;6476;6658;-410;389,9;182;0
vpja11;5;6682;6933;-414;430;251;0
vpja11;5;7001;7226;-427,3;105;225;0
vpja11;5;7248;7399;-416,2;94;151;0
vpja11;5;7452;7629;-437;-66,2;177;255
vpja11;5;7682;7883;-454;63,8;201;255
vpja11;5;7947;8100;-303,4;-177,5;153;0
vpja11;5;8123;8435;-330,7;-175,2;312;0
vpja11;5;8489;8662;-115;-165,5;173;255000
vpja11;5;8677;9221;-129,8;-155;544;255000
vpja11;5;9275;9364;-51,4;-30,1;89;2,55e+08
vpja11;5;9409;9633;-88;54;224;2,55e+08
vpja11;5;9694;9920;71,9;7;226;0
vpja11;5;9942;10000;41,8;-24,1;58;0
vpja11;6;575;771;-26,4000000000001;-68,1;196;2,55e+08
vpja11;6;792;1108;-32,3000000000001;-95,3000000000001;316;0
vpja11;6;1184;1296;-89,5;179,6;112;2,55e+08
vpja11;6;1330;1512;-67,7;247,9;182;255
vpja11;6;1597;1695;-492,8;251,6;98;0
vpja11;6;1723;1888;-552,5;209,8;165;255255000
vpja11;6;1938;2128;-404,5;81,8;190;0
vpja11;6;2206;2313;-352,3;-152,8;107;0
vpja11;6;2370;2731;-536;-235,7;361;0
vpja11;6;2755;2940;-574;-235,3;185;0
vpja11;6;3018;3333;-152,6;-312,1;315;0
vpja11;6;3411;3495;214;-222,5;84;0
vpja11;6;3537;3874;298,2;-214,6;337;0
vpja11;6;3947;4107;397,6;187,3;160;0
vpja11;6;4149;4400;498;360,5;251;0
vpja11;6;4424;4629;481,2;403,4;205;0
vpja11;6;4697;4818;7,39999999999998;321,9;121;0
vpja11;6;4849;4969;-55;241,5;120;255
vpja11;6;5043;5273;-6,5;-140,6;230;255000
vpja11;6;5308;5625;-13,6;-112;317;255000
vpja11;6;5686;5812;-38,8000000000001;186,6;126;2,55e+08
vpja11;6;5844;6212;-86,6;281,4;368;255
vpja11;6;6261;6372;-15,2;498,2;111;NA
vpja11;6;6433;6592;270,2;575,6;159;NA
vpja11;6;6649;6799;490,6;567,3;150;NA
vpja11;6;6836;7123;562,9;543,8;287;NA
vpja11;6;7143;7194;569,3;514,5;51;NA
vpja11;6;7543;7636;0,899999999999977;-152,2;93;255000
vpja11;6;7894;8118;-18,7;-126,7;224;255000
vpja11;6;8134;8606;-29,3000000000001;-110,4;472;255000
vpja11;6;8637;8904;45;-176,8;267;255000
vpja11;6;9097;9214;25,6999999999999;-130,7;117;255000
vpja11;6;9238;9435;-6,80000000000007;-114,4;197;255000
vpja11;6;9454;10000;-32,5;-115,7;546;255000
vpja11;7;199;294;-39,6;-120,3;95;2,55e+08
vpja11;7;350;558;-126,2;-296,6;208;255000
vpja11;7;571;978;-153,9;-288,7;407;255000
vpja11;7;1044;1244;-148,4;-12,2;200;2,55e+08
vpja11;7;1295;1466;-109,5;111,6;171;2,55e+08
vpja11;7;1542;1685;-418,7;268,4;143;0
vpja11;7;1725;1915;-474,4;327,3;190;255
vpja11;7;1933;2168;-468,8;383,8;235;255
vpja11;7;2267;2438;247,8;409,5;171;0
vpja11;7;2463;2695;240,6;382,9;232;0
vpja11;7;2764;3267;357,3;91,9;503;0
vpja11;7;3305;3510;221,1;61,6999999999999;205;0
vpja11;7;3524;3678;206,7;57,5;154;2,55e+08
vpja11;7;3709;3943;349,1;89,4;234;0
vpja11;7;3969;4150;438,1;110,7;181;0
vpja11;7;4185;4320;500,3;95,4;135;0
vpja11;7;4343;4492;513,5;32,9;149;0
vpja11;7;4564;4873;416,3;-303,6;309;0
vpja11;7;4894;5120;425,5;-294;226;0
vpja11;7;5137;5401;440;-288,3;264;0
vpja11;7;5432;6243;369,7;-391;811;0
vpja11;7;6311;6608;244,8;-86,9;297;0
vpja11;7;6639;6820;234,7;-17,3000000000001;181;0
vpja11;7;6837;7278;244,3;-3,70000000000005;441;0
vpja11;7;7334;7445;350,1;158,5;111;0
vpja11;7;7497;7654;436,1;310,2;157;0
vpja11;7;7707;7832;242,2;343;125;0
vpja11;7;7927;8124;-409,8;142,3;197;0
vpja11;7;8171;8290;-478,4;-46,2;119;0
vpja11;7;8343;8498;-365;-191,5;155;0
vpja11;7;8542;8717;-435,7;-228;175;0
vpja11;7;8757;9046;-365,3;-213,9;289;0
vpja11;7;9106;9237;-193;-94,1;131;2,55e+08
vpja11;7;9303;9472;16,8;17,4;169;2,55e+08
vpja11;7;9510;9653;53,9999999999999;90,8;143;2,55e+08
vpja11;7;9678;9787;13,6;84,8;109;2,55e+08
vpja11;7;9867;10000;-114,6;-314,7;133;255000
vpja11;8;180;282;-30,5;-143,3;102;255000
vpja11;8;306;1098;-74,5;-137,8;792;0
vpja11;8;1109;1340;-80,2;-146,6;231;0
vpja11;8;1360;1515;-87,1;-129,8;155;0
vpja11;8;1592;1769;-345,8;127,1;177;255
vpja11;8;1791;1903;-327,2;154;112;255
vpja11;8;1936;2111;-347,8;169,6;175;255
vpja11;8;2137;2261;-359,6;108,7;124;255
vpja11;8;2314;2573;-497,6;88,7;259;0
vpja11;8;2625;2834;-413,9;-6,39999999999998;209;0
vpja11;8;2860;3002;-393,9;-23,5;142;0
vpja11;8;3026;3350;-390,4;10;324;0
vpja11;8;3372;3498;-377,8;11,4;126;0
vpja11;8;3561;3719;-426;-247,9;158;0
vpja11;8;3754;4016;-425,6;-324,3;262;0
vpja11;8;4088;4438;-78,6;-143,4;350;0
vpja11;8;4523;4614;297,8;205,6;91;255255000
vpja11;8;4640;4905;308;252,7;265;255255000
vpja11;8;4929;5242;325;295,2;313;0
vpja11;8;5254;5453;305,2;289,2;199;0
vpja11;8;5542;5757;-297,7;236,7;215;255
vpja11;8;5792;6235;-253,4;245,2;443;255
vpja11;8;6313;6432;258,5;365,2;119;0
vpja11;8;6507;6661;456,8;123,5;154;0
vpja11;8;6692;6924;481;-81;232;0
vpja11;8;6971;7112;337,6;-91,6;141;0
vpja11;8;7137;7226;299,1;-73;89;0
vpja11;8;7278;7970;452,9;-127,9;692;0
vpja11;8;7981;8135;441,5;-142,6;154;0
vpja11;8;8154;8325;454,9;-140,2;171;0
vpja11;8;8354;8587;459,1;-262,3;233;0
vpja11;8;8627;8844;321,7;-303,5;217;0
vpja11;8;8878;8969;275,6;-273;91;0
vpja11;8;9032;9186;289,7;-39,7;154;0
vpja11;8;9263;9618;-75,1;-166,9;355;255000
vpja11;8;9638;9984;-64,4000000000001;-145,3;346;255000
vpja11;9;151;302;69,8;-105,2;151;0
vpja11;9;333;660;93,6000000000001;-108,8;327;255000
vpja11;9;722;842;-164;144,8;120;0
vpja11;9;874;990;-197,7;200,3;116;255
vpja11;9;1007;1245;-187,6;235,9;238;255
vpja11;9;1338;1529;387,2;422,6;191;255255000
vpja11;9;1553;1717;448,6;456,5;164;255255000
vpja11;9;1727;1830;440,7;457,8;103;255255000
vpja11;9;1858;2120;403,1;348,7;262;255255000
vpja11;9;2128;2273;385,8;308,5;145;255255000
vpja11;9;2341;2591;-4,39999999999998;153,7;250;2,55e+08
vpja11;9;2652;2824;-228,6;56,3;172;0
vpja11;9;2877;2983;-393,1;71,6999999999999;106;0
vpja11;9;3034;3254;-552,2;81,1;220;0
vpja11;9;3286;3458;-513,3;-32,6;172;0
vpja11;9;3512;3727;-379,1;-137,9;215;0
vpja11;9;3763;3931;-338,4;-110,7;168;0
vpja11;9;3994;4303;-243,4;-248,5;309;0
vpja11;9;4330;4650;-186,1;-270,9;320;0
vpja11;9;4701;4861;-161,4;-380,7;160;0
vpja11;9;4916;5142;-331,5;-415,1;226;0
vpja11;9;5211;5624;6,80000000000007;-266,7;413;0
vpja11;9;5670;5693;110,7;-168,1;23;255000
vpja11;9;5746;5786;83;62,9;40;2,55e+08
vpja11;9;6003;6027;74,3;73,1;24;2,55e+08
vpja11;9;6268;6546;101,7;-110,2;278;255000
vpja11;9;6746;6824;391,8;178,6;78;0
vpja11;9;6846;7132;381,4;139,3;286;0
vpja11;9;7189;7358;487,8;333,2;169;0
vpja11;9;7384;7669;421,2;370,8;285;255255000
vpja11;9;7689;7911;373,5;374,2;222;255255000
vpja11;9;7936;8089;402,5;421,4;153;255255000
vpja11;9;8098;8612;416,4;469,6;514;255255000
vpja11;9;8632;8685;449,9;511,9;53;NA
vpja11;9;8729;8844;585,5;543,4;115;NA
vpja11;9;8871;9164;656,5;563,4;293;NA
vpja11;9;9247;9417;430,9;317;170;0
vpja11;9;9507;9670;413,7;-194,5;163;0
vpja11;9;9703;9839;343;-258,9;136;0
vpja11;9;9901;10000;24;-274,5;99;0
vpja11;10;177;299;30,3000000000001;-19,5;122;2,55e+08
vpja11;10;325;1015;56,6;-35;690;255000
vpja11;10;1073;1321;10,9;156,2;248;2,55e+08
vpja11;10;1345;1491;22,7;188,6;146;255255000
vpja11;10;1551;1716;224,8;194,7;165;0
vpja11;10;1749;1964;249,2;170,1;215;0
vpja11;10;1973;2156;241,9;158,3;183;0
vpja11;10;2211;2379;58,4;223;168;0
vpja11;10;2405;2425;50,2;231,1;20;0
vpja11;10;2476;2680;231,6;219,3;204;0
vpja11;10;2693;2790;236,2;169,5;97;0
vpja11;10;2860;3021;329,1;-106;161;0
vpja11;10;3046;3222;273,5;-164,8;176;0
vpja11;10;3229;3369;259,8;-174;140;0
vpja11;10;3433;3614;-18,4;-209,9;181;0
vpja11;10;3647;3760;-49,6;-209,8;113;0
vpja11;10;3809;4003;-147,2;-297,3;194;0
vpja11;10;4054;4275;-54,8;-195,4;221;0
vpja11;10;4326;4469;-114;-306,5;143;0
vpja11;10;4531;4670;-362,4;-255,2;139;0
vpja11;10;4749;4868;-578,6;55;119;0
vpja11;10;4912;5109;-593,3;144,1;197;0
vpja11;10;5127;5452;-583,4;151,8;325;0
vpja11;10;5503;5670;-530,4;319,4;167;0
vpja11;10;5689;5769;-552,2;374;80;0
vpja11;10;6008;6042;100,2;594,8;34;NA
vpja11;10;6088;6396;213,4;607,9;308;NA
vpja11;10;6426;6696;340,3;612,7;270;NA
vpja11;10;6720;6760;284,5;612,9;40;NA
vpja11;10;6768;6859;294,8;602,8;91;NA
vpja11;10;6944;7112;336,2;382,5;168;0
vpja11;10;7189;7317;480,7;67;128;0
vpja11;10;7378;7677;441,2;-248,9;299;0
vpja11;10;7713;7897;261,6;-226,7;184;0
vpja11;10;8377;8443;-43,5;-122,7;66;0
vpja11;10;8484;8614;23,8000000000001;-61,8000000000001;130;255000
vpja11;10;8638;9407;49,8000000000001;-60,8000000000001;769;255000
vpja11;10;9442;9884;0;185,5;442;255255000
vpja11;10;9897;10000;5,39999999999998;206,4;103;255255000
vpja11;11;173;284;-76,5008014656166;-25,771738804041;111;2,55e+08
vpja11;11;318;850;-99,4008014656166;-120,371738804041;532;2,55e+08
vpja11;11;926;1155;-426,200801465617;-106,571738804041;229;0
vpja11;11;1185;1326;-456,900801465617;-84,171738804041;141;0
vpja11;11;1383;1525;-332,700801465617;147,628261195959;142;0
vpja11;11;1553;1699;-286,100801465617;202,328261195959;146;0
vpja11;11;1723;1883;-263,000801465617;210,028261195959;160;0
vpja11;11;1891;2095;-263,400801465617;196,228261195959;204;0
vpja11;11;2121;2381;-237,100801465617;161,828261195959;260;255255000
vpja11;11;2389;2509;-230,000801465617;149,928261195959;120;255255000
vpja11;11;2566;2742;0,299198534383322;151,228261195959;176;255
vpja11;11;3250;3373;-273,800801465617;259,628261195959;123;0
vpja11;11;3423;3636;-136,600801465617;290,528261195959;213;0
vpja11;11;3662;3802;-177,600801465617;300,428261195959;140;0
vpja11;11;3865;4055;-471,700801465617;259,728261195959;190;0
vpja11;11;4084;4282;-494,000801465617;264,828261195959;198;0
vpja11;11;4309;4497;-472,500801465617;226,428261195959;188;0
vpja11;11;4561;4766;-437,000801465617;-12,271738804041;205;0
vpja11;11;4797;5232;-461,200801465617;-130,771738804041;435;0
vpja11;11;5316;5509;-4,60080146561666;-369,871738804041;193;0
vpja11;11;5544;5790;48,7991985343833;-318,971738804041;246;0
vpja11;11;5865;5987;348,399198534383;-36,0717388040409;122;0
vpja11;11;6038;6172;409,399198534383;148,528261195959;134;0
vpja11;11;6251;6493;12,3991985343833;107,728261195959;242;255
vpja11;11;6525;6888;23,1991985343834;140,728261195959;363;255
vpja11;11;6929;7273;-35,8008014656166;294,728261195959;344;0
vpja11;11;7298;7526;-58,6008014656167;252,528261195959;228;0
vpja11;11;7592;7804;-112,000801465617;-96,5717388040409;212;2,55e+08
vpja11;11;7824;7925;-107,800801465617;-152,571738804041;101;255000
vpja11;11;7959;8978;-109,600801465617;-132,071738804041;1019;2,55e+08
vpja11;11;8999;10000;-88,9008014656166;-145,971738804041;1001;255000
vpja11;12;206;289;-132,5;-86,1;83;2,55e+08
vpja11;12;335;494;-186,3;-240,4;159;255000
vpja11;12;514;812;-235,4;-235,3;298;2,55e+08
vpja11;12;883;1013;-119;255,2;130;255
vpja11;12;1037;1156;-93,1999999999999;281,8;119;255
vpja11;12;1190;1504;-182,1;250,7;314;0
vpja11;12;1531;1809;-138,5;273,7;278;255
vpja11;12;1838;1959;-252,8;286,3;121;0
vpja11;12;1990;2184;-273,9;277,8;194;0
vpja11;12;2235;2518;-424,9;349,7;283;0
vpja11;12;2578;2822;-125,7;380,5;244;0
vpja11;12;2884;3027;-458,5;385,1;143;0
vpja11;12;3043;3221;-482,2;320,8;178;255255000
vpja11;12;3250;3390;-389,7;213,9;140;0
vpja11;12;3412;3550;-356,8;213,7;138;0
vpja11;12;3569;3622;-343,7;194,4;53;0
vpja11;12;3705;3809;-239,2;-255,2;104;255000
vpja11;12;3832;4043;-229,8;-235,6;211;255000
vpja11;12;4052;4468;-218,2;-227,7;416;255000
vpja11;12;4524;4648;-433,6;-182,4;124;0
vpja11;12;4705;5221;-623;-94,4;516;0
vpja11;12;5275;5388;-604,3;-240,7;113;0
vpja11;12;5426;5669;-581,6;-288,9;243;0
vpja11;12;5760;5884;66,4000000000001;-268,5;124;0
vpja11;12;5926;6035;144,2;-293,5;109;0
vpja11;12;6087;6144;289,5;-360,3;57;0
vpja11;12;6153;6332;285,6;-321,5;179;0
vpja11;12;6355;6940;301,2;-285,2;585;0
vpja11;12;6968;7174;303;-223,5;206;0
vpja11;12;7197;7457;269,5;-255,9;260;0
vpja11;12;7491;7933;259,3;-162,2;442;0
vpja11;12;7986;8165;73,1000000000001;-158,3;179;0
vpja11;12;8202;8419;-29,4;-225,8;217;0
vpja11;12;8453;8934;-79,8;-205,2;481;0
vpja11;12;8955;9261;-70,5999999999999;-216,1;306;0
vpja11;12;9302;9584;-19,8;-248,8;282;0
vpja11;12;9658;9771;328,2;65,1;113;0
vpja11;12;9812;10000;389,3;90,1;188;0
vpja11;13;202;292;-38,2;-125,2;90;2,55e+08
vpja11;13;335;1204;-41;-229,6;869;255000
vpja11;13;1294;1397;-407,3;155,1;103;255255000
vpja11;13;1436;1606;-409,3;186,4;170;255255000
vpja11;13;1614;1787;-410,2;179;173;255255000
vpja11;13;1824;2133;-343,3;198,3;309;255255000
vpja11;13;2228;2486;314,8;262;258;255
vpja11;13;2501;2807;302,7;234,7;306;255
vpja11;13;2827;3729;307,5;263;902;255
vpja11;13;3758;4109;314,5;285,6;351;255
vpja11;13;4127;4431;281,7;277,2;304;255
vpja11;13;4474;4696;318,5;113,5;222;0
vpja11;13;4779;5094;163,1;-300,9;315;0
vpja11;13;5152;5238;-43,7;-264,1;86;255000
vpja11;13;5264;5445;-32,6;-229,2;181;255000
vpja11;13;5454;5598;-36,7;-227,8;144;255000
vpja11;13;5681;5815;-481,9;-154,3;134;0
vpja11;13;5849;5994;-513,1;-146,6;145;0
vpja11;13;6052;6235;-527,9;62;183;0
vpja11;13;6271;6584;-513,3;144,3;313;255255000
vpja11;13;6622;6685;-399,1;171,7;63;255255000
vpja11;13;6778;6875;241,7;225,1;97;0
vpja11;13;6928;7241;442,2;171,4;313;0
vpja11;13;7275;7310;478,9;127,4;35;0
vpja11;13;7782;8132;376,3;1,39999999999998;350;0
vpja11;13;8204;8370;21,6;-36,7;166;2,55e+08
vpja11;13;8394;8835;-32,7;-45,2;441;2,55e+08
vpja11;13;9152;9249;-27;-252,7;97;255000
vpja11;13;9264;10000;-25,9;-237;736;255000
vpja11;14;169;262;-95,4;-83,5;93;255000
vpja11;14;295;1125;-130,6;-92,5;830;2,55e+08
vpja11;14;1195;1523;-453,7;130,7;328;255255000
vpja11;14;1539;1710;-429,2;139,4;171;255255000
vpja11;14;1735;1865;-456,1;139,2;130;255255000
vpja11;14;1948;2255;114,5;67,9;307;255
vpja11;14;2288;2443;165,5;61;155;255
vpja11;14;2500;2634;44,9000000000001;182,5;134;0
vpja11;14;2670;2812;-1,79999999999995;185,5;142;2,55e+08
vpja11;14;2836;2997;6,5;172,6;161;0
vpja11;14;3038;3367;-100,9;233;329;0
vpja11;14;3447;3558;185,7;132,8;111;0
vpja11;14;3595;3985;300,2;13,6;390;0
vpja11;14;4004;4436;322,4;8,39999999999998;432;0
vpja11;14;4456;5189;337,7;11;733;0
vpja11;14;5236;5333;549,1;28,1;97;0
vpja11;14;5878;5918;557,8;-13,3;40;0
vpja11;14;6134;6218;-110,7;-101,2;84;255000
vpja11;14;6249;6370;-140,2;-116,1;121;255000
vpja11;14;6393;6582;-125;-103,6;189;255000
vpja11;14;6597;6697;-133,6;-115,8;100;255000
vpja11;14;6757;6929;-103,8;-351,9;172;0
vpja11;14;6975;7084;-337;-382,5;109;0
vpja11;14;7115;7532;-442,7;-398,2;417;0
vpja11;14;7605;7841;-88;-384,8;236;0
vpja11;14;7855;8038;-74,0999999999999;-378,5;183;0
vpja11;14;8313;8359;-126,2;-130,5;46;255000
vpja11;14;8379;8584;-125,2;-92,1;205;255000
vpja11;14;8593;8880;-115,2;-87;287;2,55e+08
vpja11;14;8886;9731;-130,6;-80,2;845;2,55e+08
vpja11;14;9777;9876;-362,6;-17,4;99;0
vpja11;14;9927;10000;-488,4;19,5;73;0
vpja11;15;37;149;-6,10000000000002;10,1;112;2,55e+08
vpja11;15;205;301;17,9;-160,3;96;2,55e+08
vpja11;15;341;627;50,1;-188,9;286;255000
vpja11;15;646;1604;53,1;-196,4;958;255000
vpja11;15;1682;2031;233,9;175,6;349;0
vpja11;15;2053;2206;199,6;149,4;153;0
vpja11;15;2229;2335;153,1;131,2;106;2,55e+08
vpja11;15;2368;2565;263,7;162,9;197;255
vpja11;15;2653;2826;-267,7;175,6;173;255255000
vpja11;15;2845;3108;-289,7;169,6;263;255255000
vpja11;15;3124;3554;-310,3;174;430;255255000
vpja11;15;3580;3997;-273,4;174,4;417;255255000
vpja11;15;4018;4327;-245,2;183,2;309;255255000
vpja11;15;4341;4668;-260;167,6;327;255255000
vpja11;15;4749;4892;208;188,1;143;0
vpja11;15;4926;5161;243,6;164,2;235;255
vpja11;15;5198;5498;126,3;132,1;300;2,55e+08
vpja11;15;5550;5626;283,7;71,4;76;0
vpja11;15;5685;5829;378,6;-89,4;144;0
vpja11;15;5857;6128;376,1;-172;271;0
vpja11;15;6171;6322;228,6;-232,7;151;0
vpja11;15;6382;6505;28,3;-217,5;123;255000
vpja11;15;6536;6808;46;-206,1;272;255000
vpja11;15;6821;6986;31,3;-206,9;165;255000
vpja11;15;7002;7271;51,8000000000001;-201,1;269;255000
vpja11;15;7543;7881;478;-60,5;338;0
vpja11;15;7937;8138;331,5;-164,6;201;0
vpja11;15;8191;8328;158,6;-225,5;137;0
vpja11;15;8359;8565;45,8;-200,9;206;255000
vpja11;15;8631;8793;-154,1;-245;162;0
vpja11;15;8820;9007;-226,3;-256,1;187;0
vpja11;15;9066;9369;-440,6;-224,6;303;0
vpja11;15;9434;9567;-577,8;-77,5;133;0
vpja11;15;9611;9814;-604,3;13,1;203;0
vpja11;16;275;486;-62,7289655172415;-147,314482758621;211;255000
vpja11;16;493;697;-74,3289655172414;-154,614482758621;204;255000
vpja11;16;718;835;-79,9289655172414;-114,214482758621;117;255000
vpja11;16;847;1099;-82,4289655172414;-97,1144827586208;252;2,55e+08
vpja11;16;1160;1253;-60,3289655172414;118,785517241379;93;0
vpja11;16;1293;1474;-36,0289655172414;209,585517241379;181;2,55e+08
vpja11;16;1489;1649;-42,3289655172414;210,385517241379;160;2,55e+08
vpja11;16;1673;1889;-116,028965517241;258,485517241379;216;2,55e+08
vpja11;16;1959;2078;157,671034482759;241,185517241379;119;0
vpja11;16;2114;2321;219,171034482759;225,785517241379;207;255
vpja11;16;2341;2439;193,671034482759;208,185517241379;98;255
vpja11;16;2461;2673;235,271034482759;215,685517241379;212;255
vpja11;16;2685;2899;248,871034482759;221,985517241379;214;255
vpja11;16;2978;3169;-128,228965517241;263,185517241379;191;0
vpja11;16;3249;3426;200,171034482759;53,6855172413792;177;0
vpja11;16;3455;3804;200,571034482758;-19,0144827586208;349;0
vpja11;16;3859;4106;-64,9289655172414;-113,314482758621;247;2,55e+08
vpja11;16;4133;4240;-83,0289655172414;-170,614482758621;107;255000
vpja11;16;4578;4937;-84,8289655172414;-173,914482758621;359;255000
vpja11;16;4950;5118;-68,6289655172415;-165,614482758621;168;255000
vpja11;16;5182;5301;-370,528965517241;-176,914482758621;119;0
vpja11;16;5330;5470;-523,828965517241;-167,714482758621;140;0
vpja11;16;5508;5685;-579,628965517241;-146,914482758621;177;0
vpja11;16;5738;5974;-517,028965517241;-298,414482758621;236;0
vpja11;16;6025;6228;-351,028965517241;-352,514482758621;203;0
vpja11;16;6280;6463;-197,328965517241;-387,414482758621;183;0
vpja11;16;6531;6663;160,471034482759;-345,014482758621;132;0
vpja11;16;6732;6863;324,671034482759;-67,5144827586208;131;0
vpja11;16;6924;7109;439,371034482759;173,285517241379;185;0
vpja11;16;7169;7334;262,771034482759;291,685517241379;165;0
vpja11;16;7419;7572;-148,828965517241;327,385517241379;153;255255000
vpja11;16;7599;7845;-146,828965517241;267,185517241379;246;0
vpja11;16;7872;8088;-93,5289655172414;199,285517241379;216;2,55e+08
vpja11;16;8112;8237;-43,2289655172415;195,985517241379;125;2,55e+08
vpja11;16;8294;8452;170,571034482758;210,285517241379;158;255
vpja11;16;8486;8998;216,471034482759;212,585517241379;512;255
vpja11;16;9027;9200;325,771034482759;157,185517241379;173;0
vpja11;16;9225;9525;344,071034482758;49,4855172413792;300;0
vpja11;16;9594;9739;14,3710344827585;-159,014482758621;145;0
vpja11;16;9766;10000;-47,8289655172414;-173,014482758621;234;255000
vpja11;17;210;304;-11,8;-207,5;94;2,55e+08
vpja11;17;349;501;-10,1;-292,2;152;2,55e+08
vpja11;17;525;1502;-0,700000000000045;-312,8;977;255000
vpja11;17;1577;1755;-29,6;-34,6;178;2,55e+08
vpja11;17;1830;1967;-373;-194,3;137;0
vpja11;17;2003;2227;-414,5;-248,1;224;0
vpja11;17;2275;2491;-334,3;-362,6;216;0
vpja11;17;2516;2682;-388,8;-394,1;166;0
vpja11;17;2764;2964;93,0999999999999;-365,1;200;0
vpja11;17;3013;3125;137,8;-274,1;112;0
vpja11;17;3204;3369;307,5;290,3;165;255
vpja11;17;3403;3584;346,6;294,1;181;255
vpja11;17;3605;3751;357,5;296,4;146;255
vpja11;17;3821;3922;3,10000000000002;153,5;101;0
vpja11;17;3984;4180;-266,7;136,5;196;255255000
vpja11;17;4234;4438;-43,9;136,6;204;2,55e+08
vpja11;17;4458;4578;-31,9;137,9;120;2,55e+08
vpja11;17;4634;4807;-49,2;-54,9;173;2,55e+08
vpja11;17;4874;4987;-24,2;-276,1;113;2,55e+08
vpja11;17;5024;5320;-10,3;-310,4;296;2,55e+08
vpja11;17;5366;5554;-65,7;-210,3;188;2,55e+08
vpja11;17;5570;5732;-76,8;-208,2;162;2,55e+08
vpja11;17;5784;6212;-1,5;-317,9;428;255000
vpja11;17;6296;6540;476,4;-89,4;244;0
vpja11;17;6592;6738;476,4;-198,7;146;0
vpja11;17;6791;7035;494,7;-332,8;244;0
vpja11;17;7097;7319;276,5;-213,5;222;0
vpja11;17;7345;7535;284,5;-176,6;190;0
vpja11;17;7565;7799;334;-89,3000000000001;234;0
vpja11;17;7862;8026;49,2;-129,5;164;0
vpja11;17;8088;8162;335,3;-59,3000000000001;74;0
vpja11;17;8244;8375;-165;-127,3;131;0
vpja11;17;8402;8555;-200,2;-161,2;153;0
vpja11;17;8580;8739;-162,5;-112,6;159;0
vpja11;17;8765;9107;-199,9;-95,0000000000001;342;0
vpja11;17;9160;9342;-376,7;-215,7;182;0
vpja11;17;9380;9560;-432,6;-258,5;180;0
vpja11;17;9612;9880;-431,7;-413,8;268;0
vpja11;17;9900;10000;-433,6;-428,8;100;0
vpja11;18;428;651;2,79999999999995;58,9;223;255255000
vpja11;18;709;890;-95,8000000000001;-139,7;181;0
vpja11;18;902;2025;-114,9;-142,9;1123;0
vpja11;18;2100;2258;-258,6;67,4;158;2,55e+08
vpja11;18;2316;2586;-355,2;309,5;270;0
vpja11;18;2636;2811;-392,5;170,8;175;0
vpja11;18;2841;3071;-484,3;129,5;230;255
vpja11;18;3104;3865;-516;100,5;761;255
vpja11;18;3889;4148;-485,7;82,6999999999999;259;255
vpja11;18;4169;4502;-515,2;87,5999999999999;333;255
vpja11;18;4554;4857;-459,4;-24,3000000000001;303;0
vpja11;18;4927;5046;-97,5;-171,2;119;0
vpja11;18;5056;5182;-108,5;-164,4;126;0
vpja11;18;5251;5474;-22,5;101,8;223;255255000
vpja11;18;5540;5746;248,5;115,3;206;0
vpja11;18;5773;5927;324,7;77,5999999999999;154;0
vpja11;18;5987;6129;537;33,5;142;0
vpja11;18;6157;6444;547,3;-45,7;287;0
vpja11;18;6502;6717;476,8;-269;215;0
vpja11;18;6742;7118;431,8;-267,9;376;0
vpja11;18;7166;7330;194,1;-333,2;164;0
vpja11;18;7412;7487;0;-263,7;75;0
vpja11;18;7540;7690;-97,2;-143,5;150;0
vpja11;18;7703;8096;-110,3;-143,5;393;0
vpja11;18;8172;8308;-307,6;240,1;136;2,55e+08
vpja11;18;8344;8540;-346,9;306,4;196;0
vpja11;18;8563;8646;-360,7;326,8;83;0
vpja11;18;8721;8882;-45,3000000000001;313,5;161;0
vpja11;18;8898;9057;-62,8000000000001;294,2;159;0
vpja11;18;9094;9511;15,5;330,8;417;0
vpja11;18;9550;9641;245,3;387;91;0
vpja11;18;9685;9861;354,3;401;176;0
vpja11;18;9923;10000;561,7;447,7;77;0
vpja11;19;199;282;-35,6;-175,9;83;2,55e+08
vpja11;19;336;373;-33,1;-402,5;37;255000
vpja11;19;381;616;-48,6;-383,4;235;255000
vpja11;19;624;798;-65,1999999999999;-380,5;174;255000
vpja11;19;876;1051;163,9;165,5;175;0
vpja11;19;1112;1180;404,4;355,7;68;255
vpja11;19;1285;1455;-513,9;382,3;170;0
vpja11;19;1481;1806;-575,9;424,6;325;0
vpja11;19;1926;2018;99,1999999999999;406,7;92;0
vpja11;19;2050;2275;113,3;362,7;225;0
vpja11;19;2332;2566;-89,1;223,3;234;0
vpja11;19;2594;2794;-82,5;44,3000000000001;200;2,55e+08
vpja11;19;2819;3023;-127,3;-62;204;2,55e+08
vpja11;19;3095;3239;-76,8;-356,8;144;255000
vpja11;19;3299;3504;-331,6;-302,9;205;0
vpja11;19;3534;3700;-419,1;-259,8;166;0
vpja11;19;3723;3887;-428,6;-251,1;164;0
vpja11;19;3938;4077;-387,4;-379,9;139;0
vpja11;19;4150;4390;-44,8;-404,6;240;255000
vpja11;19;4449;4553;107,1;-310,4;104;0
vpja11;19;4593;4713;169,7;-236,5;120;0
vpja11;19;4743;4989;270,2;-264,5;246;0
vpja11;19;5058;5153;480,9;-124,3;95;0
vpja11;19;5192;5424;568,5;-27,8;232;0
vpja11;19;5459;5612;602,2;13,6;153;0
vpja11;19;5632;5823;594,2;-9,89999999999998;191;0
vpja11;19;5833;6120;589,2;-20,3;287;0
vpja11;19;6146;6283;564,4;24,1;137;0
vpja11;19;6345;7057;263,6;-13,4;712;0
vpja11;19;7086;7123;254,5;114,4;37;0
vpja11;19;7183;7438;-5,39999999999998;-33,5999999999999;255;2,55e+08
vpja11;19;7512;7918;-34,6999999999999;-330,4;406;255000
vpja11;19;8265;8598;-381,5;-287,5;333;0
vpja11;19;8665;9311;-259,6;-112,3;646;2,55e+08
vpja11;19;9364;9483;-372;-112,7;119;0
vpja11;19;9506;9688;-422,2;-114,9;182;0
vpja11;19;9700;10000;-441,7;-112,2;300;0
vpja11;20;191;301;-244,7;-64,8;110;0
vpja11;20;343;494;-368,8;-21,5;151;255000
vpja11;20;505;771;-392,8;3,60000000000002;266;2,55e+08
vpja11;20;788;884;-396,7;33,6;96;2,55e+08
vpja11;20;940;1121;-336;345,3;181;0
vpja11;20;1230;1476;123,6;291,9;246;0
vpja11;20;1523;1661;324;251,1;138;0
vpja11;20;1696;1960;404,6;100;264;0
vpja11;20;2013;2180;227,3;44,5;167;0
vpja11;20;2197;2340;210,7;33,8000000000001;143;0
vpja11;20;2389;2712;175,2;210,8;323;255255000
vpja11;20;2749;2900;399,1;355;151;0
vpja11;20;2934;3200;565,3;442,9;266;0
vpja11;20;3225;3487;611,2;440,1;262;0
vpja11;20;3510;3769;607,2;401,2;259;0
vpja11;20;3834;4175;470,4;96,3000000000001;341;0
vpja11;20;4234;4460;212;13,4;226;0
vpja11;20;4524;4652;-83,5999999999999;-18,5;128;0
vpja11;20;4678;4867;-216,6;-38,9;189;0
vpja11;20;4932;5183;26,6;-293;251;0
vpja11;20;5230;5412;-231,4;-318,5;182;0
vpja11;20;5454;5614;-385,6;-348;160;0
vpja11;20;5671;6078;-618,5;-309,5;407;0
vpja11;20;6134;6308;-572,1;-148,4;174;0
vpja11;20;6340;6487;-615,5;-76,5;147;0
vpja11;20;6554;6707;-353,8;-39,1;153;255000
vpja11;20;6729;6977;-356,7;-9,89999999999998;248;255000
vpja11;20;6985;7593;-372,6;3,80000000000007;608;2,55e+08
vpja11;20;7614;7794;-357,5;56,1;180;2,55e+08
vpja11;20;7845;8184;-317,8;350,9;339;255
vpja11;20;8722;8839;172,9;0;117;0
vpja11;20;8869;9410;216,2;40,4;541;0
vpja11;20;9457;9686;203,5;169,9;229;255255000
vpja11;20;9744;9877;340,9;68,7;133;0
vpja11;20;9906;10000;448,8;8,10000000000002;94;0
vpja11;21;202;278;65,6999999999999;-185,6;76;0
vpja11;21;312;769;91,4999999999999;-239,2;457;255000
vpja11;21;828;944;145,3;116,1;116;2,55e+08
vpja11;21;978;1068;112,4;223,6;90;2,55e+08
vpja11;21;1100;1248;143,9;359,1;148;255
vpja11;21;1338;1636;-388,6;359,2;298;255255000
vpja11;21;1668;1834;-400,6;277,4;166;255255000
vpja11;21;1857;1996;-417,9;215,5;139;0
vpja11;21;2077;2364;-437,6;-195,3;287;0
vpja11;21;2403;2509;-372,6;-184,1;106;0
vpja11;21;2588;2841;111,1;-234,8;253;255000
vpja11;21;2910;3110;206,2;6,09999999999991;200;2,55e+08
vpja11;21;3166;3483;322,8;169,7;317;2,55e+08
vpja11;21;3537;4094;161,8;324,4;557;255
vpja11;21;4153;4350;357;416,9;197;0
vpja11;21;4403;4816;185,7;414,8;413;255
vpja11;21;4845;5086;297,7;425,3;241;0
vpja11;21;5128;5414;160,1;405,6;286;255
vpja11;21;5437;5923;155,1;365,4;486;255
vpja11;21;5952;6202;177,9;440,7;250;255
vpja11;21;6295;6510;131,7;-228;215;255000
vpja11;21;6550;6768;109,1;-273,7;218;255000
vpja11;21;6777;7248;87,4;-266,3;471;255000
vpja11;21;7270;7448;121,9;-260,4;178;255000
vpja11;21;7546;7624;-393,4;22,3;78;0
vpja11;21;7695;7821;-509,3;248,8;126;0
vpja11;21;7864;8155;-443,5;239,4;291;255255000
vpja11;21;8219;8484;-445,8;-156,1;265;0
vpja11;21;8559;8838;123,6;-242,5;279;255000
vpja11;21;8863;8989;158,9;-246;126;255000
vpja11;21;9052;9242;457,1;164,6;190;0
vpja11;21;9285;9516;533,8;224,3;231;0
vpja11;21;9544;9780;488,8;121,6;236;0
vpja11;21;9849;9940;376,4;-115,3;91;0
vpja11;22;205;296;-72,6;-110,8;91;2,55e+08
vpja11;22;334;1261;-131;-149,3;927;255000
vpja11;22;1325;1468;-269,1;89,8;143;0
vpja11;22;1488;1870;-271,7;103,8;382;0
vpja11;22;1932;2117;58,8999999999999;133,1;185;0
vpja11;22;2133;2402;41,9;120,5;269;255255000
vpja11;22;2428;2850;89,2;124,6;422;0
vpja11;22;2898;3049;279,4;85,4;151;0
vpja11;22;3072;3707;289,2;-3;635;0
vpja11;22;3767;3960;521;-72,2;193;0
vpja11;22;3989;4473;520,9;-197;484;0
vpja11;22;4735;4820;-88,3000000000001;-172;85;255000
vpja11;22;4842;4919;-114,3;-168,8;77;255000
vpja11;22;4987;5121;-271,7;87,5;134;0
vpja11;22;5150;5299;-254,7;98,9;149;255
vpja11;22;5361;5635;61,5999999999999;97,6;274;255255000
vpja11;22;5672;5792;-6,80000000000007;233,8;120;0
vpja11;22;5834;5959;-142,7;320,1;125;0
vpja11;22;6001;6054;-304,2;343,2;53;0
vpja11;22;6134;6273;-142;-142,2;139;0
vpja11;22;6305;6718;-127,6;-158,8;413;255000
vpja11;22;6783;7049;-438,8;-197,7;266;0
vpja11;22;7071;7372;-471,4;-231,3;301;0
vpja11;22;7444;7558;-130,8;-171;114;0
vpja11;22;7566;9318;-122,8;-163,6;1752;255000
vpja11;22;9725;9980;-108,9;-157,2;255;255000
vpja11;23;193;310;42,1217993079584;-196,302076124567;117;2,55e+08
vpja11;23;350;690;74,5217993079585;-216,402076124567;340;255000
vpja11;23;697;1514;84,1217993079584;-222,402076124567;817;255000
vpja11;23;1607;1713;-378,478200692041;27,4979238754325;106;255
vpja11;23;1758;1982;-450,978200692041;81,2979238754325;224;255
vpja11;23;2074;2243;160,021799307959;191,097923875433;169;255255000
vpja11;23;2285;2451;255,121799307958;173,597923875433;166;255255000
vpja11;23;2534;2719;-163,578200692041;-97,1020761245675;185;0
vpja11;23;2750;2955;-165,178200692042;-184,602076124567;205;0
vpja11;23;3005;3168;-176,878200692042;-292,102076124567;163;0
vpja11;23;3215;3365;-139,878200692042;-381,602076124567;150;0
vpja11;23;3399;3626;-99,8782006920416;-394,702076124567;227;0
vpja11;23;3689;3784;-376,578200692041;-335,102076124567;95;0
vpja11;23;3814;4153;-497,078200692041;-280,202076124567;339;0
vpja11;23;4179;4364;-555,878200692041;-268,302076124567;185;0
vpja11;23;4418;4544;-471,878200692042;-142,502076124567;126;0
vpja11;23;4842;4864;-403,078200692041;27,7979238754325;22;255
vpja11;23;4871;5019;-400,178200692042;-77,9020761245675;148;0
vpja11;23;5493;5661;-135,378200692042;-349,202076124567;168;0
vpja11;23;5684;5860;-142,778200692042;-367,102076124567;176;0
vpja11;23;6231;6314;-110,878200692042;-149,402076124567;83;0
vpja11;23;6343;6517;-115,478200692041;-212,802076124567;174;0
vpja11;23;6558;6788;-107,378200692042;-140,202076124567;230;0
vpja11;23;6816;7074;-105,978200692041;-229,802076124567;258;0
vpja11;23;7084;7331;-94,5782006920415;-231,102076124567;247;0
vpja11;23;7349;7477;-105,078200692041;-229,802076124567;128;0
vpja11;23;7515;7846;-53,0782006920415;-245,602076124567;331;0
vpja11;23;7898;8008;131,021799307959;-266,302076124567;110;255000
vpja11;23;8033;8282;88,4217993079584;-248,702076124567;249;255000
vpja11;23;8752;8816;364,221799307959;-341,502076124567;64;0
vpja11;23;8860;9023;338,621799307958;-372,702076124567;163;0
vpja11;23;9235;9360;41,7217993079585;-237,602076124567;125;0
vpja11;23;9392;9701;66,6217993079584;-233,702076124567;309;255000
vpja11;23;9718;9939;75,5217993079585;-239,102076124567;221;255000
vpja11;24;181;255;-13,4;-139,1;74;2,55e+08
vpja11;24;299;439;-27,9;-229,8;140;255000
vpja11;24;451;782;-38,4;-239,8;331;0
vpja11;24;852;959;-306,9;58,1999999999999;107;255
vpja11;24;998;1280;-332,1;84,1999999999999;282;255
vpja11;24;1366;1460;205,1;100,8;94;0
vpja11;24;1497;1800;256,3;119,3;303;255255000
vpja11;24;1842;1978;362;55,8;136;0
vpja11;24;2052;2180;-4,09999999999991;366,8;128;0
vpja11;24;2190;2386;-4,39999999999998;361,3;196;0
vpja11;24;2412;2789;63,9000000000001;403,3;377;0
vpja11;24;2849;2972;220,3;287,1;123;0
vpja11;24;3000;3131;226,8;154,8;131;0
vpja11;24;3201;3692;486,8;-11,5;491;0
vpja11;24;3749;3888;435,8;-188;139;0
vpja11;24;3940;4208;298,1;-244,5;268;0
vpja11;24;4301;4503;-9,69999999999993;-262,1;202;255000
vpja11;24;4528;4921;-35,4;-261,9;393;255000
vpja11;24;5014;5146;-427,6;-49,3000000000001;132;0
vpja11;24;5208;5351;-570,2;61,0999999999999;143;0
vpja11;24;5377;5601;-608,7;86,6999999999999;224;0
vpja11;24;5611;6601;-620,5;90,5999999999999;990;0
vpja11;24;6640;7073;-562,5;78,6999999999999;433;0
vpja11;24;7100;7528;-620,4;92,5;428;0
vpja11;24;7618;7709;-114,8;-219,7;91;0
vpja11;24;7752;7936;-24,5999999999999;-250,2;184;255000
vpja11;24;8169;8592;-50,4;-252,5;423;0
vpja11;24;8612;8815;-36,8;-248,1;203;255000
vpja11;24;8834;8986;-30,6999999999999;-225,2;152;2,55e+08
vpja11;24;9062;9180;-262,1;76,4;118;0
vpja11;24;9219;9443;-331,6;83,5;224;255
vpja11;24;9498;9694;-566,9;77,4;196;0
vpja11;24;9742;9941;-373,6;94,9;199;255
vpja11;25;208;314;-17,8;-118,6;106;255255000
vpja11;25;365;529;-37,4;-242,4;164;0
vpja11;25;544;705;-61,5;-235,2;161;0
vpja11;25;759;1051;-256,1;-225,1;292;0
vpja11;25;1067;1167;-267,5;-220,2;100;0
vpja11;25;1236;1376;-211,7;-11,3;140;255
vpja11;25;1416;1627;-98,8;-2,70000000000005;211;255255000
vpja11;25;1644;2050;-99,4;16,3;406;2,55e+08
vpja11;25;2084;2330;-65;-39,8;246;255255000
vpja11;25;2386;2575;-236,1;0,600000000000023;189;255
vpja11;25;2644;2732;50,9;196,4;88;2,55e+08
vpja11;25;2770;2880;28;397,2;110;0
vpja11;25;2899;3462;52,5000000000001;454,8;563;2,55e+08
vpja11;25;3537;3698;-330,7;486,5;161;NA
vpja11;25;3729;4002;-314,1;490,2;273;NA
vpja11;25;4079;4242;-610,9;280,2;163;0
vpja11;25;4278;4557;-598,5;54;279;0
vpja11;25;4609;4688;-572,8;-92,4;79;0
vpja11;25;4792;4933;250,6;-34,6;141;0
vpja11;25;4963;4994;263,4;-25,5;31;0
vpja11;25;5097;5176;-640,1;-76,4;79;NA
vpja11;25;5218;5459;-580,3;-150,7;241;0
vpja11;25;5491;5614;-563,8;-180,9;123;0
vpja11;25;5721;5854;288,4;-77,4;133;0
vpja11;25;5895;6142;332,2;-39,5;247;0
vpja11;25;6169;6336;255,1;-32,6;167;0
vpja11;25;6369;6578;312,2;36,5;209;0
vpja11;25;6598;6789;282,4;52;191;0
vpja11;25;6821;6934;305,5;55,3;113;0
vpja11;25;7001;7241;243,1;-187,5;240;0
vpja11;25;7300;7658;421,1;-3,70000000000005;358;0
vpja11;25;7684;8149;450,3;-31,8;465;0
vpja11;25;8173;8342;389,3;-15,5;169;0
vpja11;25;8370;8778;303,5;58;408;0
vpja11;25;8804;8953;218,5;21,2;149;0
vpja11;25;8980;9182;156,1;5,29999999999995;202;0
vpja11;25;9232;9622;305;77;390;0
vpja11;25;9655;9849;473,9;152,9;194;0
vpja11;25;9873;10000;482,9;78,9;127;0
vpja11;26;238;326;32,2;-188,5;88;2,55e+08
vpja11;26;368;1220;20,8000000000001;-237,3;852;2,55e+08
vpja11;26;1302;1384;-168,5;109;82;255
vpja11;26;1411;1643;-201,4;109,4;232;255
vpja11;26;1693;1813;-487,8;72,8000000000001;120;0
vpja11;26;1839;2132;-573,6;45,2;293;0
vpja11;26;2174;2259;-483,9;97,1;85;0
vpja11;26;2320;2517;-585,9;355;197;0
vpja11;26;2554;2633;-614,3;377,6;79;0
vpja11;26;2749;2880;363,7;201,4;131;0
vpja11;26;2917;3083;404,1;176,1;166;0
vpja11;26;3099;3316;400,4;187,7;217;0
vpja11;26;3334;3837;394,9;148,1;503;255255000
vpja11;26;3862;4383;471,7;87;521;255255000
vpja11;26;4744;4934;508,6;111,5;190;0
vpja11;26;5148;5173;572,6;402,2;25;0
vpja11;26;5388;6244;505,5;-91,3;856;0
vpja11;26;6310;6382;153,2;-250,7;72;0
vpja11;26;6427;6605;48,3;-274,5;178;255000
vpja11;26;6615;6865;33,1;-257,6;250;255000
vpja11;26;6935;7047;-182,6;56;112;255
vpja11;26;7103;7295;-16,3;-62,6;192;2,55e+08
vpja11;26;7358;7471;-295,6;33,9;113;0
vpja11;26;7494;7797;-312,1;51,2;303;0
vpja11;26;7861;8187;43,1;-94,7;326;2,55e+08
vpja11;26;8214;8372;-0,5;-59,5;158;2,55e+08
vpja11;26;8426;8869;17,1;-249,9;443;2,55e+08
vpja11;26;8889;9166;29;-245,1;277;2,55e+08
vpja11;26;9178;10000;14,3000000000001;-245,3;822;2,55e+08
