vp;trial;timest;timeend;x;y;duration;roi
vpja95;1;378;670;-442,8;-114,1;292;255000
vpja95;1;716;886;-42,1;-176,3;170;0
vpja95;1;927;2025;47,6999999999999;80,7;1098;0
vpja95;1;2043;3007;23,3000000000001;89,3000000000001;964;255
vpja95;1;3023;3528;5,80000000000007;73,3000000000001;505;255
vpja95;1;3544;4281;14,8000000000001;110,2;737;255
vpja95;1;4350;4656;567,3;-159,3;306;0
vpja95;1;4722;5087;-80,3;-312,8;365;0
vpja95;1;5139;5287;-390,7;-174;148;0
vpja95;1;5309;5497;-419,7;-146,7;188;255000
vpja95;1;5549;5876;-522,4;321,6;327;0
vpja95;1;5918;6122;-359,7;208;204;255255000
vpja95;1;6170;6607;-34,1;110,9;437;0
vpja95;1;6636;7151;4,5;31,7;515;255
vpja95;1;7193;7324;1,70000000000005;-113,9;131;0
vpja95;1;7376;7568;-28,4;-349,4;192;0
vpja95;1;7603;7813;32,2;-427,2;210;0
vpja95;1;7869;8153;504,9;-207,6;284;0
vpja95;1;8182;8460;549,4;-94,9;278;0
vpja95;1;8537;8831;-125,2;325,5;294;0
vpja95;1;8875;9225;-16,5;143,7;350;0
vpja95;1;9267;9533;6,10000000000002;-5,29999999999995;266;255
vpja95;1;9701;9909;-30,3;-220,1;208;0
vpja95;1;9947;10000;-109,5;-341,9;53;0
vpja95;2;677;1055;-55,9;-164,6;378;255000
vpja95;2;1065;1258;-65,4;-173,4;193;255000
vpja95;2;1303;1988;-264,8;103,8;685;255255000
vpja95;2;2046;2236;285;-21,3;190;0
vpja95;2;2260;2407;323,3;-74,4;147;0
vpja95;2;2452;2835;576,1;-212;383;0
vpja95;2;2915;3292;-136,9;-346,1;377;0
vpja95;2;3341;3622;-510,1;-329,9;281;0
vpja95;2;3656;3876;-590,3;-389,2;220;0
vpja95;2;4031;4238;-116;66,5;207;0
vpja95;2;4273;4676;73,4000000000001;132,4;403;0
vpja95;2;4842;5093;-64,9;-194;251;255000
vpja95;2;5140;5558;306,5;-46,2;418;0
vpja95;2;5570;6077;323,1;-25,8;507;0
vpja95;2;6105;6673;240,2;19,2;568;0
vpja95;2;6686;8216;226,2;11,9;1530;0
vpja95;2;8251;8761;134,5;89,6;510;255
vpja95;2;8778;9026;92,5999999999999;106,1;248;0
vpja95;2;9041;10000;53,8;114,2;959;255
vpja95;3;295;865;-149,3;-262,1;570;255000
vpja95;3;914;1214;-434,3;-4,59999999999991;300;0
vpja95;3;1240;1488;-497,8;50,6;248;0
vpja95;3;1549;1663;-163,6;-283,6;114;255000
vpja95;3;1818;2046;-146,3;-270,7;228;255000
vpja95;3;2058;2647;-155;-253,7;589;255000
vpja95;3;2688;2884;-21,2;-378,2;196;0
vpja95;3;2935;3090;312;-423,3;155;0
vpja95;3;3116;3457;394,8;-462,9;341;0
vpja95;3;3517;3749;378,6;147,2;232;255255000
vpja95;3;3780;3973;344,5;234,8;193;0
vpja95;3;4016;4319;549,3;365,2;303;0
vpja95;3;4346;4647;637,4;414,2;301;0
vpja95;3;4728;4789;-165,1;280,5;61;0
vpja95;3;4998;5108;-326,8;86,8000000000001;110;0
vpja95;3;5143;5425;-481,8;64;282;0
vpja95;3;5611;6054;-476,3;-8,69999999999993;443;0
vpja95;3;6111;6376;-180,1;-170,4;265;2,55e+08
vpja95;3;6404;6690;-179,1;-233,8;286;255000
vpja95;3;6736;7092;-429;-207,3;356;0
vpja95;3;7135;7440;-534,4;-1;305;0
vpja95;3;7457;7841;-528,9;40,8000000000001;384;0
vpja95;3;7906;8131;-285,8;-159,7;225;0
vpja95;3;8166;8463;-192,4;-237,5;297;0
vpja95;3;8507;8904;-75,6;-395,6;397;0
vpja95;3;8935;9068;33;-337,1;133;0
vpja95;3;9095;9543;135;-314,7;448;0
vpja95;3;9589;9939;337,2;-40,4;350;255255000
vpja95;4;295;1089;-13,7;-248;794;255000
vpja95;4;1132;1430;-9,60000000000002;2,10000000000002;298;2,55e+08
vpja95;4;1479;1886;-7,10000000000002;-285,9;407;255000
vpja95;4;1945;2150;-508,4;-189;205;0
vpja95;4;2198;2733;-430,6;218,8;535;255
vpja95;4;2753;3077;-422,4;264,8;324;255
vpja95;4;3090;3464;-427,2;289,1;374;255
vpja95;4;3679;3995;329,2;250,3;316;255255000
vpja95;4;4015;4228;330,5;212,2;213;255255000
vpja95;4;4270;4464;408,3;47,9;194;0
vpja95;4;4538;4845;266,9;-374,5;307;0
vpja95;4;4908;5044;-256,9;-395,8;136;0
vpja95;4;5096;5331;-546,9;-202,2;235;0
vpja95;4;5390;5493;-18,3000000000001;-297,1;103;255000
vpja95;4;5660;6526;-5,70000000000005;-260,9;866;255000
vpja95;4;6593;6864;-431,4;160,1;271;255
vpja95;4;6920;7214;-487,1;-150,7;294;0
vpja95;4;7280;7570;71,5;-350,7;290;255000
vpja95;4;7602;7942;227,2;-381,2;340;0
vpja95;4;8000;8303;-107,7;17,1999999999999;303;2,55e+08
vpja95;4;8331;8469;-3,80000000000007;54,1999999999999;138;2,55e+08
vpja95;4;8730;9167;77,0999999999999;-30,5;437;2,55e+08
vpja95;4;9195;9479;-12,9000000000001;-2,70000000000005;284;2,55e+08
vpja95;4;9496;10000;-25,4000000000001;-10,8000000000001;504;2,55e+08
vpja95;5;275;975;142,7;-121,2;700;255000
vpja95;5;1020;1460;-161,1;-107,3;440;0
vpja95;5;1508;1813;-140,3;273,3;305;255
vpja95;5;1834;2013;-188,3;266,6;179;255
vpja95;5;2031;2171;-223,1;262;140;255
vpja95;5;2245;2805;-233,8;-355,3;560;0
vpja95;5;2851;2954;67,9;-304,9;103;0
vpja95;5;3165;3320;325,3;300,9;155;255255000
vpja95;5;3348;3650;243,1;376,3;302;255255000
vpja95;5;3707;3899;167,8;9,60000000000002;192;2,55e+08
vpja95;5;3938;4441;157,7;-138,8;503;255000
vpja95;5;4659;5335;147,5;-130,8;676;255000
vpja95;5;5380;5808;6,20000000000005;21,8000000000001;428;0
vpja95;5;5861;6068;158,4;-108,4;207;255000
vpja95;5;6115;6607;434,3;145,2;492;0
vpja95;5;6626;6916;402,2;127;290;0
vpja95;5;6973;7208;-117,3;284,4;235;255
vpja95;5;7234;7456;-196,9;270,3;222;255
vpja95;5;7467;7647;-217;266,7;180;255
vpja95;5;7671;8067;-159,3;286,7;396;255
vpja95;5;8078;8535;-180,6;276,7;457;255
vpja95;5;8557;9195;-132;287,2;638;255
vpja95;5;9216;9490;-95,6999999999999;312,2;274;255
vpja95;5;9521;10000;-196,5;359;479;0
vpja95;6;443;1626;-41,6999999999999;-312,5;1183;255000
vpja95;6;1673;2122;-202,7;-50,3000000000001;449;255
vpja95;6;2154;2342;-62,5999999999999;4,60000000000002;188;255255000
vpja95;6;2391;2720;48,7;395,9;329;0
vpja95;6;2796;3050;405,8;18,1999999999999;254;0
vpja95;6;3069;3319;387,4;-3,70000000000005;250;0
vpja95;6;3355;3611;218;-0,200000000000045;256;0
vpja95;6;3838;4014;181,3;-28,8000000000001;176;0
vpja95;6;4063;4321;265,6;-246,5;258;0
vpja95;6;4361;4981;456,1;-271,9;620;0
vpja95;6;5047;5264;-31,0999999999999;-296,9;217;255000
vpja95;6;5325;5549;-476,4;-112,6;224;0
vpja95;6;5586;5807;-561,2;-26,6;221;0
vpja95;6;5853;5929;-181,5;-40,1;76;0
vpja95;6;6117;6321;-199,7;-17,4;204;0
vpja95;6;6372;6525;-250,8;-290,9;153;0
vpja95;6;6587;6762;-311,5;402,3;175;0
vpja95;6;6783;7470;-341,3;435,5;687;0
vpja95;6;7526;7897;-561,8;120,1;371;0
vpja95;6;7928;8205;-546,6;6,39999999999998;277;0
vpja95;6;8255;8583;-588;-221,8;328;0
vpja95;6;8634;8855;-213,9;-322,1;221;0
vpja95;6;9031;9284;263,5;-420;253;0
vpja95;6;9339;9726;379,7;101,3;387;0
vpja95;6;9760;10000;409,7;10,4;240;0
vpja95;7;292;869;-17,5999999999999;-182,6;577;255000
vpja95;7;920;1336;-340;134,9;416;255
vpja95;7;1392;1952;228,4;179,4;560;255255000
vpja95;7;2214;2233;251,5;142,7;19;255255000
vpja95;7;2239;2431;240,8;152,8;192;255255000
vpja95;7;2478;2801;470,3;22,9;323;0
vpja95;7;2849;3528;532,8;-127,1;679;0
vpja95;7;3581;3836;143,5;-236,4;255;0
vpja95;7;3891;4396;-260,9;-238,2;505;0
vpja95;7;4429;4717;-352,8;-246,3;288;0
vpja95;7;4773;5156;175,2;-212,7;383;0
vpja95;7;5190;5419;330,1;-192,9;229;0
vpja95;7;5449;5875;217,6;-167,2;426;0
vpja95;7;6093;6254;-384,2;249,3;161;0
vpja95;7;6280;6514;-366,5;187,2;234;0
vpja95;7;6574;6920;-21,3;-221,9;346;255000
vpja95;7;6936;7396;-48;-222,7;460;255000
vpja95;7;7443;7799;6,70000000000005;119,2;356;2,55e+08
vpja95;7;7820;8081;-43,4;106,3;261;2,55e+08
vpja95;7;8281;8618;-24;61;337;2,55e+08
vpja95;7;8643;8937;-62,1999999999999;121;294;2,55e+08
vpja95;7;8956;9406;-29,5999999999999;87,4;450;2,55e+08
vpja95;7;9434;9642;19,7;142,9;208;0
vpja95;7;9661;9864;-1,69999999999993;125,5;203;2,55e+08
vpja95;7;9882;10000;-13,5;100,5;118;2,55e+08
vpja95;8;248;939;69,6;-32,0999999999999;691;255000
vpja95;8;959;1192;94,3000000000001;-44,5;233;0
vpja95;8;1236;1758;286,8;166,9;522;255
vpja95;8;1802;1956;-15,2;165,5;154;255255000
vpja95;8;2184;2503;-600,4;224,1;319;0
vpja95;8;2531;3128;-560,6;336,4;597;0
vpja95;8;3207;3386;-434,8;-356,4;179;0
vpja95;8;3431;3633;-88,3000000000001;-325,6;202;0
vpja95;8;3666;4008;9;-194,3;342;0
vpja95;8;4046;4222;196,8;-185,9;176;0
vpja95;8;4254;4469;318,7;-169,6;215;0
vpja95;8;4673;4756;130,9;-50,3;83;0
vpja95;8;4776;5345;84,8000000000001;-28,5999999999999;569;0
vpja95;8;5388;5665;328,7;170,8;277;255
vpja95;8;5726;6082;422,7;-141,2;356;0
vpja95;8;6100;6577;386,2;-140,8;477;0
vpja95;8;6631;6976;247,1;78,4000000000001;345;0
vpja95;8;7019;7608;47,5;99;589;2,55e+08
vpja95;8;7662;7893;431,5;318,6;231;0
vpja95;8;7906;8228;440,1;352;322;0
vpja95;8;8285;8454;31,4;194,3;169;255255000
vpja95;8;8665;8903;-49,2;91,2;238;255255000
vpja95;8;8941;9138;56,1;-66,9;197;255000
vpja95;8;9191;9424;-66,8000000000001;-336,2;233;0
vpja95;8;9468;9902;-250,5;-411,2;434;0
vpja95;8;9919;10000;-278,5;-435,3;81;0
vpja95;9;226;629;-263,1;-90,0999999999999;403;255000
vpja95;9;645;900;-275,6;-107,2;255;255000
vpja95;9;950;1361;-122,4;338,7;411;255
vpja95;9;1593;1998;281,6;63,6;405;255255000
vpja95;9;2033;2394;365,5;-35,3;361;0
vpja95;9;2430;3030;495;-36;600;0
vpja95;9;3052;3315;563,9;-16,3;263;0
vpja95;9;3486;3657;-476,6;-176,7;171;0
vpja95;9;3701;3889;-596,6;-79;188;0
vpja95;9;3933;4209;-577,6;-304;276;0
vpja95;9;4233;4394;-615,7;-272,2;161;0
vpja95;9;4442;4918;-576,2;-443,5;476;0
vpja95;9;5099;5239;-176,6;-154,5;140;0
vpja95;9;5265;5493;-88,5999999999999;-115,1;228;0
vpja95;9;5539;5941;251,8;-57,4;402;0
vpja95;9;6007;6193;188,7;-426,6;186;0
vpja95;9;6218;6390;116;-422,5;172;0
vpja95;9;6604;6944;-288,5;-53,9;340;2,55e+08
vpja95;9;7153;7550;-130;363,8;397;255
vpja95;9;7567;7808;-116,6;342,3;241;255
vpja95;9;7867;8139;272,2;91,8000000000001;272;255255000
vpja95;9;8341;8416;-238,4;-30,8;75;2,55e+08
vpja95;9;8461;8793;-44,1999999999999;56,5;332;0
vpja95;9;8818;9025;24,3000000000001;35,5;207;0
vpja95;9;9052;10000;122,5;49,6;948;0
vpja95;10;306;1100;-30,7;-314,5;794;255000
vpja95;10;1164;1398;-520,5;165,9;234;255
vpja95;10;1425;1880;-555,7;239,4;455;255
vpja95;10;1954;2102;229,2;402,7;148;255255000
vpja95;10;2151;2328;413,7;261,9;177;0
vpja95;10;2364;2620;462,1;161,8;256;0
vpja95;10;2834;3002;665,7;-511,7;168;NA
vpja95;10;3027;3159;600,3;-459,4;132;0
vpja95;10;3336;3905;-403,1;-284,4;569;0
vpja95;10;3959;4440;-569,9;210,6;481;255
vpja95;10;4466;4662;-501,2;236,4;196;255
vpja95;10;4714;5165;-48,7;323,6;451;0
vpja95;10;5414;5809;9,5;225,6;395;2,55e+08
vpja95;10;6062;6597;-33,1;143,3;535;2,55e+08
vpja95;10;6811;7150;-103,7;198,3;339;2,55e+08
vpja95;10;7167;7553;-99;174,8;386;2,55e+08
vpja95;10;7593;8021;100,6;214,6;428;2,55e+08
vpja95;10;8060;8276;257,5;234,4;216;2,55e+08
vpja95;10;8313;8563;434,3;271,6;250;0
vpja95;10;8609;8724;517,5;126;115;0
vpja95;10;8799;8924;651,6;-358,5;125;NA
vpja95;10;8958;9138;612,6;-453,2;180;0
vpja95;10;9154;9487;609,3;-475,4;333;0
vpja95;10;9659;10000;-42,7;-330,8;341;255000
vpja95;11;236;704;103,596478873239;-246,57323943662;468;255000
vpja95;11;733;1353;98,5964788732394;-321,67323943662;620;255000
vpja95;11;1426;1556;-307,003521126761;180,62676056338;130;0
vpja95;11;1602;2287;-481,803521126761;313,92676056338;685;0
vpja95;11;2309;2561;-453,703521126761;284,42676056338;252;0
vpja95;11;2637;3037;437,096478873239;347,02676056338;400;255
vpja95;11;3064;3254;407,696478873239;285,62676056338;190;255
vpja95;11;3297;3689;506,396478873239;146,92676056338;392;0
vpja95;11;3881;4356;542,396478873239;-438,67323943662;475;0
vpja95;11;4367;4657;563,196478873239;-437,97323943662;290;0
vpja95;11;4666;5130;548,896478873239;-446,47323943662;464;0
vpja95;11;5176;5456;384,896478873239;-84,9732394366198;280;0
vpja95;11;5506;5854;101,396478873239;-292,97323943662;348;255000
vpja95;11;5912;6406;-376,003521126761;-331,07323943662;494;0
vpja95;11;6631;7069;67,6964788732394;-325,87323943662;438;255000
vpja95;11;7087;7475;109,496478873239;-315,87323943662;388;255000
vpja95;11;7520;8022;104,396478873239;50,6267605633802;502;2,55e+08
vpja95;11;8070;8271;496,096478873239;150,12676056338;201;0
vpja95;11;8295;8735;528,796478873239;122,62676056338;440;0
vpja95;11;8968;9664;529,296478873239;107,62676056338;696;0
vpja95;11;9706;9838;401,496478873239;-13,7732394366199;132;0
vpja95;11;9887;10000;455,896478873239;359,32676056338;113;255
vpja95;12;273;635;41;-259,3;362;255000
vpja95;12;652;895;58,8;-250,3;243;255000
vpja95;12;913;1482;44,2;-226,5;569;255000
vpja95;12;1541;1768;-489,2;-205,4;227;0
vpja95;12;1798;2039;-450,1;-80,3;241;0
vpja95;12;2059;2281;-434,7;-36,9;222;0
vpja95;12;2460;2712;-434,8;-9,39999999999998;252;0
vpja95;12;2747;2943;-360,2;165;196;255255000
vpja95;12;2964;3337;-321;194,8;373;255255000
vpja95;12;3353;3532;-312,6;170,7;179;255255000
vpja95;12;3591;4163;296,9;240,4;572;255
vpja95;12;4214;4368;486;97,5;154;0
vpja95;12;4422;4646;536,4;-223,2;224;0
vpja95;12;4671;6337;585,7;-257,5;1666;0
vpja95;12;6565;6876;592;-234,2;311;0
vpja95;12;6931;7130;620,2;-440,9;199;0
vpja95;12;7157;7410;510,7;-446,1;253;0
vpja95;12;7470;7614;-8,10000000000002;-422,7;144;0
vpja95;12;7663;8131;-364,8;-457,9;468;0
vpja95;12;8189;8599;-622,5;-226;410;0
vpja95;12;8632;9068;-506,9;-98,9;436;0
vpja95;12;9095;9325;-435,1;-49;230;0
vpja95;12;9535;9895;-364,5;183;360;255255000
vpja95;12;9938;10000;-433,2;54;62;0
vpja95;13;241;529;-60,4;-86,9;288;255000
vpja95;13;543;996;-72,5;-97,4;453;255000
vpja95;13;1043;1302;220,7;104,3;259;255
vpja95;13;1324;1861;181,5;119,9;537;255
vpja95;13;1899;2083;358,6;42,6;184;0
vpja95;13;2318;2375;309,6;47,4;57;0
vpja95;13;2573;2949;56,1;107;376;0
vpja95;13;2979;3506;181,6;128,6;527;255
vpja95;13;3566;3886;-394,1;159;320;255255000
vpja95;13;3907;4473;-436;146,3;566;255255000
vpja95;13;4492;4847;-472;142,3;355;255255000
vpja95;13;4887;5143;-355,2;55,6;256;0
vpja95;13;5208;5550;-396,6;-373,2;342;0
vpja95;13;5601;5831;-632,7;-73;230;0
vpja95;13;6020;6469;-30,2;-427;449;0
vpja95;13;6501;6768;102;-380,7;267;0
vpja95;13;6822;7129;417,1;35,4;307;0
vpja95;13;7152;7360;362,5;26,5;208;0
vpja95;13;7401;7728;597,7;39,2;327;0
vpja95;13;7767;7987;600,5;-117,4;220;0
vpja95;13;8038;8420;216,1;94,7;382;255
vpja95;13;8481;9101;-422,2;159,3;620;255255000
vpja95;13;9371;9508;230;102,3;137;255
vpja95;13;9529;9840;191,6;128,1;311;255
vpja95;13;9883;10000;-61,3000000000001;92,8;117;2,55e+08
vpja95;14;91;301;0,828027681660842;-0,887197231833966;210;0
vpja95;14;331;475;130,928027681661;-39,7871972318339;144;2,55e+08
vpja95;14;517;912;98,2280276816609;-210,387197231834;395;255000
vpja95;14;919;1782;93,5280276816609;-214,187197231834;863;255000
vpja95;14;1841;2227;-303,671972318339;68,2128027681661;386;255
vpja95;14;2255;2375;-220,571972318339;24,8128027681661;120;255
vpja95;14;2546;2806;62,8280276816608;-166,487197231834;260;2,55e+08
vpja95;14;2858;3430;-421,371972318339;-152,687197231834;572;0
vpja95;14;3517;3671;431,428027681661;297,812802768166;154;255255000
vpja95;14;3697;3995;391,828027681661;265,712802768166;298;255255000
vpja95;14;4014;4272;391,528027681661;245,712802768166;258;255255000
vpja95;14;4285;4541;406,128027681661;266,412802768166;256;255255000
vpja95;14;4563;4747;387,428027681661;246,712802768166;184;255255000
vpja95;14;4993;5274;-63,4719723183391;-207,187197231834;281;0
vpja95;14;5320;5482;-113,671972318339;-408,287197231834;162;0
vpja95;14;5506;5873;-43,1719723183392;-417,687197231834;367;0
vpja95;14;5897;6097;-107,771972318339;-413,487197231834;200;0
vpja95;14;6135;6472;-65,5719723183391;-117,587197231834;337;0
vpja95;14;6494;6626;-16,9719723183391;-132,687197231834;132;0
vpja95;14;6679;6809;257,228027681661;-379,987197231834;130;0
vpja95;14;6844;7319;409,828027681661;-373,887197231834;475;0
vpja95;14;7338;7769;447,828027681661;-353,287197231834;431;0
vpja95;14;7794;8025;545,428027681661;-336,787197231834;231;0
vpja95;14;8093;8253;136,328027681661;-202,787197231834;160;255000
vpja95;14;8480;8970;97,3280276816608;-231,987197231834;490;255000
vpja95;14;9027;9432;-259,171972318339;134,012802768166;405;255
vpja95;14;9496;10000;382,828027681661;241,412802768166;504;255255000
vpja95;15;293;585;-263,9;135;292;0
vpja95;15;651;909;-49,5999999999999;-315,7;258;255000
vpja95;15;964;1354;-304,5;142,3;390;0
vpja95;15;1422;1802;274,8;147,3;380;255255000
vpja95;15;1830;2221;371,2;173,1;391;255255000
vpja95;15;2266;2447;428;-60,4;181;0
vpja95;15;2468;2778;461;-87,6999999999999;310;0
vpja95;15;2819;3079;465,8;-269,7;260;0
vpja95;15;3137;3303;-34,9;-414,1;166;0
vpja95;15;3360;3611;-322,2;71,5;251;0
vpja95;15;3637;3768;-252,7;112,4;131;255
vpja95;15;4015;4378;-639,7;198,2;363;NA
vpja95;15;4442;4662;-542,8;-173,8;220;0
vpja95;15;4709;4988;-271,2;151,8;279;0
vpja95;15;5055;5373;289,9;159,7;318;255255000
vpja95;15;5402;6000;205,4;224,3;598;255255000
vpja95;15;6042;6236;-7,29999999999995;181,9;194;0
vpja95;15;6262;6928;58,2;202,4;666;0
vpja95;15;7146;7332;79,1000000000001;193;186;0
vpja95;15;7353;7618;33,9000000000001;195,3;265;0
vpja95;15;7636;7864;8;185,7;228;0
vpja95;15;7874;9159;20,6;197,2;1285;0
vpja95;15;9170;9387;23,2;194,6;217;0
vpja95;15;9409;9625;-16,6999999999999;177;216;0
vpja95;15;9649;9906;31,3000000000001;225,7;257;0
vpja95;15;9920;10000;10,6;210,4;80;0
vpja95;16;390;567;-169,3;68,4;177;255
vpja95;16;626;902;431,9;134,7;276;255255000
vpja95;16;920;1805;423,5;106,8;885;255255000
vpja95;16;2022;2179;-148,6;89,3;157;255
vpja95;16;2240;2454;47,6999999999999;-314,6;214;255000
vpja95;16;2471;3249;35,6;-340,8;778;255000
vpja95;16;3306;3763;-272;-24,3000000000001;457;0
vpja95;16;3811;4295;-553,3;31;484;0
vpja95;16;4525;4676;-286,7;-1,39999999999998;151;0
vpja95;16;4705;4920;-186,5;79,6999999999999;215;255
vpja95;16;4985;5635;416,2;99,4;650;255255000
vpja95;16;5705;5888;-58,3000000000001;55,6999999999999;183;0
vpja95;16;5918;6073;-157,6;63,1999999999999;155;255
vpja95;16;6271;6445;-28,4;-35;174;0
vpja95;16;6456;6677;-9,70000000000005;-24,7;221;255
vpja95;16;6731;7262;50,8;-330,3;531;255000
vpja95;16;7318;7973;431,4;63,8;655;255255000
vpja95;16;8032;8259;-76,4;55,4;227;0
vpja95;16;8288;8776;-177,5;74;488;255
vpja95;16;8999;10000;409,3;122,1;1001;255255000
vpja95;17;238;486;-1,20000000000005;99,3;248;255255000
vpja95;17;529;798;-295,5;151,6;269;0
vpja95;17;815;1118;-317,7;157,7;303;0
vpja95;17;1176;1351;-148,6;-172,7;175;0
vpja95;17;1370;2561;-117,8;-168,1;1191;255000
vpja95;17;2607;3087;107,5;-341,6;480;0
vpja95;17;3122;3366;-11,8000000000001;-413,3;244;0
vpja95;17;3425;3753;-255,6;124,7;328;0
vpja95;17;3793;4122;15,5999999999999;137,5;329;255255000
vpja95;17;4324;4965;58,3999999999999;-402,3;641;0
vpja95;17;5038;5290;-418,5;-60,6;252;0
vpja95;17;5318;5657;-434,9;23,5;339;0
vpja95;17;5694;6134;-433,1;232,6;440;0
vpja95;17;6151;6666;-465,8;231,5;515;0
vpja95;17;6699;6886;-332,9;166;187;0
vpja95;17;7115;7402;-265;167,7;287;0
vpja95;17;7440;7898;-3,5;161,4;458;255255000
vpja95;17;7941;8366;-298,9;181,7;425;0
vpja95;17;8389;8553;-263,1;150,5;164;0
vpja95;17;8609;9061;-135;-165,4;452;255000
vpja95;17;9262;9735;-113,5;-146,5;473;255000
vpja95;17;9785;10000;-429,4;-36;215;0
vpja95;18;237;561;83,8;162,8;324;255255000
vpja95;18;624;892;-496,7;331,1;268;255
vpja95;18;918;1128;-520,1;278,9;210;255
vpja95;18;1206;1332;-358,7;-345,4;126;255000
vpja95;18;1356;1817;-397,7;-298,8;461;255000
vpja95;18;1880;2184;84,3;146,1;304;255255000
vpja95;18;2449;2667;-455,4;223,6;218;0
vpja95;18;2695;3148;-517,9;287,2;453;255
vpja95;18;3184;3759;-442,3;224;575;0
vpja95;18;3798;4216;-603,1;170,4;418;2,55e+08
vpja95;18;4430;4994;60,8;194,5;564;255255000
vpja95;18;5013;5843;27,1;178;830;255255000
vpja95;18;5893;6068;-250,4;291,2;175;0
vpja95;18;6111;6336;-522,1;310,3;225;255
vpja95;18;6414;6808;-365,2;-306,1;394;255000
vpja95;18;6832;7421;-407,7;-286,4;589;255000
vpja95;18;7668;8078;-551,2;275,4;410;255
vpja95;18;8161;8330;39,3;253,4;169;0
vpja95;18;8359;8655;70,0999999999999;203,7;296;255255000
vpja95;18;8973;9551;-502,8;315,5;578;255
vpja95;18;9571;9797;-533,7;295,5;226;255
vpja95;18;9862;10000;79,8;180,5;138;255255000
vpja95;19;437;1268;4,89999999999998;-383,6;831;255000
vpja95;19;1322;1517;-6,60000000000002;-27,1;195;2,55e+08
vpja95;19;1704;1812;7;-313,5;108;255000
vpja95;19;1842;2266;16,7;-380,6;424;255000
vpja95;19;2330;2521;339,5;197,2;191;255
vpja95;19;2550;2825;397,6;285;275;0
vpja95;19;2835;3070;398,9;273,5;235;0
vpja95;19;3123;3448;-9,89999999999998;109,9;325;0
vpja95;19;3466;3629;-24,4;137,9;163;0
vpja95;19;3696;3892;13,5;-403,6;196;255000
vpja95;19;3908;4048;23,3;-378,9;140;0
vpja95;19;4098;4299;-357,9;-386,1;201;0
vpja95;19;4333;4561;-494,7;-416,7;228;0
vpja95;19;4622;4829;16,4;-405,1;207;0
vpja95;19;4843;5405;26,6;-382,4;562;0
vpja95;19;5460;5949;-304,8;-257,4;489;0
vpja95;19;5994;6375;-385,5;-407,4;381;0
vpja95;19;6428;6870;3,89999999999998;-388;442;255000
vpja95;19;6926;7398;-231,5;156,3;472;255255000
vpja95;19;7423;7831;-158,1;120,3;408;0
vpja95;19;7864;8251;-16,5;127,8;387;0
vpja95;19;8298;8541;-19;-94,9;243;2,55e+08
vpja95;19;8604;8841;387,7;206,2;237;255
vpja95;19;8866;9275;389,3;282,9;409;255
vpja95;19;9523;9967;-163,7;-203,3;444;0
vpja95;20;227;422;-183,8;-260,1;195;255000
vpja95;20;434;762;-213,1;-268,3;328;255000
vpja95;20;775;922;-218,7;-285,3;147;255000
vpja95;20;981;1312;-453,1;262,5;331;255255000
vpja95;20;1362;1784;-136,2;317,8;422;255
vpja95;20;1831;2469;-459,2;292,5;638;255255000
vpja95;20;2514;2626;-126,1;305,3;112;255
vpja95;20;2856;3263;-181,3;285,5;407;0
vpja95;20;3312;3601;-514,5;277,3;289;0
vpja95;20;3674;4658;-549,1;-241,3;984;0
vpja95;20;4723;5049;-84,3000000000001;-189,3;326;0
vpja95;20;5108;5351;353,4;10,3;243;0
vpja95;20;5576;5769;282,2;5,19999999999993;193;0
vpja95;20;5790;7127;313,5;41,8;1337;0
vpja95;20;7158;7542;425,5;14,9;384;0
vpja95;20;7556;7900;400,4;11,0999999999999;344;0
vpja95;20;8106;8314;-128,1;-218,3;208;0
vpja95;20;8347;8980;-209,8;-282,1;633;255000
vpja95;20;8994;9730;-202,3;-301,6;736;255000
vpja95;20;9785;10000;215,5;-99,7;215;0
vpja95;21;298;530;-74,7;-176,9;232;255000
vpja95;21;542;825;-102,1;-175,7;283;255000
vpja95;21;876;1114;-464,5;84,1999999999999;238;255
vpja95;21;1137;1718;-522,6;84,5;581;255
vpja95;21;1742;2140;-463,7;87,4;398;255
vpja95;21;2387;2723;-481,1;78,6999999999999;336;255
vpja95;21;2773;3152;-41,1;69,6999999999999;379;255255000
vpja95;21;3179;3604;-40;157,7;425;255255000
vpja95;21;3648;3914;237,9;24,5999999999999;266;0
vpja95;21;3957;4237;-50,2;50,6999999999999;280;255255000
vpja95;21;4453;5638;-41,4;86,9;1185;255255000
vpja95;21;5658;6218;-83,8000000000001;93,3;560;255255000
vpja95;21;6439;6777;-65,7;97,0999999999999;338;255255000
vpja95;21;6826;7038;-501,2;148,2;212;255
vpja95;21;7062;7458;-527,5;89;396;255
vpja95;21;7481;7848;-481,5;87,0999999999999;367;255
vpja95;21;7863;8163;-504,9;89;300;255
vpja95;21;8188;8698;-445,4;96,6999999999999;510;255
vpja95;21;8732;9368;-599,1;122,8;636;0
vpja95;21;9400;9656;-503,3;110,2;256;255
vpja95;21;9741;9873;-76,4;2,79999999999995;132;255255000
vpja95;21;9922;10000;219,9;11,0999999999999;78;0
vpja95;22;361;708;-70,9;-224,1;347;255000
vpja95;22;767;1185;-83,6;300,8;418;255
vpja95;22;1235;1446;335,6;193,6;211;255255000
vpja95;22;1688;1813;353,7;175,6;125;0
vpja95;22;1833;2522;386,9;202,9;689;255255000
vpja95;22;2573;2865;-73,1;317,1;292;255
vpja95;22;2885;3014;-52,1;311;129;255
vpja95;22;3297;3579;355,3;180,3;282;255255000
vpja95;22;3627;4082;-44,6;199,7;455;2,55e+08
vpja95;22;4133;4641;363,1;122,7;508;0
vpja95;22;4687;5041;109,8;11,4;354;2,55e+08
vpja95;22;5099;5441;-62;-228,1;342;255000
vpja95;22;5465;6000;-89,2;-172,2;535;2,55e+08
vpja95;22;6064;7749;393,9;-69,1999999999999;1685;0
vpja95;22;7974;8439;238,6;154,6;465;0
vpja95;22;8502;9767;-252,1;245,7;1265;0
vpja95;22;9785;9873;-231;222;88;0
vpja95;23;378;431;-1,85154639175255;-158,537113402062;53;2,55e+08
vpja95;23;460;1001;-8,55154639175259;-243,037113402062;541;255000
vpja95;23;1021;1203;-16,7515463917525;-284,237113402062;182;255000
vpja95;23;1261;1512;-381,451546391753;146,562886597938;251;0
vpja95;23;1536;1843;-343,151546391753;147,262886597938;307;255
vpja95;23;1907;2421;250,348453608247;146,162886597938;514;255255000
vpja95;23;2709;3414;262,348453608247;143,362886597938;705;255255000
vpja95;23;3481;3683;-366,151546391753;174,262886597938;202;0
vpja95;23;3701;3954;-360,851546391753;149,162886597938;253;0
vpja95;23;3972;4636;-339,351546391753;126,062886597938;664;255
vpja95;23;4889;5175;293,448453608247;137,762886597938;286;255255000
vpja95;23;5220;5508;15,9484536082474;58,9628865979382;288;2,55e+08
vpja95;23;5572;5753;26,1484536082475;-329,737113402062;181;255000
vpja95;23;5779;6374;-6,85154639175255;-279,637113402062;595;255000
vpja95;23;6426;6640;-336,751546391753;-146,637113402062;214;0
vpja95;23;6691;6997;-123,451546391753;-371,637113402062;306;0
vpja95;23;7028;7462;-85,1515463917525;-458,037113402062;434;0
vpja95;23;7518;7664;295,948453608247;-442,237113402062;146;0
vpja95;23;7682;8122;288,148453608247;-473,937113402062;440;0
vpja95;23;8331;8516;306,748453608247;-432,637113402062;185;0
vpja95;23;8682;8769;5,3484536082475;-179,437113402062;87;2,55e+08
vpja95;23;8795;8986;25,7484536082475;-211,637113402062;191;255000
vpja95;23;9042;9346;280,548453608248;153,962886597938;304;255255000
vpja95;23;9390;9529;84,4484536082474;142,662886597938;139;0
vpja95;23;9567;10000;-5,75154639175253;70,6628865979382;433;2,55e+08
vpja95;24;351;1033;123,8;-164,7;682;255000
vpja95;24;1083;1290;76;238,2;207;255
vpja95;24;1311;1590;39,4;233,4;279;255
vpja95;24;1644;2098;-391,4;128,7;454;255255000
vpja95;24;2340;2850;-364,9;83;510;255255000
vpja95;24;2868;3596;-392,2;69,8;728;255255000
vpja95;24;3618;4077;-339,7;58;459;0
vpja95;24;4096;5622;-362,6;73,1999999999999;1526;255255000
vpja95;24;5640;5943;-386,8;75,5;303;255255000
vpja95;24;6003;6165;38,5;252;162;255
vpja95;24;6180;7747;41;235,6;1567;255
vpja95;24;7809;7977;-438,9;156,3;168;0
vpja95;24;7997;8222;-421,4;133;225;0
vpja95;24;8241;8413;-428,6;99,3;172;0
vpja95;24;8465;8732;-567,3;-101,4;267;0
vpja95;24;8764;8937;-611,5;-192,1;173;0
vpja95;24;9010;9090;150,2;-305,9;80;255000
vpja95;24;9169;9383;544,4;214,5;214;0
vpja95;24;9419;9721;561,6;389,3;302;0
vpja95;24;9743;10000;604,6;375,4;257;0
vpja95;25;444;758;-16,8000000000001;-418,4;314;255000
vpja95;25;1139;1262;-401,5;346,3;123;0
vpja95;25;1286;1615;-511,2;356,1;329;255255000
vpja95;25;1674;1842;-91,8000000000001;255,4;168;0
vpja95;25;1903;2132;418,3;353,1;229;255
vpja95;25;2147;2310;430,1;380,7;163;255
vpja95;25;2558;2945;-394;312,3;387;255255000
vpja95;25;3018;3200;-234,8;-147,8;182;2,55e+08
vpja95;25;3240;3604;-332;-305,4;364;0
vpja95;25;3652;4053;-536,2;-298,5;401;0
vpja95;25;4094;4337;-293;-348,4;243;0
vpja95;25;4402;4753;272,2;-285,5;351;0
vpja95;25;4969;5287;18;-52,3000000000001;318;2,55e+08
vpja95;25;5341;5809;346,3;44;468;0
vpja95;25;5857;6095;426,4;349,7;238;0
vpja95;25;6121;6239;387,1;414,3;118;255
vpja95;25;6509;6616;-107,4;235,7;107;0
vpja95;25;6654;6847;-243,9;265,1;193;0
vpja95;25;7117;7232;-193,2;205;115;0
vpja95;25;7257;7661;-130;184,7;404;0
vpja95;25;7669;7891;-119,1;196,2;222;0
vpja95;25;7902;8395;-112,6;185,9;493;0
vpja95;25;8411;8747;-83;173,5;336;0
vpja95;25;8759;9011;-100,7;171,2;252;0
vpja95;25;9040;9275;-51,5;127,5;235;0
vpja95;25;9289;9573;-51,5;111,3;284;2,55e+08
vpja95;25;9581;10000;-53,7;100,2;419;2,55e+08
vpja95;26;302;482;8;-286,8;180;255000
vpja95;26;500;1026;-20,6999999999999;-302,6;526;255000
vpja95;26;1080;1288;303,6;25,8;208;0
vpja95;26;1315;1467;254,1;65,3;152;255255000
vpja95;26;1525;1987;-360;126,6;462;255
vpja95;26;2279;2405;-340,8;77,1999999999999;126;0
vpja95;26;2428;2574;-386,8;108,9;146;0
vpja95;26;2796;3227;244,3;111,5;431;255255000
vpja95;26;3272;3802;520,3;21,5;530;0
vpja95;26;3884;4076;-355,2;144,5;192;255
vpja95;26;4102;4343;-409,1;129;241;0
vpja95;26;4368;4553;-362,3;117;185;255
vpja95;26;4597;4919;-607,1;70,8;322;0
vpja95;26;4931;5256;-626,5;65,0999999999999;325;0
vpja95;26;5281;6095;-575,1;38,5;814;0
vpja95;26;6132;6358;-368,4;132,2;226;255
vpja95;26;6552;6576;-469,4;65,8;24;0
vpja95;26;6607;6912;-354,1;97,9;305;255
vpja95;26;6971;7094;126,6;111,4;123;0
vpja95;26;7128;7290;285,8;109,7;162;255255000
vpja95;26;7336;8059;507,1;-1,10000000000002;723;0
vpja95;26;8068;8368;524,4;-4,5;300;0
vpja95;26;8392;9104;579,4;14,1999999999999;712;0
vpja95;26;9130;9374;538,6;-17,4000000000001;244;0
vpja95;26;9392;9925;514,1;-33,9000000000001;533;0
