vp;trial;timest;timeend;x;y;duration;roi
vpja29;1;294;589;49,9872727272727;-273,785818181818;295;255000
vpja29;1;607;1451;50,2872727272727;-297,985818181818;844;255000
vpja29;1;1522;1748;-244,512727272727;-110,085818181818;226;0
vpja29;1;1820;1945;-252,212727272727;202,214181818182;125;255255000
vpja29;1;2018;2332;335,687272727273;186,114181818182;314;255
vpja29;1;2355;2799;315,387272727273;225,414181818182;444;255
vpja29;1;2842;3041;350,787272727273;158,914181818182;199;255
vpja29;1;3081;3260;540,887272727273;-20,3858181818182;179;0
vpja29;1;3292;3470;491,487272727273;-123,085818181818;178;0
vpja29;1;3530;3735;287,387272727273;-122,085818181818;205;0
vpja29;1;3795;3975;61,9872727272727;-279,185818181818;180;255000
vpja29;1;4006;4931;48,2872727272727;-301,685818181818;925;255000
vpja29;1;4969;5406;-29,6127272727273;-410,485818181818;437;0
vpja29;1;5484;5913;-27,5127272727273;-91,0858181818182;429;2,55e+08
vpja29;1;5963;6276;23,9872727272727;35,2141818181817;313;2,55e+08
vpja29;1;6295;6525;25,4872727272727;62,8141818181817;230;2,55e+08
vpja29;1;6599;6834;-234,912727272727;207,614181818182;235;255255000
vpja29;1;6874;7180;-344,012727272727;132,414181818182;306;0
vpja29;1;7248;7535;327,687272727273;191,114181818182;287;255
vpja29;1;7599;7725;39,3872727272727;-334,985818181818;126;255000
vpja29;1;7751;8027;58,6872727272727;-307,285818181818;276;255000
vpja29;1;8242;8712;30,8872727272727;-304,285818181818;470;255000
vpja29;1;8742;9058;43,4872727272727;-284,385818181818;316;255000
vpja29;1;9107;9398;80,3872727272726;-156,285818181818;291;2,55e+08
vpja29;1;9430;9718;15,9872727272727;-182,385818181818;288;2,55e+08
vpja29;1;9759;9926;41,9872727272727;-326,585818181818;167;255000
vpja29;1;9950;10000;32,2872727272727;-300,285818181818;50;255000
vpja29;2;223;342;-83,21654676259;-132,389208633094;119;255000
vpja29;2;368;760;-102,61654676259;-153,589208633094;392;255000
vpja29;2;784;1163;-113,21654676259;-150,089208633094;379;0
vpja29;2;1235;1456;-298,61654676259;105,410791366906;221;255
vpja29;2;1515;1883;28,88345323741;163,810791366906;368;0
vpja29;2;1908;2227;2,98345323741;179,810791366906;319;255255000
vpja29;2;2276;2454;-149,11654676259;311,910791366906;178;0
vpja29;2;2538;2854;113,08345323741;-354,489208633094;316;0
vpja29;2;2888;3083;128,88345323741;-388,589208633094;195;0
vpja29;2;3121;3482;51,6834532374099;-392,389208633094;361;0
vpja29;2;3548;3836;-380,71654676259;-112,889208633094;288;0
vpja29;2;3872;4039;-430,81654676259;-92,8892086330936;167;0
vpja29;2;4061;4413;-457,81654676259;-125,889208633094;352;0
vpja29;2;4448;4630;-412,31654676259;-175,589208633094;182;0
vpja29;2;4685;4833;-341,21654676259;-34,4892086330937;148;0
vpja29;2;4860;5192;-411,11654676259;13,1107913669064;332;0
vpja29;2;5251;6691;-446,21654676259;214,310791366906;1440;0
vpja29;2;6846;6889;-444,01654676259;222,010791366906;43;0
vpja29;2;6932;7385;-204,71654676259;318,310791366906;453;0
vpja29;2;7413;7883;-123,11654676259;295,810791366906;470;0
vpja29;2;7921;8256;-257,21654676259;109,710791366906;335;255
vpja29;2;8284;8539;-274,31654676259;108,710791366906;255;255
vpja29;2;8599;8824;33,78345323741;156,410791366906;225;0
vpja29;2;8886;9024;-66,8165467625901;-161,689208633094;138;255000
vpja29;2;9050;9301;-83,61654676259;-163,089208633094;251;255000
vpja29;2;9320;9675;-93,11654676259;-169,589208633094;355;255000
vpja29;2;9729;10000;57,88345323741;-57,7892086330936;271;0
vpja29;3;201;302;22,7;-206,4;101;255000
vpja29;3;341;902;37,6;-283;561;255000
vpja29;3;972;1136;262,6;71;164;0
vpja29;3;1186;1417;35,7;-256,3;231;255000
vpja29;3;1442;1763;39;-284,9;321;255000
vpja29;3;1836;2011;297,9;187,8;175;0
vpja29;3;2100;2271;-366,2;176,4;171;255255000
vpja29;3;2301;2807;-356,4;153,9;506;255255000
vpja29;3;2838;3290;-358,9;139,9;452;255255000
vpja29;3;3374;3746;-29,5;-410,7;372;0
vpja29;3;3782;4102;-100,5;-361,4;320;0
vpja29;3;4138;4423;-32,2;-427,1;285;0
vpja29;3;4475;4706;-167;-350,5;231;0
vpja29;3;4743;5071;-185,6;-215,4;328;0
vpja29;3;5113;5380;-117,9;-330,3;267;0
vpja29;3;5419;5918;-181,8;-266,8;499;0
vpja29;3;5988;6245;249,8;-374,5;257;0
vpja29;3;6271;6469;283,3;-416,3;198;0
vpja29;3;6545;6872;502,6;9,59999999999991;327;0
vpja29;3;6934;7249;580,2;302,6;315;0
vpja29;3;7287;7596;619,9;234,5;309;0
vpja29;3;7710;7966;254,8;58,0999999999999;256;0
vpja29;3;8017;8312;30,1;-155,4;295;2,55e+08
vpja29;3;8353;8512;56,2;-244,8;159;255000
vpja29;3;8534;8829;39,8;-283,5;295;255000
vpja29;3;8894;9257;-503,2;-455,8;363;0
vpja29;3;9287;9838;-505;-465,4;551;0
vpja29;4;221;531;-77,0326530612244;-162,371428571429;310;255000
vpja29;4;556;926;-51,7326530612245;-202,171428571428;370;255000
vpja29;4;953;1356;-66,8326530612245;-199,071428571428;403;255000
vpja29;4;1385;1532;-59,8326530612245;-171,071428571428;147;255000
vpja29;4;1611;1843;232,267346938776;202,628571428571;232;0
vpja29;4;1876;2150;265,967346938775;232,928571428572;274;255
vpja29;4;2227;2591;-172,532653061224;319,928571428572;364;255255000
vpja29;4;2621;2811;-148,832653061225;340,528571428571;190;255255000
vpja29;4;2976;3230;-264,032653061224;-347,271428571428;254;0
vpja29;4;3275;3491;-387,032653061224;-350,871428571429;216;0
vpja29;4;3537;3885;-518,332653061224;-379,471428571428;348;0
vpja29;4;3968;4162;-488,032653061224;26,4285714285716;194;0
vpja29;4;4204;4411;-561,132653061224;70,3285714285715;207;0
vpja29;4;4498;4985;238,467346938775;-62,6714285714285;487;0
vpja29;4;5025;5255;381,567346938776;13,3285714285715;230;0
vpja29;4;5390;5837;-72,2326530612245;-184,671428571428;447;255000
vpja29;4;5879;6308;-176,032653061224;-175,071428571428;429;255000
vpja29;4;6356;6834;-69,8326530612245;-186,171428571428;478;255000
vpja29;4;6860;7134;-68,4326530612244;-131,671428571428;274;255000
vpja29;4;7162;7611;-77,6326530612245;-129,571428571428;449;255000
vpja29;4;7651;7885;-160,032653061224;-33,1714285714285;234;2,55e+08
vpja29;4;7909;8317;-168,432653061224;-2,27142857142849;408;2,55e+08
vpja29;4;8375;8509;-89,1326530612245;245,528571428571;134;2,55e+08
vpja29;4;8534;8690;-122,432653061224;241,728571428572;156;2,55e+08
vpja29;4;8717;8949;-34,9326530612244;224,428571428572;232;2,55e+08
vpja29;4;9046;9244;-10,3326530612245;239,028571428571;198;2,55e+08
vpja29;4;9307;9577;-176,832653061225;338,028571428571;270;0
vpja29;4;9607;9712;-145,232653061224;353,928571428572;105;255255000
vpja29;4;9746;9944;-82,7326530612245;203,228571428572;198;2,55e+08
vpja29;5;213;518;-66,3;-85,7;305;255000
vpja29;5;530;1003;-75,4;-89,5;473;255000
vpja29;5;1062;1443;197,5;125,8;381;255
vpja29;5;1523;1683;-413;126,1;160;255255000
vpja29;5;1735;2131;-76,3;-87,4;396;255000
vpja29;5;2155;2407;-70,9;-94,1;252;255000
vpja29;5;2425;2577;-71,2;-84,4;152;255000
vpja29;5;2634;2816;-310,9;-313,2;182;0
vpja29;5;2870;3165;-24,5;-344,9;295;0
vpja29;5;3185;3349;-37,9;-377;164;0
vpja29;5;3421;3596;-391;-380,8;175;0
vpja29;5;3698;4006;-429,9;130,1;308;255255000
vpja29;5;4040;4208;-388,6;131,4;168;255255000
vpja29;5;4270;4407;-431,1;-298,6;137;0
vpja29;5;4445;4650;-402,4;-397,5;205;0
vpja29;5;4719;4859;-458,3;-165,2;140;0
vpja29;5;4918;5202;-57,2;-368,3;284;0
vpja29;5;5235;5639;-28,4;-371,3;404;0
vpja29;5;5683;6095;101,7;-343,3;412;0
vpja29;5;6132;6251;147,6;-281,5;119;0
vpja29;5;6336;6593;-430,4;-297,2;257;0
vpja29;5;6645;6910;-430,7;-152,5;265;0
vpja29;5;6936;7112;-420,1;-117,1;176;0
vpja29;5;7164;7417;-431;28,6;253;0
vpja29;5;7479;7704;-80,7;-82,3;225;255000
vpja29;5;7727;8030;-76,9;-92,2;303;255000
vpja29;5;8090;8283;272;45,5;193;0
vpja29;5;8312;8512;388,8;34;200;0
vpja29;5;8531;8924;377,2;30;393;0
vpja29;5;8967;9331;220,1;97,9;364;255
vpja29;5;9370;9572;103,5;73,3000000000001;202;0
vpja29;5;9604;9777;-17,7;108,3;173;2,55e+08
vpja29;6;175;497;23,432258064516;-120,08064516129;322;255000
vpja29;6;520;767;0,532258064515986;-117,58064516129;247;255000
vpja29;6;827;1081;-42,8677419354841;155,41935483871;254;2,55e+08
vpja29;6;1128;1246;-94,567741935484;213,21935483871;118;255
vpja29;6;1303;1517;4,53225806451599;-140,08064516129;214;255000
vpja29;6;1538;1980;4,6322580645159;-120,68064516129;442;255000
vpja29;6;2052;2283;-70,567741935484;288,11935483871;231;255
vpja29;6;2318;2563;-123,367741935484;319,71935483871;245;255
vpja29;6;2597;2848;-64,1677419354841;249,71935483871;251;255
vpja29;6;2872;3184;-32,3677419354841;190,41935483871;312;255
vpja29;6;3213;3399;-97,7677419354841;262,31935483871;186;255
vpja29;6;3482;3677;-554,667741935484;146,31935483871;195;255255000
vpja29;6;3708;4211;-536,967741935484;150,91935483871;503;255255000
vpja29;6;4369;4628;-108,267741935484;275,21935483871;259;255
vpja29;6;4711;5082;13,6322580645159;-235,68064516129;371;255000
vpja29;6;5128;5652;4,53225806451599;-126,08064516129;524;255000
vpja29;6;5691;6071;85,8322580645159;-240,98064516129;380;255000
vpja29;6;6116;6330;125,632258064516;-167,78064516129;214;0
vpja29;6;6375;6645;25,7322580645159;26,2193548387097;270;2,55e+08
vpja29;6;6669;6940;39,7322580645159;56,2193548387097;271;2,55e+08
vpja29;6;7010;7296;333,632258064516;-275,18064516129;286;0
vpja29;6;7384;7586;40,7322580645159;-157,28064516129;202;255000
vpja29;6;7620;8106;5,23225806451592;-128,78064516129;486;255000
vpja29;6;8144;8507;82,9322580645158;-278,28064516129;363;255000
vpja29;6;8560;8700;10,032258064516;-121,78064516129;140;255000
vpja29;6;8773;9006;408,232258064516;249,81935483871;233;0
vpja29;6;9161;9278;69,9322580645158;-111,98064516129;117;255000
vpja29;6;9310;9615;16,8322580645159;-74,0806451612902;305;255000
vpja29;6;9640;9895;20,032258064516;-115,98064516129;255;255000
vpja29;6;9960;10000;-13,467741935484;174,21935483871;40;2,55e+08
vpja29;7;203;310;-4,70000000000005;-250,2;107;2,55e+08
vpja29;7;334;546;-17,4;-313,4;212;255000
vpja29;7;556;1004;-15,2;-305;448;255000
vpja29;7;1063;1233;-42,7;-63,8;170;2,55e+08
vpja29;7;1269;1454;-120,6;-6,5;185;255
vpja29;7;1494;1664;-214,3;-32,8;170;255255000
vpja29;7;1688;1923;-234,3;-67,7;235;255255000
vpja29;7;1980;2413;-227,1;-67,3;433;255255000
vpja29;7;2463;2810;-189,6;-256,7;347;0
vpja29;7;2893;3196;500,2;-36,3;303;0
vpja29;7;3222;3597;403,2;-25,3;375;0
vpja29;7;3627;3862;492,9;-64,1;235;0
vpja29;7;3888;4198;404,9;-49,1;310;0
vpja29;7;4220;4381;391,5;-80,6;161;0
vpja29;7;4425;4651;301,1;-194;226;0
vpja29;7;4695;4868;294,5;-287,2;173;0
vpja29;7;4934;5072;8,79999999999995;-301;138;255000
vpja29;7;5104;5696;-23,3000000000001;-294,8;592;255000
vpja29;7;5764;5925;35;12,3;161;2,55e+08
vpja29;7;6017;6341;-568,5;-12,2;324;0
vpja29;7;6396;6555;-580,2;170,8;159;0
vpja29;7;6629;6735;-203;319;106;0
vpja29;7;6778;7268;29,8;418,2;490;2,55e+08
vpja29;7;7300;7404;40,6;451,9;104;2,55e+08
vpja29;7;7475;7813;-29;29,9;338;255
vpja29;7;7857;7992;30,9;-99,2;135;2,55e+08
vpja29;7;8038;8490;-17,9;-294,1;452;255000
vpja29;7;8550;8815;-39,5;-33,3;265;255
vpja29;7;8878;9201;-15,2;-291,1;323;255000
vpja29;7;9231;9548;-12,8000000000001;-309,9;317;255000
vpja29;7;9570;9967;-22,4;-302,5;397;255000
vpja29;8;209;394;-1,30000000000007;-189,5;185;255000
vpja29;8;422;580;-29,3000000000001;-188,9;158;255000
vpja29;8;591;961;-40,6;-198,3;370;255000
vpja29;8;1039;1750;-301,3;136,2;711;255
vpja29;8;1818;2219;226,1;174,8;401;255255000
vpja29;8;2247;3144;245,6;176,3;897;255255000
vpja29;8;3166;3513;245,9;151,3;347;255255000
vpja29;8;3541;3870;233,2;169,2;329;255255000
vpja29;8;3898;4255;240,6;183,1;357;255255000
vpja29;8;4288;4612;245,8;147,5;324;255255000
vpja29;8;4774;5120;296,7;-234;346;0
vpja29;8;5151;5444;427,7;-239;293;0
vpja29;8;5498;5691;65,2;-280,6;193;255000
vpja29;8;5765;6014;-232,3;-280;249;0
vpja29;8;6079;6434;-419,9;-304;355;0
vpja29;8;6498;6582;-535,4;-159,8;84;0
vpja29;8;6639;6887;-468,5;-382,6;248;0
vpja29;8;6911;7211;-519,3;-401,7;300;0
vpja29;8;7234;7696;-503,9;-446,5;462;0
vpja29;8;7919;8237;528,5;-33,5;318;0
vpja29;8;8273;8391;487;-85,9;118;0
vpja29;8;8466;8598;17,5999999999999;-170,2;132;255000
vpja29;8;8629;8873;-22,8000000000001;-186,3;244;255000
vpja29;8;8895;9275;-38,4000000000001;-196,5;380;255000
vpja29;8;9293;9537;-45,9000000000001;-199,1;244;255000
vpja29;8;9566;9764;-15,4000000000001;-190,8;198;255000
vpja29;8;9827;10000;-139,5;76,4;173;2,55e+08
vpja29;9;199;309;-37,7949458483755;-242,977256317689;110;255000
vpja29;9;337;728;-86,1949458483756;-337,777256317689;391;255000
vpja29;9;757;1103;-110,394945848376;-347,377256317689;346;255000
vpja29;9;1207;1461;-513,394945848376;298,622743682311;254;0
vpja29;9;1493;1606;-475,894945848376;281,322743682311;113;0
vpja29;9;1716;2000;-491,694945848376;305,222743682311;284;0
vpja29;9;2241;2429;-509,594945848376;330,922743682311;188;0
vpja29;9;2520;2841;340,905054151625;298,022743682311;321;255255000
vpja29;9;2877;3069;388,105054151624;338,722743682311;192;255255000
vpja29;9;3138;3309;321,105054151624;82,9227436823106;171;0
vpja29;9;3339;3730;443,705054151624;66,9227436823106;391;0
vpja29;9;3788;4336;374,905054151625;290,722743682311;548;255255000
vpja29;9;4392;4693;444,905054151625;61,4227436823106;301;0
vpja29;9;4723;5170;472,905054151625;60,0227436823106;447;0
vpja29;9;5195;5535;460,405054151625;97,4227436823106;340;0
vpja29;9;5577;5879;336,905054151625;-99,0772563176894;302;0
vpja29;9;5962;6000;532,005054151624;-391,477256317689;38;0
vpja29;9;6010;6345;528,405054151625;-369,477256317689;335;0
vpja29;9;6381;6553;471,605054151624;-455,777256317689;172;0
vpja29;9;6583;6783;326,805054151624;-452,277256317689;200;0
vpja29;9;6863;6985;-102,294945848376;-392,277256317689;122;255000
vpja29;9;7020;7263;-73,6949458483756;-350,177256317689;243;255000
vpja29;9;7336;7855;-352,894945848376;-237,977256317689;519;0
vpja29;9;7909;8157;-540,094945848376;-247,477256317689;248;0
vpja29;9;8224;8494;-87,1949458483756;-316,077256317689;270;255000
vpja29;9;8519;8925;-72,3949458483755;-343,877256317689;406;255000
vpja29;9;8999;9141;-41,1949458483756;-68,0772563176894;142;2,55e+08
vpja29;9;9191;9299;98,2050541516245;40,2227436823106;108;2,55e+08
vpja29;9;9446;9717;-542,594945848376;338,822743682311;271;0
vpja29;9;9753;10000;-483,094945848376;289,722743682311;247;0
vpja29;10;199;356;-140,280016488559;-181,998285468469;157;255000
vpja29;10;376;1573;-168,280016488559;-189,698285468469;1197;255000
vpja29;10;1617;2161;34,6199835114413;-379,798285468469;544;0
vpja29;10;2185;2519;-18,2800164885587;-388,298285468469;334;0
vpja29;10;2560;3021;63,7199835114412;-398,998285468469;461;0
vpja29;10;3055;3304;123,519983511441;-336,798285468469;249;0
vpja29;10;3383;3602;363,719983511441;-79,3982854684688;219;255
vpja29;10;3672;3976;388,819983511441;197,901714531531;304;0
vpja29;10;3998;4217;377,919983511441;261,701714531531;219;0
vpja29;10;4266;4508;403,419983511441;70,5017145315312;242;0
vpja29;10;4543;4729;255,619983511441;-12,5982854684688;186;0
vpja29;10;4778;5028;-145,880016488559;-180,098285468469;250;255000
vpja29;10;5048;5307;-159,380016488559;-184,998285468469;259;255000
vpja29;10;5361;5605;-83,3800164885587;38,4017145315312;244;2,55e+08
vpja29;10;5640;5939;-148,680016488559;106,101714531531;299;2,55e+08
vpja29;10;6003;6394;-412,480016488559;270,001714531531;391;255255000
vpja29;10;6435;6702;-411,680016488559;92,7017145315311;267;0
vpja29;10;6758;6940;-339,780016488559;-153,298285468469;182;0
vpja29;10;6963;7299;-344,480016488559;-207,798285468469;336;0
vpja29;10;7364;7630;-402,280016488559;58,8017145315312;266;0
vpja29;10;7656;7885;-413,380016488559;118,601714531531;229;0
vpja29;10;7917;8783;-377,280016488559;87,8017145315312;866;0
vpja29;10;8809;8864;-396,680016488559;181,901714531531;55;0
vpja29;10;8889;9406;-407,880016488559;265,601714531531;517;255255000
vpja29;10;9445;9623;-456,380016488559;161,801714531531;178;0
vpja29;10;9657;10000;-438,480016488559;113,301714531531;343;0
vpja29;11;184;251;-63,6999999999999;-210,4;67;2,55e+08
vpja29;11;280;397;-82,9;-316,7;117;2,55e+08
vpja29;11;431;1053;-86,1999999999999;-353,3;622;255000
vpja29;11;1110;1279;105,1;-299,8;169;0
vpja29;11;1366;1682;-453,4;-278,9;316;0
vpja29;11;1777;2102;122,5;-346,8;325;0
vpja29;11;2190;2608;-479,7;-291,2;418;0
vpja29;11;2635;2734;-368,8;-258,1;99;0
vpja29;11;2794;3007;14,2;-291,3;213;0
vpja29;11;3076;3321;352,9;87,7;245;255
vpja29;11;3370;3527;248,5;185,1;157;255
vpja29;11;3618;3760;-376,5;171,7;142;255255000
vpja29;11;3802;4053;-461,4;225,4;251;255255000
vpja29;11;4212;4389;-93;-334,2;177;255000
vpja29;11;4417;4843;-78,5;-345,5;426;255000
vpja29;11;4898;5325;-89,1999999999999;-168,9;427;2,55e+08
vpja29;11;5381;5574;-98,4;-349,4;193;255000
vpja29;11;5607;5895;-72,3;-352,8;288;255000
vpja29;11;5975;6127;312,2;109,5;152;255
vpja29;11;6192;6435;574,6;-107,8;243;0
vpja29;11;6470;6789;458,6;-180,9;319;0
vpja29;11;6827;6923;484,9;-284,3;96;0
vpja29;11;7133;7369;-460,3;112,3;236;0
vpja29;11;7432;7711;-440,1;-284,8;279;0
vpja29;11;7736;7889;-495,2;-288,6;153;0
vpja29;11;7931;8146;-404,1;-375,9;215;0
vpja29;11;8173;8441;-472,2;-373,8;268;0
vpja29;11;8489;8874;-481,9;-282,5;385;0
vpja29;11;8936;9258;68,3000000000001;-332,3;322;0
vpja29;11;9304;9541;-75,6999999999999;-358,4;237;255000
vpja29;11;9597;9729;66,8000000000001;-217,2;132;0
vpja29;11;9780;10000;-85,1999999999999;-343,1;220;255000
vpja29;12;226;380;-319,4;-153,9;154;255000
vpja29;12;412;727;-375,1;-153,6;315;255000
vpja29;12;771;927;-242,9;-256,1;156;0
vpja29;12;980;1174;-366,5;-146;194;255000
vpja29;12;1214;1371;-154,1;-331,1;157;0
vpja29;12;1418;1642;97,8000000000001;-423,6;224;0
vpja29;12;1673;1743;61,3000000000001;-431,5;70;0
vpja29;12;1811;2000;520,4;-329,5;189;0
vpja29;12;2056;2213;473,3;-186,3;157;0
vpja29;12;2239;2494;457;-150,1;255;0
vpja29;12;2538;2605;482,8;-253,4;67;0
vpja29;12;2789;3116;-357,1;-134,7;327;255000
vpja29;12;3172;3376;-296,2;102,5;204;255
vpja29;12;3438;3626;-12,5;184,5;188;0
vpja29;12;3667;4006;132,1;154,3;339;0
vpja29;12;4031;4134;180,9;227;103;0
vpja29;12;4289;4381;-331,3;11,0999999999999;92;2,55e+08
vpja29;12;4419;4755;-348,4;-117,2;336;255000
vpja29;12;4771;5068;-348,2;-145;297;255000
vpja29;12;5106;5400;-166,6;-259,1;294;0
vpja29;12;5426;5646;-228,3;-279,4;220;0
vpja29;12;5683;5950;-252,4;-454,7;267;0
vpja29;12;6015;6152;118,1;-430,5;137;0
vpja29;12;6177;6348;82,1999999999999;-441,7;171;0
vpja29;12;6380;6757;53,4;-425,8;377;0
vpja29;12;6785;6999;9,70000000000005;-382,3;214;0
vpja29;12;7039;7342;56,3000000000001;-435,5;303;0
vpja29;12;7565;7702;-314,5;-152,9;137;255000
vpja29;12;7741;8117;-354,8;-148,4;376;255000
vpja29;12;8168;8754;-189,9;-273,4;586;0
vpja29;12;8951;9254;-373,9;-129,3;303;255000
vpja29;12;9284;9552;-349,6;-145,5;268;255000
vpja29;12;9636;9838;-564,2;453,9;202;0
vpja29;12;9923;10000;373;260,5;77;0
vpja29;13;221;316;77,5;-279,8;95;2,55e+08
vpja29;13;341;618;60,3;-328,3;277;255000
vpja29;13;631;1159;48,8;-348,5;528;255000
vpja29;13;1234;1577;-129;41,4;343;255
vpja29;13;1634;2123;313,4;90,6;489;255255000
vpja29;13;2323;2472;-62,7;11,2;149;255
vpja29;13;2538;2883;523,2;9;345;0
vpja29;13;3176;3537;-491,9;74,3;361;0
vpja29;13;3582;3723;-344,4;39,9;141;0
vpja29;13;3803;3942;81,7;-303,9;139;255000
vpja29;13;3964;4344;62,5999999999999;-333,6;380;255000
vpja29;13;4371;4853;75,5999999999999;-340,8;482;255000
vpja29;13;4924;4955;-109,6;-31,3;31;255
vpja29;13;4972;5127;-117,3;-5,60000000000002;155;255
vpja29;13;5486;5821;350,9;106,9;335;255255000
vpja29;13;5892;6094;74,2;-320,7;202;255000
vpja29;13;6111;6471;59,5;-342,7;360;255000
vpja29;13;6511;6703;121,9;-282,5;192;2,55e+08
vpja29;13;6736;6956;92,4000000000001;-278,4;220;2,55e+08
vpja29;13;6977;7210;72,4000000000001;-318;233;255000
vpja29;13;7230;7594;83,7;-316,4;364;255000
vpja29;13;7615;7968;74,5999999999999;-354,3;353;255000
vpja29;13;7999;8310;92,4000000000001;-323;311;255000
vpja29;13;8350;8559;69,0999999999999;-363,8;209;255000
vpja29;13;8581;9009;54,5;-361,8;428;255000
vpja29;13;9045;9632;76,5;-413,1;587;255000
vpja29;13;9664;9899;58,5999999999999;-389,8;235;255000
vpja29;14;209;773;88,9000000000001;-212,6;564;255000
vpja29;14;838;1156;-284,3;26,3000000000001;318;255
vpja29;14;1411;1475;-346,3;51,4000000000001;64;255
vpja29;14;1555;1985;369,4;220,6;430;255255000
vpja29;14;2061;2263;190,1;-314,9;202;255000
vpja29;14;2317;2554;-58,2;-349,1;237;0
vpja29;14;2630;2969;-311;74,2;339;255
vpja29;14;2996;3088;-303,4;23,7;92;255
vpja29;14;3165;3470;-6,39999999999998;-350,5;305;0
vpja29;14;3525;3943;-121,6;-245,6;418;0
vpja29;14;3997;4230;-45,6;-121,5;233;0
vpja29;14;4256;4505;-25,8;-164,5;249;0
vpja29;14;4528;4761;-44;-179,2;233;0
vpja29;14;4784;5025;-32,3;-195,4;241;0
vpja29;14;5054;5326;-0,100000000000023;-205,5;272;0
vpja29;14;5346;5604;16,2;-204,8;258;0
vpja29;14;5642;5964;-40,7;-193,5;322;0
vpja29;14;5999;6546;9,79999999999995;-198,6;547;0
vpja29;14;6620;6908;436,8;-341,5;288;0
vpja29;14;6930;7186;428,7;-362,6;256;0
vpja29;14;7228;7497;415,4;-271,2;269;0
vpja29;14;7516;7902;417;-286,1;386;0
vpja29;14;7921;8379;426,6;-289,8;458;0
vpja29;14;8406;8682;429;-367;276;0
vpja29;14;8824;9080;-385,5;-206;256;0
vpja29;14;9156;9280;144,2;-241,8;124;255000
vpja29;14;9313;9664;118,3;-209,9;351;255000
vpja29;14;9691;10000;100,9;-199,9;309;255000
vpja29;15;195;306;-94,34;-162,791851851852;111;255000
vpja29;15;328;665;-95,34;-205,091851851852;337;255000
vpja29;15;718;1070;98,9599999999999;76,5081481481482;352;255
vpja29;15;1126;1156;-290,14;109,008148148148;30;0
vpja29;15;1178;1233;-291,14;110,908148148148;55;0
vpja29;15;1880;2082;-324,84;124,708148148148;202;0
vpja29;15;2194;2411;300,86;-62,8918518518518;217;0
vpja29;15;2443;2688;336,06;-56,5918518518517;245;0
vpja29;15;2739;3051;594,26;-188,291851851852;312;0
vpja29;15;3113;3228;236,96;-253,491851851852;115;0
vpja29;15;3286;3474;553,46;-241,291851851852;188;0
vpja29;15;3507;3616;588,86;-246,391851851852;109;0
vpja29;15;3677;4112;483,26;111,908148148148;435;0
vpja29;15;4192;4341;113,16;-247,291851851852;149;0
vpja29;15;4456;4705;-438,64;-213,491851851852;249;0
vpja29;15;4774;4986;-90,64;-193,791851851852;212;255000
vpja29;15;5004;5438;-100,24;-199,091851851852;434;255000
vpja29;15;5466;5788;-97,04;-180,891851851852;322;255000
vpja29;15;5813;6240;-94,64;-207,991851851852;427;255000
vpja29;15;6265;6516;-94,24;-266,891851851852;251;255000
vpja29;15;6545;6945;-136,54;-239,291851851852;400;255000
vpja29;15;7042;7258;-281,74;54,8081481481482;216;2,55e+08
vpja29;15;7299;7522;-338,14;106,308148148148;223;255255000
vpja29;15;7556;8395;-287,54;122,408148148148;839;255255000
vpja29;15;8421;8730;-234,64;125,008148148148;309;255255000
vpja29;15;8766;8992;-289,34;147,608148148148;226;0
vpja29;15;9055;9337;109,16;98,1081481481482;282;255
vpja29;15;9557;9829;115,56;99,9081481481483;272;255
vpja29;15;9882;10000;-121,14;-21,8918518518518;118;2,55e+08
vpja29;16;200;366;-18,2;-259;166;255000
vpja29;16;389;700;-28,8000000000001;-285,2;311;255000
vpja29;16;720;1104;-18,2;-254,5;384;255000
vpja29;16;1249;1561;427,7;187,6;312;255
vpja29;16;1590;1901;419,1;251,3;311;255
vpja29;16;1925;2171;443,3;206,9;246;255
vpja29;16;2201;2522;406,2;264,1;321;255
vpja29;16;2557;2760;465,9;249,1;203;255
vpja29;16;2786;2899;424,8;285,4;113;255
vpja29;16;3039;3378;-388,1;254,4;339;255255000
vpja29;16;3413;3766;-419,2;247,3;353;255255000
vpja29;16;3860;4027;-126,5;-208,9;167;0
vpja29;16;4077;4275;15;-309,1;198;255000
vpja29;16;4325;4724;175,5;-367,5;399;0
vpja29;16;4782;4967;-15,2;-270;185;255000
vpja29;16;4987;5395;-22,8000000000001;-289,4;408;255000
vpja29;16;5419;5598;1,09999999999991;-287,4;179;255000
vpja29;16;5623;5861;-27,8000000000001;-290,4;238;255000
vpja29;16;5893;6200;-8,40000000000009;-266,2;307;255000
vpja29;16;6258;6529;379,1;-47,6;271;0
vpja29;16;6618;7070;-415,8;63,3;452;0
vpja29;16;7101;7258;-543,5;75,5;157;0
vpja29;16;7307;7891;-543;-243,9;584;0
vpja29;16;7925;8066;-577,2;-230,2;141;0
vpja29;16;8184;8359;-28,8000000000001;-337,7;175;255000
vpja29;16;8394;8819;-12;-287,6;425;255000
vpja29;16;8833;9089;-32,2;-299,5;256;255000
vpja29;16;9122;9524;-4,90000000000009;-261,4;402;255000
vpja29;16;9556;9720;-26,9000000000001;-241,9;164;255000
vpja29;16;9757;9943;-21,7;-300,1;186;255000
vpja29;16;9966;10000;-35,7;-302,5;34;255000
vpja29;17;176;284;-25,8;-201;108;255000
vpja29;17;311;463;-53,1;-246,6;152;255000
vpja29;17;485;719;-77,7;-247,8;234;255000
vpja29;17;748;851;-54,9;-243,7;103;255000
vpja29;17;962;1268;-501,5;197,2;306;255
vpja29;17;1300;1483;-453,6;244,8;183;255
vpja29;17;1707;1744;357,7;338,1;37;0
vpja29;17;1756;2020;325,8;166,8;264;255255000
vpja29;17;2050;2139;348,5;198,7;89;255255000
vpja29;17;2436;2934;376,8;124,9;498;255255000
vpja29;17;2960;3241;343,7;183,1;281;255255000
vpja29;17;3301;3601;551,8;-120,6;300;0
vpja29;17;3638;3819;524,4;-210,8;181;0
vpja29;17;3913;4085;-94,2;-247,8;172;255000
vpja29;17;4161;4346;-474,3;-99,1;185;0
vpja29;17;4381;4610;-401,6;-52;229;0
vpja29;17;4633;4832;-421,8;-100,2;199;0
vpja29;17;4863;5085;-380,4;-45;222;0
vpja29;17;5144;5907;-476,9;208,7;763;255
vpja29;17;5941;6101;-421,9;240,1;160;255
vpja29;17;6147;6459;-511,9;219;312;0
vpja29;17;6486;6772;-535,2;211,9;286;0
vpja29;17;6806;7059;-472,3;194,2;253;255
vpja29;17;7083;7255;-400,8;234,9;172;255
vpja29;17;7328;7580;-68,6;-237,2;252;255000
vpja29;17;7611;7932;-43,1;-249,4;321;255000
vpja29;17;7962;8239;-68,5;-246,6;277;255000
vpja29;17;8261;8652;-57,3;-220,6;391;255000
vpja29;17;8686;9040;-38,6;-249;354;255000
vpja29;17;9074;9309;25,2;-227,4;235;255000
vpja29;17;9335;9469;-47,8;-245,3;134;255000
vpja29;17;9532;9895;364,7;147,7;363;255255000
vpja29;17;9954;10000;39,2;55,7;46;2,55e+08
vpja29;18;213;322;-235,890036900369;-134,944649446495;109;255000
vpja29;18;352;458;-271,790036900369;-109,244649446495;106;255000
vpja29;18;962;1143;-80,190036900369;322,555350553505;181;255
vpja29;18;1209;1614;266,009963099631;89,0553505535055;405;255255000
vpja29;18;1716;2009;-497,490036900369;-130,144649446494;293;0
vpja29;18;2048;2277;-425,190036900369;-180,944649446495;229;0
vpja29;18;2326;2612;-591,690036900369;-20,6446494464946;286;0
vpja29;18;2667;2892;-564,590036900369;-258,044649446495;225;0
vpja29;18;2918;3216;-617,990036900369;-227,844649446494;298;0
vpja29;18;3249;3780;-424,390036900369;-198,044649446495;531;0
vpja29;18;3863;4236;272,209963099631;-104,944649446495;373;0
vpja29;18;4282;4595;544,309963099631;-41,3446494464945;313;0
vpja29;18;4843;5075;-256,890036900369;-109,144649446494;232;255000
vpja29;18;5105;5520;-276,090036900369;-99,2446494464945;415;255000
vpja29;18;5540;5835;-285,090036900369;-105,344649446494;295;255000
vpja29;18;5863;6303;-270,290036900369;-84,4446494464945;440;255000
vpja29;18;6325;6634;-276,290036900369;-118,244649446495;309;255000
vpja29;18;6658;6957;-252,090036900369;-117,844649446494;299;255000
vpja29;18;6988;7341;-274,190036900369;-114,044649446495;353;255000
vpja29;18;7361;7738;-270,090036900369;-80,0446494464945;377;255000
vpja29;18;7759;8094;-274,090036900369;-120,644649446494;335;255000
vpja29;18;8119;8480;-274,090036900369;-82,1446494464945;361;255000
vpja29;18;8594;8754;258,109963099631;-0,644649446494554;160;0
vpja29;18;8823;9150;-291,890036900369;-119,444649446495;327;255000
vpja29;18;9211;9494;105,209963099631;-226,844649446494;283;0
vpja29;18;9538;9712;56,2099630996311;-135,744649446495;174;0
vpja29;18;9746;10000;-76,3900369003691;-120,344649446494;254;0
vpja29;19;180;1292;132,619983511441;-115,798285468469;1112;255000
vpja29;19;1344;1509;-36,8800164885587;-131,998285468469;165;0
vpja29;19;1569;1792;-325,380016488559;-146,198285468469;223;0
vpja29;19;1824;2250;-269,980016488559;-256,898285468469;426;0
vpja29;19;2321;2712;-443,980016488559;-79,8982854684688;391;0
vpja29;19;2810;2973;-147,080016488559;238,101714531531;163;255
vpja29;19;3039;3270;418,919983511441;388,401714531531;231;255255000
vpja29;19;3302;3571;385,719983511441;425,501714531531;269;255255000
vpja29;19;3596;3938;410,419983511441;377,301714531531;342;255255000
vpja29;19;3961;4191;362,519983511441;360,201714531531;230;255255000
vpja29;19;4246;4395;246,319983511441;146,301714531531;149;2,55e+08
vpja29;19;4428;4754;387,119983511441;167,901714531531;326;0
vpja29;19;4818;4940;207,019983511441;-60,9982854684688;122;2,55e+08
vpja29;19;5019;5189;486,219983511441;326,901714531531;170;0
vpja29;19;5342;5479;176,619983511441;-258,198285468469;137;0
vpja29;19;5522;5696;61,3199835114414;-248,498285468469;174;0
vpja29;19;5746;6379;144,419983511441;-123,898285468469;633;255000
vpja29;19;6420;6617;56,6199835114413;-140,398285468469;197;0
vpja29;19;6655;6994;137,519983511441;-118,398285468469;339;255000
vpja29;19;7019;7308;149,419983511441;-98,5982854684688;289;255000
vpja29;19;7335;7764;229,019983511441;-135,498285468469;429;0
vpja29;19;7783;7943;218,019983511441;-165,398285468469;160;0
vpja29;19;7991;8108;70,5199835114414;-160,298285468469;117;0
vpja29;19;8226;8541;-419,480016488559;18,3017145315312;315;0
vpja29;19;8579;8713;-491,780016488559;-66,2982854684689;134;0
vpja29;19;8764;8958;-498,480016488559;-254,498285468469;194;0
vpja29;19;8992;9362;-305,080016488559;-352,698285468469;370;0
vpja29;19;9420;9604;-82,0800164885587;-299,598285468469;184;0
vpja29;19;9634;9845;39,4199835114413;-313,698285468469;211;0
vpja29;19;9899;9999;354,619983511441;-347,698285468469;100;0
vpja29;20;196;681;70,1000000000001;-38,9;485;255000
vpja29;20;723;1035;-10,4;116,6;312;255
vpja29;20;1060;1352;-44,1999999999999;88,5;292;255
vpja29;20;1373;1753;-44,4;118,4;380;255
vpja29;20;1808;2087;305,8;193,4;279;0
vpja29;20;2116;2348;325,9;188,8;232;255255000
vpja29;20;2395;2525;124,5;67,6;130;2,55e+08
vpja29;20;2564;2748;86,5;-40,7;184;255000
vpja29;20;2771;2933;74,5;-35,8000000000001;162;255000
vpja29;20;2971;3199;-33,5;-162,2;228;0
vpja29;20;3252;3854;69,6000000000001;-36,8000000000001;602;255000
vpja29;20;3882;4002;72,3;-45,8000000000001;120;255000
vpja29;20;4093;4573;-571;167,2;480;0
vpja29;20;4621;4778;-569,9;315,1;157;0
vpja29;20;4929;5024;-100,5;-121,3;95;0
vpja29;20;5106;5575;-575,9;358,9;469;0
vpja29;20;5603;5876;-562,5;353;273;0
vpja29;20;5974;6179;-34,0999999999999;-266,1;205;0
vpja29;20;6224;6415;15;-186,5;191;0
vpja29;20;6443;6682;-7;-190,8;239;0
vpja29;20;6733;6928;76,2;-35,8000000000001;195;255000
vpja29;20;6947;7168;67,2;-45,3000000000001;221;255000
vpja29;20;7411;8062;68;-24,8000000000001;651;255000
vpja29;20;8072;8896;64;-39,8000000000001;824;255000
vpja29;20;8915;9196;57;-53,3000000000001;281;255000
vpja29;20;9215;9451;68,6000000000001;-35,5;236;255000
vpja29;20;9506;9662;189,9;-194,2;156;0
vpja29;20;9693;9912;128,9;-269,9;219;0
vpja29;20;9965;10000;319;-229,6;35;0
vpja29;21;219;336;-18,4;-351,7;117;255000
vpja29;21;357;719;-52,7;-401,2;362;255000
vpja29;21;796;972;312,5;270,5;176;255255000
vpja29;21;1026;1152;513,4;376,3;126;255255000
vpja29;21;1256;1388;-426,5;351,9;132;0
vpja29;21;1434;1601;-558,2;411,4;167;0
vpja29;21;1715;1904;-363;371,4;189;0
vpja29;21;1964;2437;-579,3;460,3;473;255
vpja29;21;2463;2938;-537,2;442,1;475;255
vpja29;21;2992;3174;-460,6;293,3;182;255
vpja29;21;3210;3466;-532;404,4;256;0
vpja29;21;3566;4016;-330,6;-331,8;450;0
vpja29;21;4055;4272;-254,2;-392,6;217;0
vpja29;21;4321;4610;-58,9;-407,7;289;255000
vpja29;21;4641;4925;-31,2;-406,5;284;255000
vpja29;21;4997;5124;321,7;-169,5;127;0
vpja29;21;5182;5463;593,9;-43,3;281;0
vpja29;21;5514;5710;598,1;89,5;196;0
vpja29;21;5733;5872;587,3;122,8;139;0
vpja29;21;5932;6197;365,9;313,5;265;255255000
vpja29;21;6365;6600;-536,7;397,7;235;0
vpja29;21;6648;6806;-271,9;167,8;158;0
vpja29;21;6882;7389;-40,6;-406,3;507;255000
vpja29;21;7504;7711;252,4;-299,9;207;0
vpja29;21;7748;7982;393,3;-337,6;234;0
vpja29;21;8075;8321;-258,2;-340,2;246;0
vpja29;21;8364;8687;-355,6;-300,4;323;0
vpja29;21;8726;9189;-544,1;-352,9;463;0
vpja29;21;9282;9581;-94,9;-412,5;299;255000
vpja29;21;9617;9795;-36,1;-410,2;178;255000
vpja29;21;9818;10000;-16;-409,3;182;255000
vpja29;22;232;397;-281,965743944637;-255,717993079585;165;255000
vpja29;22;421;747;-330,765743944637;-275,817993079585;326;255000
vpja29;22;835;977;-438,665743944637;307,782006920415;142;255
vpja29;22;1045;1302;-313,265743944637;-262,217993079585;257;255000
vpja29;22;1335;1566;-326,765743944637;-296,017993079585;231;255000
vpja29;22;1592;1854;-315,365743944637;-237,417993079585;262;255000
vpja29;22;1952;2322;186,034256055363;243,882006920415;370;255255000
vpja29;22;2355;2397;175,234256055364;239,182006920415;42;255255000
vpja29;22;2475;2635;-410,565743944637;340,082006920415;160;255
vpja29;22;2709;3016;-336,565743944637;-257,917993079585;307;255000
vpja29;22;3049;3222;-309,965743944637;-263,717993079585;173;255000
vpja29;22;3262;3467;-326,665743944637;-234,817993079585;205;255000
vpja29;22;3540;3791;195,434256055363;184,182006920415;251;255255000
vpja29;22;3823;4050;174,134256055363;231,182006920415;227;255255000
vpja29;22;4127;4324;-399,565743944637;344,782006920415;197;255
vpja29;22;4360;4562;-455,565743944637;357,782006920415;202;255
vpja29;22;4650;5115;-552,465743944637;-253,117993079585;465;0
vpja29;22;5160;5379;-341,965743944637;-285,517993079585;219;255000
vpja29;22;5413;5941;-326,865743944637;-230,917993079585;528;255000
vpja29;22;6026;6221;502,934256055363;-169,117993079585;195;0
vpja29;22;6247;6458;545,134256055363;-131,117993079585;211;0
vpja29;22;6515;6861;346,334256055363;-21,5179930795848;346;0
vpja29;22;6933;7044;316,734256055364;-287,617993079585;111;0
vpja29;22;7097;7264;52,5342560553635;-316,617993079585;167;0
vpja29;22;7326;7525;-289,465743944637;-306,617993079585;199;255000
vpja29;22;7559;7987;-311,565743944637;-239,917993079585;428;255000
vpja29;22;8012;8189;-306,865743944637;-296,017993079585;177;255000
vpja29;22;8212;8524;-349,465743944637;-300,817993079585;312;255000
vpja29;22;8569;8907;-320,965743944637;-245,017993079585;338;255000
vpja29;22;8934;9439;-330,465743944637;-231,717993079585;505;255000
vpja29;22;9472;9823;-316,965743944637;-284,117993079585;351;255000
vpja29;22;9838;10000;-333,865743944637;-292,617993079585;162;255000
vpja29;23;201;318;-184,8;-244,5;117;255000
vpja29;23;351;967;-229,3;-266;616;255000
vpja29;23;1052;1335;-121;281,2;283;255
vpja29;23;1383;1646;-457,1;303,2;263;255255000
vpja29;23;1666;1969;-491,4;293,2;303;255255000
vpja29;23;2040;2144;-235,1;-144,9;104;2,55e+08
vpja29;23;2171;2489;-220,8;-259,7;318;255000
vpja29;23;2552;2697;181,5;-316,1;145;0
vpja29;23;2748;2907;333,1;-367,6;159;0
vpja29;23;2978;3200;-5,90000000000009;-291,5;222;0
vpja29;23;3251;3508;316,8;-347,4;257;0
vpja29;23;3581;3931;-16,6;-283;350;0
vpja29;23;3965;4149;-57,1;-240,6;184;0
vpja29;23;4264;4569;-576,7;-205,9;305;0
vpja29;23;4639;4969;-369,4;178;330;0
vpja29;23;5036;5170;-118,4;251,2;134;255
vpja29;23;5295;5394;-202,7;-239,9;99;255000
vpja29;23;5423;6198;-218,7;-273,9;775;255000
vpja29;23;6220;6444;-224,9;-266,8;224;255000
vpja29;23;6494;6692;-220,8;-148,3;198;2,55e+08
vpja29;23;6905;7433;-151,1;312,8;528;0
vpja29;23;7467;8064;-136;300,7;597;255
vpja29;23;8133;8725;-476,4;298,8;592;255255000
vpja29;23;8776;9080;-131,7;311;304;255
vpja29;23;9136;9372;41,6999999999999;454,2;236;0
vpja29;23;9461;9605;228,4;-265,5;144;0
vpja29;23;9657;9835;-63,5000000000001;-310,6;178;0
vpja29;23;9860;10000;-12,0000000000001;-272;140;0
vpja29;24;70;175;-61,8;-64,8;105;2,55e+08
vpja29;24;232;329;-78,4;-222,8;97;255000
vpja29;24;354;753;-109,5;-226,6;399;255000
vpja29;24;952;1104;-409;-29,8;152;255
vpja29;24;1140;1441;-470,9;80;301;0
vpja29;24;1508;1883;-24,3;82,3;375;255255000
vpja29;24;1907;2072;10,9000000000001;86,7;165;255255000
vpja29;24;2122;2243;-75,1999999999999;-208;121;255000
vpja29;24;2266;2635;-106,1;-226,7;369;255000
vpja29;24;2647;2978;-101,5;-216,9;331;255000
vpja29;24;3027;3229;-44,8;-94,3;202;2,55e+08
vpja29;24;3279;3447;-102;-1,39999999999998;168;2,55e+08
vpja29;24;3484;4040;-14,5999999999999;21,4;556;255255000
vpja29;24;4069;4404;-3;34,7;335;255255000
vpja29;24;4539;4678;-91,9;-219,7;139;255000
vpja29;24;4708;4995;-108;-219,3;287;255000
vpja29;24;5003;5853;-108,3;-217,8;850;255000
vpja29;24;5872;6271;-99,4;-201,9;399;255000
vpja29;24;6280;6521;-91,8;-211,8;241;255000
vpja29;24;6596;6821;445,3;-83;225;0
vpja29;24;6874;7071;596,9;-118,1;197;0
vpja29;24;7120;7313;513,8;-375,3;193;0
vpja29;24;7379;7495;110,8;-399;116;0
vpja29;24;7550;7705;-65,5;-236,8;155;255000
vpja29;24;7737;8091;-96,5999999999999;-227,1;354;255000
vpja29;24;8146;8287;-61,5;-57;141;2,55e+08
vpja29;24;8367;8693;-495,5;136,3;326;0
vpja29;24;8720;9088;-458,2;27,9;368;255
vpja29;24;9116;9417;-466,6;105,8;301;255
vpja29;24;9489;9796;-42,1999999999999;79,8;307;255255000
vpja29;24;9874;10000;-102,7;-220,3;126;255000
vpja29;25;208;355;9,69999999999993;-246,6;147;255000
vpja29;25;377;637;-20,4000000000001;-279;260;255000
vpja29;25;645;1134;-22;-274,2;489;255000
vpja29;25;1198;1624;-359;109,3;426;255
vpja29;25;1702;2098;268,2;104,6;396;255255000
vpja29;25;2202;2570;-360,3;139,4;368;255
vpja29;25;2635;2778;241,6;108,4;143;255255000
vpja29;25;2841;3166;531,9;-70,1;325;0
vpja29;25;3254;3336;75,8999999999999;-254,1;82;0
vpja29;25;3380;3816;-12,8000000000001;-273;436;255000
vpja29;25;3832;4367;-7,10000000000002;-280;535;255000
vpja29;25;4391;4504;-25,1;-277,2;113;255000
vpja29;25;4590;4797;-475,9;-40,1;207;0
vpja29;25;4829;5135;-620;76;306;0
vpja29;25;5171;5473;-574,7;68,9;302;0
vpja29;25;5497;5787;-578,3;89,8;290;0
vpja29;25;5822;6104;-630,8;92,4;282;0
vpja29;25;6127;6439;-642,9;92,1999999999999;312;NA
vpja29;25;6476;6722;-569,4;69,9;246;0
vpja29;25;6882;7126;-0,600000000000023;-327;244;255000
vpja29;25;7155;7433;7,19999999999993;-275,6;278;255000
vpja29;25;7447;7833;-7,70000000000005;-284,9;386;255000
vpja29;25;7881;8037;1,19999999999993;-87,1;156;2,55e+08
vpja29;25;8111;8325;-348,1;106,6;214;255
vpja29;25;8405;8781;285,5;67,8;376;255255000
vpja29;25;8849;9081;-1,5;263;232;0
vpja29;25;9130;9221;86,8;376,4;91;0
vpja29;25;9302;9674;-339,1;142,2;372;255
vpja29;25;9739;10000;249,6;87,5999999999999;261;255255000
vpja29;26;189;364;118,5;-260,3;175;255000
vpja29;26;386;614;103,5;-298,7;228;255000
vpja29;26;642;1004;79,9;-301,1;362;255000
vpja29;26;1106;1364;303,8;352,1;258;255
vpja29;26;1453;1734;-453,2;239,8;281;255255000
vpja29;26;1796;1984;-317,8;-204,4;188;0
vpja29;26;2038;2274;-159,3;-242,8;236;0
vpja29;26;2311;2698;-159,3;-317,4;387;0
vpja29;26;2740;2912;-327,2;-232;172;0
vpja29;26;2955;3190;-590,2;-238,5;235;0
vpja29;26;3315;3681;494,5;197,8;366;0
vpja29;26;3712;3894;422,2;283,8;182;0
vpja29;26;3988;4220;-270,9;58;232;0
vpja29;26;4385;4591;-464,8;208,9;206;255255000
vpja29;26;4734;4997;112;-291,9;263;255000
vpja29;26;5021;5291;83,1999999999999;-295,4;270;255000
vpja29;26;5323;5787;108,6;-243,8;464;255000
vpja29;26;5811;5980;106,4;-303,3;169;255000
vpja29;26;6006;6390;64,9999999999999;-312,6;384;255000
vpja29;26;6413;6783;111,4;-307,4;370;255000
vpja29;26;6855;6999;44,6999999999999;-6,39999999999998;144;2,55e+08
vpja29;26;7069;7239;-178,4;158,5;170;0
vpja29;26;7311;8075;-457,3;268,5;764;255255000
vpja29;26;8096;8997;-445,5;243;901;255255000
vpja29;26;9183;9537;271,8;449,9;354;255
vpja29;26;9612;9786;85,1999999999999;-262,8;174;255000
vpja29;26;9821;10000;115,9;-300,5;179;255000
