vp;trial;timest;timeend;x;y;duration;roi
vpja62;1;327;433;-334,8;-87,5;106;255000
vpja62;1;445;595;-368,6;-91,1;150;255000
vpja62;1;930;1168;-366,7;-98,4;238;255000
vpja62;1;1179;1403;-381,6;-101,8;224;255000
vpja62;1;1420;1493;-344,3;-94,9;73;255000
vpja62;1;1532;1700;-275,6;38;168;255
vpja62;1;1746;1981;-7;67,4;235;255255000
vpja62;1;1997;2163;-37,5;72,3;166;255255000
vpja62;1;2217;2461;-117,9;-197,2;244;0
vpja62;1;2472;2607;-125,6;-198,9;135;0
vpja62;1;2631;2905;-196,7;-216,8;274;0
vpja62;1;2940;3252;-85;-217,2;312;0
vpja62;1;3288;3559;-204,1;-218,6;271;0
vpja62;1;3569;4282;-192,3;-215,6;713;0
vpja62;1;4327;4480;-384,8;-143,8;153;255000
vpja62;1;4489;4676;-379,8;-121,9;187;255000
vpja62;1;4721;5740;-178,1;-232,5;1019;0
vpja62;1;5780;6040;-3,10000000000002;-203,3;260;0
vpja62;1;6099;6321;524,3;-193,3;222;0
vpja62;1;6363;6491;538,9;-325,9;128;0
vpja62;1;6665;6919;565,6;-440,7;254;0
vpja62;1;6946;7275;485;-396,6;329;0
vpja62;1;7327;7637;59,0999999999999;-397,6;310;0
vpja62;1;7660;8014;8,5;-354,9;354;0
vpja62;1;8024;8301;13,9;-339,5;277;0
vpja62;1;8333;8587;139,6;-399,6;254;0
vpja62;1;8608;8783;190;-418,5;175;0
vpja62;1;8808;9394;103,5;-410,5;586;0
vpja62;1;9427;9960;191,1;-434,5;533;0
vpja62;2;224;314;1,56619718309867;-117,449295774648;90;2,55e+08
vpja62;2;346;523;-33,3338028169014;-236,049295774648;177;255000
vpja62;2;588;810;-328,033802816901;173,450704225352;222;255
vpja62;2;872;1121;-46,5338028169014;-270,449295774648;249;255000
vpja62;2;1138;1336;-26,0338028169014;-255,049295774648;198;255000
vpja62;2;1360;1520;41,0661971830987;-254,049295774648;160;255000
vpja62;2;1553;1709;121,666197183099;-362,049295774648;156;0
vpja62;2;1746;1843;-16,1338028169014;-300,349295774648;97;255000
vpja62;2;1856;2089;-25,7338028169014;-268,949295774648;233;255000
vpja62;2;2137;2386;-140,133802816901;-431,249295774648;249;0
vpja62;2;2397;2635;-133,133802816901;-410,249295774648;238;0
vpja62;2;2645;3019;-144,133802816901;-406,449295774648;374;0
vpja62;2;3091;3214;310,066197183099;144,450704225352;123;0
vpja62;2;3237;3587;290,666197183099;203,950704225352;350;0
vpja62;2;3595;3763;280,966197183099;223,350704225352;168;0
vpja62;2;3826;4133;-298,033802816901;139,050704225352;307;0
vpja62;2;4364;4499;-302,133802816901;158,150704225352;135;255
vpja62;2;4562;4883;254,366197183099;246,250704225352;321;0
vpja62;2;5102;5269;-17,5338028169014;-282,849295774648;167;255000
vpja62;2;5287;5452;-42,6338028169014;-304,149295774648;165;255000
vpja62;2;5464;5731;-61,3338028169014;-300,849295774648;267;0
vpja62;2;5747;5922;-28,9338028169013;-301,149295774648;175;255000
vpja62;2;5946;6341;53,1661971830986;-304,249295774648;395;255000
vpja62;2;6367;6691;-15,4338028169013;-298,449295774648;324;255000
vpja62;2;6715;6823;59,4661971830985;-300,749295774648;108;255000
vpja62;2;6854;7080;139,366197183099;-408,249295774648;226;0
vpja62;2;7088;7237;125,366197183099;-424,849295774648;149;0
vpja62;2;7268;7633;226,966197183099;-500,549295774648;365;NA
vpja62;2;7663;7976;127,266197183099;-454,449295774648;313;0
vpja62;2;8023;8364;-122,733802816901;-468,249295774648;341;0
vpja62;2;8375;8714;-130,833802816901;-452,149295774648;339;0
vpja62;2;8735;8942;-87,0338028169014;-427,449295774648;207;0
vpja62;2;8971;9206;-17,4338028169013;-329,649295774648;235;255000
vpja62;2;9253;9843;7,2661971830986;-154,849295774648;590;2,55e+08
vpja62;2;9865;10000;61,3661971830986;-130,949295774648;135;2,55e+08
vpja62;3;265;362;12,7679180887374;-93,6767918088738;97;2,55e+08
vpja62;3;405;826;92,0679180887373;-273,076791808874;421;255000
vpja62;3;888;1040;437,967918088737;66,2232081911262;152;255
vpja62;3;1057;1333;459,067918088737;81,6232081911262;276;255
vpja62;3;1500;1633;110,267918088737;-297,976791808874;133;255000
vpja62;3;1650;1954;88,0679180887373;-302,576791808874;304;255000
vpja62;3;1965;2362;117,367918088737;-313,476791808874;397;255000
vpja62;3;2386;2562;73,9679180887374;-269,276791808874;176;255000
vpja62;3;2581;3129;92,0679180887373;-302,276791808874;548;255000
vpja62;3;3140;3578;104,967918088737;-296,876791808874;438;255000
vpja62;3;3641;3928;-142,532081911263;44,2232081911262;287;255255000
vpja62;3;3937;4377;-150,732081911263;40,5232081911262;440;255255000
vpja62;3;4436;4586;64,5679180887373;-272,976791808874;150;2,55e+08
vpja62;3;4597;4977;86,7679180887374;-299,676791808874;380;255000
vpja62;3;4984;5305;93,4679180887374;-306,976791808874;321;255000
vpja62;3;5327;5655;39,2679180887374;-301,376791808874;328;255000
vpja62;3;5676;5858;85,3679180887373;-302,276791808874;182;255000
vpja62;3;5879;6053;62,2679180887374;-244,376791808874;174;2,55e+08
vpja62;3;6061;6214;57,5679180887373;-234,276791808874;153;2,55e+08
vpja62;3;6239;6609;80,7679180887374;-299,676791808874;370;255000
vpja62;3;6673;6879;439,267918088737;105,223208191126;206;255
vpja62;3;6892;7142;467,067918088737;104,123208191126;250;255
vpja62;3;7164;7418;436,867918088737;165,323208191126;254;0
vpja62;3;7435;7608;442,467918088737;131,623208191126;173;255
vpja62;3;7632;7958;354,067918088737;124,423208191126;326;0
vpja62;3;7969;8173;342,467918088737;124,223208191126;204;0
vpja62;3;8203;8427;442,167918088737;118,423208191126;224;255
vpja62;3;8485;8675;-0,632081911262731;22,5232081911262;190;0
vpja62;3;8690;9205;-2,93208191126269;-29,1767918088738;515;255255000
vpja62;3;9256;9376;66,4679180887374;-258,676791808874;120;2,55e+08
vpja62;3;9388;9661;96,8679180887373;-303,876791808874;273;255000
vpja62;3;9674;9929;118,767918088737;-315,776791808874;255;255000
vpja62;3;9938;10000;128,267918088737;-322,576791808874;62;255000
vpja62;4;396;545;-50,7;-231,8;149;255000
vpja62;4;553;795;-44,7;-227;242;255000
vpja62;4;813;1012;-8,10000000000002;-234,1;199;255000
vpja62;4;1028;1300;-41,3;-255,5;272;255000
vpja62;4;1371;1892;-431,2;167,3;521;255255000
vpja62;4;1917;2091;-379,6;231;174;255255000
vpja62;4;2109;2386;-346,4;223,1;277;255255000
vpja62;4;2452;2618;294,9;218;166;255
vpja62;4;2640;2894;338,7;204,4;254;255
vpja62;4;3017;3258;-44,9;-256,8;241;255000
vpja62;4;3277;3725;-5;-255,9;448;255000
vpja62;4;3745;3917;-44,1;-269,4;172;255000
vpja62;4;3982;4244;336,2;164,1;262;0
vpja62;4;4260;4754;326,7;184,3;494;255
vpja62;4;4823;5009;-424,5;143,9;186;255255000
vpja62;4;5022;5223;-431;139,8;201;255255000
vpja62;4;5250;5491;-446,4;99,9;241;0
vpja62;4;5504;5714;-454,4;77,8;210;0
vpja62;4;5739;5864;-432,5;11,6;125;0
vpja62;4;5915;6263;-504,6;-221,4;348;0
vpja62;4;6322;6473;-29,8;-288,1;151;255000
vpja62;4;6486;6726;-41;-267,3;240;255000
vpja62;4;6747;7254;2,10000000000002;-266,1;507;255000
vpja62;4;7266;7558;-8,29999999999995;-244,9;292;255000
vpja62;4;7585;7730;-35;-338,4;145;255000
vpja62;4;7749;7883;-21,7;-286,9;134;255000
vpja62;4;7893;8435;-31,9;-280,3;542;255000
vpja62;4;8456;8721;19,5;-283,5;265;255000
vpja62;4;8791;8977;-463,8;149,9;186;255255000
vpja62;4;8994;9140;-430,7;127,6;146;255255000
vpja62;4;9208;9471;299;176,7;263;255
vpja62;4;9487;10000;330,8;178,2;513;255
vpja62;5;245;367;15,5;-196,8;122;255000
vpja62;5;383;1042;9,70000000000005;-213,7;659;255000
vpja62;5;1107;1406;-255,6;182,8;299;255
vpja62;5;1413;1930;-234;202,9;517;255
vpja62;5;1987;2193;296,9;168,7;206;255255000
vpja62;5;2205;2420;325,6;156,8;215;255255000
vpja62;5;2499;2637;32,9;-288,1;138;255000
vpja62;5;2653;2914;18,2;-256,7;261;255000
vpja62;5;2926;3089;42,4;-250,3;163;255000
vpja62;5;3153;3407;-241,2;148,3;254;255
vpja62;5;3422;3594;-221;168,3;172;255
vpja62;5;3654;3836;303,1;181,5;182;255255000
vpja62;5;3845;4135;314;155,5;290;255255000
vpja62;5;4210;4393;54;-246;183;255000
vpja62;5;4413;4571;20,6;-238,6;158;255000
vpja62;5;4585;4905;-9,89999999999998;-236,6;320;255000
vpja62;5;4949;5181;-127,3;-322,6;232;255255255
vpja62;5;5239;5441;391,6;-323,2;202;255255255
vpja62;5;5479;5625;567,6;-311,2;146;255255255
vpja62;5;5651;6085;567,8;-412,9;434;255255255
vpja62;5;6157;6329;-250,1;-391,7;172;255255255
vpja62;5;6357;6607;-343,7;-384,3;250;255255255
vpja62;5;6618;6771;-364,1;-380,3;153;255255255
vpja62;5;6823;7027;-12,1;-337,6;204;255000
vpja62;5;7055;7242;-3,10000000000002;-239,1;187;255000
vpja62;5;7254;7748;6,5;-236,7;494;255000
vpja62;5;7761;7969;-21,5;-223,4;208;255000
vpja62;5;8035;8242;572,9;-144;207;255255255
vpja62;5;8267;8530;630,5;-108,8;263;255255255
vpja62;5;8591;8812;261,9;179,2;221;255255000
vpja62;5;8825;9160;299,2;160;335;255255000
vpja62;5;9219;9488;-243,7;176,6;269;255
vpja62;5;9553;9742;17,1;-254,8;189;255000
vpja62;5;9758;9927;-3,19999999999993;-229,9;169;255000
vpja62;5;9937;9999;-20,6999999999999;-236,3;62;255000
vpja62;6;194;257;-74,7;-46,6;63;2,55e+08
vpja62;6;280;578;-84,9000000000001;-86,2;298;255000
vpja62;6;633;897;-378,2;118,9;264;255255000
vpja62;6;911;1087;-378,6;137,6;176;255255000
vpja62;6;1142;1275;-103,4;-78,9;133;255000
vpja62;6;1293;1509;-68,3000000000001;-96,4;216;255000
vpja62;6;1517;1693;-59,1;-85,2;176;255000
vpja62;6;1740;1874;-394,4;-78,4;134;0
vpja62;6;1885;2038;-413,2;-61,7;153;0
vpja62;6;2050;2232;-414,4;-81,6;182;0
vpja62;6;2281;2676;-75,8000000000001;-80,8;395;255000
vpja62;6;2683;3110;-62,4000000000001;-66,3;427;2,55e+08
vpja62;6;3163;3402;241,3;142,1;239;0
vpja62;6;3416;3660;214,7;149,6;244;0
vpja62;6;3683;3905;287,8;149,5;222;0
vpja62;6;3927;4052;233,2;146,4;125;0
vpja62;6;4114;4395;-389,7;149,8;281;255255000
vpja62;6;4421;4641;-474,9;154,2;220;255255000
vpja62;6;4653;5222;-493,3;155,7;569;255255000
vpja62;6;5239;5377;-464,5;140,7;138;255255000
vpja62;6;5437;5559;-95,1;-84,8;122;255000
vpja62;6;5574;5813;-74,5;-106,6;239;255000
vpja62;6;5825;6327;-51,2;-90,4;502;255000
vpja62;6;6381;6635;-21,1;117,4;254;2,55e+08
vpja62;6;6647;6841;-1,40000000000009;128,5;194;2,55e+08
vpja62;6;6885;7040;-50;-92,7;155;255000
vpja62;6;7052;7309;-60;-94,9;257;255000
vpja62;6;7349;7510;-6;76,6;161;2,55e+08
vpja62;6;7523;7679;17,0999999999999;87,5;156;2,55e+08
vpja62;6;7734;7915;389,9;93,1;181;0
vpja62;6;7927;8450;414,5;57,8000000000001;523;0
vpja62;6;8460;8607;435,8;55,5;147;0
vpja62;6;8646;8973;248,5;110,3;327;255
vpja62;6;9000;9114;299,9;71,4;114;0
vpja62;6;9148;9342;408,6;40,7;194;0
vpja62;6;9410;9614;-47,9000000000001;-376,2;204;0
vpja62;6;9627;9861;-22,3000000000001;-351,3;234;0
vpja62;6;9910;9999;-343;-361,3;89;0
vpja62;7;234;371;-248,9;-162,5;137;255000
vpja62;7;392;579;-289,3;-175,4;187;255000
vpja62;7;650;858;144,4;327,1;208;255
vpja62;7;872;1073;137,1;298,2;201;255
vpja62;7;1134;1441;-476,5;353,3;307;255255000
vpja62;7;1516;1653;-326,3;-192,6;137;255000
vpja62;7;1676;2182;-261,4;-200,7;506;255000
vpja62;7;2267;2313;116,2;391,3;46;0
vpja62;7;2340;2866;102,6;310,5;526;255
vpja62;7;2900;3057;173,5;458,1;157;0
vpja62;7;3122;3357;-478,6;381,8;235;255255000
vpja62;7;3375;3808;-491,4;364,8;433;255255000
vpja62;7;3898;4116;-317,6;-201,5;218;255000
vpja62;7;4138;4305;-280,6;-209,1;167;255000
vpja62;7;4320;4447;-263,5;-213,8;127;255000
vpja62;7;4496;4792;-554,3;-192,5;296;0
vpja62;7;4811;5103;-523,3;-150,2;292;0
vpja62;7;5129;5416;-588,5;-92,3;287;0
vpja62;7;5473;5639;-372,3;-364,5;166;255000
vpja62;7;5668;5827;-279;-269,1;159;255000
vpja62;7;5845;6768;-241,2;-242,1;923;255000
vpja62;7;6841;6878;-494,2;436,9;37;255255000
vpja62;7;6888;7041;-471,4;369,7;153;255255000
vpja62;7;7061;7589;-502,5;341,4;528;255255000
vpja62;7;7654;7898;39,9;379,8;244;0
vpja62;7;7968;8270;88,9000000000001;366,5;302;0
vpja62;7;8307;8529;91,7;316,2;222;255
vpja62;7;8772;8909;-355,6;-245,6;137;255000
vpja62;7;8931;10000;-265,2;-234,1;1069;255000
vpja62;8;22;194;15,1;7,90000000000009;172;2,55e+08
vpja62;8;213;348;48,5;-16,6999999999999;135;255000
vpja62;8;378;562;-0,399999999999977;103,3;184;255255000
vpja62;8;579;735;-25,3;108,8;156;255255000
vpja62;8;744;955;-32,8;117;211;255255000
vpja62;8;969;1079;-32;91,7;110;255255000
vpja62;8;1117;1262;52,5;-22,6999999999999;145;255000
vpja62;8;1271;1577;77,2;-31,8;306;255000
vpja62;8;1593;1847;50;-40,4;254;255000
vpja62;8;1869;2421;89,2;-40,4;552;0
vpja62;8;2469;2982;341,4;-131,2;513;0
vpja62;8;3011;3235;420;-132,6;224;0
vpja62;8;3289;3483;-29,9;-179,8;194;0
vpja62;8;3496;3794;-12,4;-178,7;298;0
vpja62;8;3835;3969;150;-167,5;134;0
vpja62;8;3982;4153;174,6;-162,4;171;0
vpja62;8;4192;4776;327,3;-141,9;584;0
vpja62;8;4815;5048;487,4;-149,9;233;0
vpja62;8;5074;5249;400,1;-150,5;175;0
vpja62;8;5265;5756;418,6;-129,9;491;0
vpja62;8;5782;6488;322,4;-147,5;706;0
vpja62;8;6545;6697;266,8;204,5;152;0
vpja62;8;6716;7131;291,7;222,3;415;0
vpja62;8;7144;7359;270,8;225,8;215;0
vpja62;8;7406;7582;-33,7;183,5;176;255255000
vpja62;8;7591;7760;-31,5;138,9;169;255255000
vpja62;8;7778;8072;-62,8;127,4;294;0
vpja62;8;8109;8291;38;4,5;182;2,55e+08
vpja62;8;8298;8466;60,5;-6,59999999999991;168;255000
vpja62;8;8487;8960;16,3;-23,0999999999999;473;255000
vpja62;8;8980;9322;58,6;-23,6999999999999;342;255000
vpja62;8;9365;9603;159,3;-115,3;238;0
vpja62;8;9640;9895;40,9;-15,5;255;255000
vpja62;8;9915;10000;1;-15,8;85;0
vpja62;9;212;283;-9,09999999999991;-239,8;71;2,55e+08
vpja62;9;318;503;-16;-354,1;185;255000
vpja62;9;578;863;-380;293;285;255
vpja62;9;903;999;-544,1;355,3;96;255
vpja62;9;1081;1382;421,7;426,4;301;0
vpja62;9;1484;1631;27,1;-391,1;147;255000
vpja62;9;1652;1833;-8,5;-378;181;255000
vpja62;9;1853;1962;-41,1999999999999;-375,1;109;255000
vpja62;9;2006;2143;-271,4;-310,9;137;0
vpja62;9;2315;2400;-270,7;-323,9;85;0
vpja62;9;2441;2726;-462,5;-322,3;285;0
vpja62;9;2772;3018;-275,4;-393,8;246;0
vpja62;9;3047;3165;-195,6;-346,8;118;0
vpja62;9;3207;3391;-35,8;-397;184;255000
vpja62;9;3411;3702;14,6;-392,9;291;255000
vpja62;9;3727;3878;102,6;-403,4;151;255000
vpja62;9;3925;4224;316,5;-256,6;299;0
vpja62;9;4273;4492;5,5;-382,5;219;255000
vpja62;9;4511;4678;-35,6999999999999;-373,5;167;255000
vpja62;9;4758;4938;-335;377,1;180;0
vpja62;9;4966;5143;-245;270,2;177;0
vpja62;9;5154;5273;-223,3;250,7;119;0
vpja62;9;5337;5578;393,1;492,9;241;NA
vpja62;9;5591;5817;412,1;495,8;226;NA
vpja62;9;6032;6273;-16,4;-407,3;241;255000
vpja62;9;6287;6491;-9,69999999999993;-380,4;204;255000
vpja62;9;6510;6804;-29,5;-392,1;294;255000
vpja62;9;6823;6973;15,2;-399,2;150;255000
vpja62;9;7055;7240;-316,4;386,6;185;0
vpja62;9;7273;7720;-197,3;253;447;0
vpja62;9;7770;8130;-506,6;386,7;360;255
vpja62;9;8183;8337;-173,6;251,6;154;0
vpja62;9;8357;8482;-212,9;266,7;125;0
vpja62;9;8544;8874;377,7;491,4;330;NA
vpja62;9;8994;9112;-1,59999999999991;-351,2;118;255000
vpja62;9;9129;9952;7,80000000000007;-366,7;823;255000
vpja62;10;229;613;138,3;-129,1;384;255000
vpja62;10;678;855;335,7;292,1;177;255
vpja62;10;878;1006;266,9;305,9;128;255
vpja62;10;1058;1282;-131;260,9;224;255255000
vpja62;10;1305;1464;-174,2;260,5;159;255255000
vpja62;10;1481;1816;-197,6;258,7;335;255255000
vpja62;10;1844;2256;-148,9;355,5;412;255255000
vpja62;10;2282;2614;-76,3;312,9;332;255255000
vpja62;10;2639;2939;-25,6999999999999;295,6;300;0
vpja62;10;2966;3362;-137,9;268,3;396;255255000
vpja62;10;3390;3634;-226,5;263,3;244;255255000
vpja62;10;3641;3970;-215,8;266,5;329;255255000
vpja62;10;4043;4242;122;-137,5;199;255000
vpja62;10;4256;4567;143,4;-128,7;311;255000
vpja62;10;4628;4804;341,7;287,6;176;255
vpja62;10;4828;4977;282,8;310,7;149;255
vpja62;10;5004;5169;263;409,8;165;255
vpja62;10;5209;5388;434,6;360,8;179;255
vpja62;10;5396;5497;444,5;347,6;101;255
vpja62;10;5577;6197;149,3;-144;620;255000
vpja62;10;6213;6621;180,3;-158;408;0
vpja62;10;6633;7303;160,2;-151,6;670;255000
vpja62;10;7331;7555;58,6;-143,1;224;255000
vpja62;10;7582;7733;155,3;-133,6;151;255000
vpja62;10;7776;8054;-78,6999999999999;-190,6;278;0
vpja62;10;8082;8316;-129,1;-98,9999999999999;234;0
vpja62;10;8361;8583;-406,8;-110,9;222;0
vpja62;10;8608;8842;-411,4;-24,5;234;0
vpja62;10;8904;9193;-65;-240,2;289;0
vpja62;10;9217;9440;-118,7;-241,3;223;0
vpja62;10;9484;9619;134,5;-180,4;135;255000
vpja62;10;9634;9812;146,3;-138,5;178;255000
vpja62;10;9819;10000;158,3;-128,9;181;255000
vpja62;11;229;359;129;-248,7;130;255000
vpja62;11;378;922;141,1;-285,1;544;255000
vpja62;11;992;1126;159,1;226,1;134;255
vpja62;11;1165;1384;148,1;342,3;219;255
vpja62;11;1398;1550;174,4;350,1;152;255
vpja62;11;1571;1732;118;371,3;161;255
vpja62;11;1740;1982;105,1;370,3;242;0
vpja62;11;2043;2251;-435,2;295,7;208;255255000
vpja62;11;2273;2545;-366,8;283,4;272;255255000
vpja62;11;2750;2860;185,8;-331,4;110;255000
vpja62;11;2884;3356;93,8000000000001;-294,9;472;255000
vpja62;11;3431;3615;12,6;294,1;184;2,55e+08
vpja62;11;3638;3889;-15,4;351,2;251;0
vpja62;11;3935;4162;118,4;486;227;NA
vpja62;11;4198;4299;-77,1;506,8;101;NA
vpja62;11;4351;4536;-391,7;405,2;185;255255000
vpja62;11;4577;4807;-546,9;393,8;230;0
vpja62;11;4905;5246;-377,3;-216,2;341;0
vpja62;11;5448;5702;93,4;-315,3;254;255000
vpja62;11;5729;6085;167,7;-309,9;356;255000
vpja62;11;6109;6539;233;-302,8;430;255000
vpja62;11;6567;6704;124,4;-310,1;137;255000
vpja62;11;6725;7004;90,1;-307;279;255000
vpja62;11;7075;7214;137,1;239;139;255
vpja62;11;7262;7418;116,2;397,8;156;255
vpja62;11;7438;7633;80,3000000000001;366,2;195;0
vpja62;11;7641;7948;74,5000000000001;353,9;307;0
vpja62;11;7973;8514;162,5;373;541;255
vpja62;11;8576;8817;-403;276,6;241;255255000
vpja62;11;8838;9035;-361,8;262,7;197;255255000
vpja62;11;9128;9356;-374,6;-178,1;228;0
vpja62;11;9402;9650;-173;-210,8;248;0
vpja62;11;9686;9804;-75,9;-218;118;0
vpja62;12;15;180;8,60000000000002;5,5;165;0
vpja62;12;227;389;-295,2;-16,3000000000001;162;0
vpja62;12;443;567;-339,4;278,4;124;255
vpja62;12;592;781;-342,2;360,2;189;0
vpja62;12;839;1156;-387,5;-43,3000000000001;317;255000
vpja62;12;1170;1467;-407,2;-24,5;297;0
vpja62;12;1518;1689;-58,9;-43,2;171;0
vpja62;12;1711;1923;-5,89999999999998;-36,4;212;0
vpja62;12;1965;2066;-239,8;-49,9;101;0
vpja62;12;2122;2330;195,3;194,8;208;255255000
vpja62;12;2349;2513;157,2;213,1;164;255255000
vpja62;12;2564;2774;-295,3;310,5;210;255
vpja62;12;2835;2979;-374,8;-67,8000000000001;144;255000
vpja62;12;2991;3299;-388,9;-33;308;255000
vpja62;12;3320;3616;-345,6;-27,2;296;255000
vpja62;12;3631;3869;-376,8;-22,3000000000001;238;255000
vpja62;12;3876;4420;-389,9;-21,6;544;255000
vpja62;12;4486;4657;202,6;197,8;171;255255000
vpja62;12;4677;4817;156,8;213,9;140;255255000
vpja62;12;4870;5074;-324,3;303;204;255
vpja62;12;5147;5358;-371;-58,1;211;255000
vpja62;12;5376;5591;-392,9;-27,9000000000001;215;255000
vpja62;12;5612;5971;-457,5;-65,2;359;0
vpja62;12;5997;6220;-375;-17,6;223;255000
vpja62;12;6228;6466;-381,7;-19,4000000000001;238;255000
vpja62;12;6485;6782;-340,1;-19,1;297;255000
vpja62;12;6800;7107;-381,8;-11,9000000000001;307;2,55e+08
vpja62;12;7162;7451;-298,7;366,4;289;255
vpja62;12;7461;7597;-292,7;343;136;255
vpja62;12;7655;7896;190,4;224,3;241;255255000
vpja62;12;7958;8136;-363,2;-38,5000000000001;178;255000
vpja62;12;8150;8592;-388,2;-25,2;442;255000
vpja62;12;8613;9180;-347,4;-28,2;567;255000
vpja62;12;9200;9463;-399;-18;263;0
vpja62;12;9481;9659;-428,5;-6,70000000000005;178;0
vpja62;12;9710;9945;-165,7;172;235;0
vpja62;13;209;241;-17,4;-131,6;32;2,55e+08
vpja62;13;284;406;-31,7;-323,4;122;2,55e+08
vpja62;13;423;778;-12,7;-350,2;355;255000
vpja62;13;849;1092;333,8;194,9;243;255
vpja62;13;1158;1377;-234,8;78,5;219;0
vpja62;13;1418;1580;-61,3000000000001;78;162;2,55e+08
vpja62;13;1597;1739;-45,1;102,6;142;2,55e+08
vpja62;13;1795;1967;343,4;341,6;172;255
vpja62;13;1992;2370;359,1;430,3;378;0
vpja62;13;2377;2446;359,2;409;69;0
vpja62;13;2621;3332;-22,3000000000001;-365,5;711;255000
vpja62;13;3359;3581;-50,6;-290,7;222;2,55e+08
vpja62;13;3600;3886;-76;-288,5;286;2,55e+08
vpja62;13;3924;4546;-42,5;-137,9;622;2,55e+08
vpja62;13;4605;4785;289,7;204;180;255
vpja62;13;4852;5040;-271,3;86;188;0
vpja62;13;5139;5357;-321,2;-350,4;218;0
vpja62;13;5383;5603;-296,2;-422;220;0
vpja62;13;5631;5777;-392;-361,3;146;0
vpja62;13;5981;6130;-40,5;-393,6;149;255000
vpja62;13;6141;6295;-22,6;-413,8;154;255000
vpja62;13;6335;6627;184,5;-405,8;292;0
vpja62;13;6652;6831;95,4999999999999;-384,9;179;0
vpja62;13;6865;7164;-21,9;-417,7;299;255000
vpja62;13;7200;7500;135,2;-374,6;300;0
vpja62;13;7544;7803;121,5;-189,8;259;0
vpja62;13;7864;8054;308,2;237;190;255
vpja62;13;8078;8464;331,9;283,9;386;255
vpja62;13;8557;9165;-300;-46,4;608;0
vpja62;13;9236;9373;-30,5;-424,2;137;0
vpja62;13;9386;10000;-11,9;-399,2;614;255000
vpja62;14;228;322;-16,8527451970068;-230,32192031598;94;255000
vpja62;14;355;592;5,44725480299314;-321,32192031598;237;255000
vpja62;14;648;1025;38,5472548029932;-336,02192031598;377;255000
vpja62;14;1033;1244;49,6472548029932;-357,82192031598;211;255000
vpja62;14;1318;1452;276,447254802993;284,87807968402;134;0
vpja62;14;1476;1796;242,047254802993;299,27807968402;320;0
vpja62;14;1878;2251;-477,352745197007;298,27807968402;373;255255000
vpja62;14;2272;2476;-423,352745197007;266,57807968402;204;0
vpja62;14;2501;2639;-480,352745197007;339,27807968402;138;255255000
vpja62;14;2708;2862;211,947254802993;339,57807968402;154;0
vpja62;14;2872;3067;231,847254802993;336,27807968402;195;0
vpja62;14;3257;3414;-12,9527451970068;-356,22192031598;157;255000
vpja62;14;3438;3862;59,0472548029932;-347,82192031598;424;255000
vpja62;14;3877;4045;27,6472548029932;-358,02192031598;168;255000
vpja62;14;4060;4315;5,04725480299317;-350,42192031598;255;255000
vpja62;14;4338;4599;66,1472548029931;-352,92192031598;261;255000
vpja62;14;4654;5035;-33,8527451970068;-126,72192031598;381;2,55e+08
vpja62;14;5099;5253;-390,852745197007;276,87807968402;154;0
vpja62;14;5279;5505;-444,052745197007;269,97807968402;226;0
vpja62;14;5524;5736;-409,352745197007;260,47807968402;212;0
vpja62;14;5763;5986;-475,452745197007;361,37807968402;223;255255000
vpja62;14;5994;6351;-480,652745197007;363,37807968402;357;255255000
vpja62;14;6425;6686;196,247254802993;436,17807968402;261;0
vpja62;14;6705;7040;240,147254802993;389,77807968402;335;0
vpja62;14;7062;7454;287,747254802993;434,67807968402;392;0
vpja62;14;7581;7643;15,9472548029931;-259,22192031598;62;255000
vpja62;14;7668;7872;3,34725480299312;-312,92192031598;204;255000
vpja62;14;7884;8045;-23,0527451970069;-311,62192031598;161;255000
vpja62;14;8067;8236;41,8472548029931;-328,92192031598;169;255000
vpja62;14;8308;8440;193,247254802993;299,37807968402;132;0
vpja62;14;8464;8795;233,347254802993;347,17807968402;331;0
vpja62;14;8814;9365;250,647254802993;372,67807968402;551;0
vpja62;14;9379;9399;274,047254802993;410,87807968402;20;0
vpja62;14;9472;9717;-514,552745197007;431,37807968402;245;0
vpja62;14;9738;10000;-438,452745197007;361,37807968402;262;255255000
vpja62;15;237;564;-33,3;-238,7;327;255000
vpja62;15;627;852;-389,1;144,9;225;0
vpja62;15;860;936;-373,7;148,8;76;0
vpja62;15;1002;1386;-37,6;-261,8;384;255000
vpja62;15;1400;2042;-4;-255,1;642;255000
vpja62;15;2055;2437;-27,4;-253,6;382;255000
vpja62;15;2499;2936;279;102,1;437;255
vpja62;15;2947;3143;255,5;107,5;196;255
vpja62;15;3205;3488;-354,2;150,7;283;255255000
vpja62;15;3505;3875;-378,2;160,4;370;0
vpja62;15;4110;4201;-32,6;-290,8;91;255000
vpja62;15;4212;4416;-31;-264;204;255000
vpja62;15;4433;5220;-4,5;-259,2;787;255000
vpja62;15;5235;5628;-30,5;-260,5;393;255000
vpja62;15;5644;6249;-1,70000000000005;-250,6;605;255000
vpja62;15;6307;6720;271;90,9000000000001;413;255
vpja62;15;6784;6943;-323;141;159;255255000
vpja62;15;6962;7264;-365,7;154,4;302;0
vpja62;15;7328;7576;227,8;101,2;248;255
vpja62;15;7597;8167;278;93,9000000000001;570;255
vpja62;15;8234;8437;0,100000000000023;-272;203;255000
vpja62;15;8453;8731;-21,3;-266,1;278;255000
vpja62;15;8745;9147;12;-266;402;255000
vpja62;15;9210;9429;549,6;-193,3;219;0
vpja62;15;9461;9639;556;-53,1999999999999;178;0
vpja62;15;9683;9932;570;-272,2;249;0
vpja62;16;198;298;-98,6;-191,7;100;255000
vpja62;16;361;461;-129,6;250;100;2,55e+08
vpja62;16;487;631;-168,6;314,9;144;255255000
vpja62;16;697;850;-89,1;-152,7;153;255000
vpja62;16;866;2346;-57,2;-164,2;1480;255000
vpja62;16;2412;2897;280,8;257,6;485;0
vpja62;16;2909;3119;297,4;272,4;210;0
vpja62;16;3172;3381;-141,3;355,6;209;255255000
vpja62;16;3393;4537;-160,1;355,4;1144;255255000
vpja62;16;4545;5225;-175,7;343,3;680;0
vpja62;16;5241;5620;-139,5;353,1;379;255255000
vpja62;16;5634;6151;-153,6;341;517;255255000
vpja62;16;6160;6890;-133,4;343,4;730;255255000
vpja62;16;6946;7157;225,2;278,4;211;0
vpja62;16;7176;7386;262,7;278,8;210;0
vpja62;16;7468;7684;-77,5;-159,3;216;255000
vpja62;16;7694;7938;-62,5;-148,1;244;255000
vpja62;16;7962;8310;-71;-89,4999999999999;348;2,55e+08
vpja62;16;8346;8680;-181,1;-127,6;334;2,55e+08
vpja62;16;8706;8964;-256,2;-133,9;258;2,55e+08
vpja62;16;9000;9153;-247,4;2,90000000000009;153;2,55e+08
vpja62;16;9204;9555;-573,5;88,2;351;0
vpja62;16;9626;9780;173,4;253,9;154;0
vpja62;16;9801;9974;194,1;242,4;173;0
vpja62;17;220;351;-101,7;-118,4;131;2,55e+08
vpja62;17;373;585;-115,9;-163,5;212;255000
vpja62;17;644;807;-314,5;144,8;163;0
vpja62;17;830;1070;-242,8;159,4;240;255
vpja62;17;1088;1387;-267,9;177,9;299;0
vpja62;17;1408;1506;-232,7;157,1;98;255
vpja62;17;1557;1718;-89,4;-182,3;161;255000
vpja62;17;1731;1985;-104,4;-167,4;254;255000
vpja62;17;2005;2335;-57,3;-179;330;0
vpja62;17;2391;2682;38;109,7;291;255255000
vpja62;17;2701;2884;6,80000000000007;93,6999999999999;183;255255000
vpja62;17;2942;3093;-73,1999999999999;-224,8;151;255000
vpja62;17;3112;3567;-99,8;-205,1;455;255000
vpja62;17;3585;3917;-54;-221,1;332;0
vpja62;17;3936;4371;-86,6999999999999;-227;435;255000
vpja62;17;4387;4575;-58;-239,6;188;0
vpja62;17;4593;5223;-84,5999999999999;-235,7;630;255000
vpja62;17;5285;5536;20,5;130,7;251;255255000
vpja62;17;5547;5887;29,2;114,3;340;255255000
vpja62;17;5940;6054;-178,2;-49,5000000000001;114;0
vpja62;17;6102;6318;-273,1;149,9;216;0
vpja62;17;6338;6656;-228,3;125,2;318;0
vpja62;17;6677;6908;-263,6;140,8;231;255
vpja62;17;6958;7161;-186,3;371,4;203;0
vpja62;17;7180;7317;-222,1;374,4;137;0
vpja62;17;7360;7605;-306;179,4;245;255
vpja62;17;7619;7776;-264,9;154,8;157;0
vpja62;17;7904;8031;-375,3;-179,1;127;0
vpja62;17;8056;8266;-387,2;-248;210;0
vpja62;17;8289;8555;-418,9;-185;266;0
vpja62;17;8577;8941;-367,6;-152,7;364;0
vpja62;17;8966;9128;-374;-263;162;0
vpja62;17;9175;9348;-98,1999999999999;-243,9;173;0
vpja62;17;9356;9581;-94,6999999999999;-226,4;225;255000
vpja62;17;9601;9829;-59,9;-222,9;228;0
vpja62;17;9890;10000;-3,79999999999995;159,5;110;255255000
vpja62;18;288;485;-108,3;-179,6;197;255000
vpja62;18;542;700;-274,5;104,1;158;0
vpja62;18;719;864;-302,1;129,6;145;0
vpja62;18;874;1065;-311,6;142,9;191;0
vpja62;18;1118;1396;66,1000000000001;98,5;278;255255000
vpja62;18;1407;1570;86,7;108,5;163;255255000
vpja62;18;1629;1812;-103,5;-166,1;183;255000
vpja62;18;1823;2095;-125,8;-156,8;272;255000
vpja62;18;2108;2442;-96,8;-161,8;334;255000
vpja62;18;2469;3173;-100,7;-42,2;704;2,55e+08
vpja62;18;3209;3379;-102,6;-169;170;255000
vpja62;18;3388;3542;-120;-156,2;154;255000
vpja62;18;3592;3853;-203,6;16,1;261;2,55e+08
vpja62;18;3876;4102;-237,1;63;226;0
vpja62;18;4149;4531;32,2;69,8;382;0
vpja62;18;4538;4665;20,4000000000001;63,2;127;0
vpja62;18;4691;4974;111,8;109,7;283;255255000
vpja62;18;5026;5242;-288,8;119,7;216;255
vpja62;18;5256;5528;-311,6;142,9;272;0
vpja62;18;5553;5668;-384,9;137,9;115;0
vpja62;18;5725;6096;-120,3;-154,6;371;255000
vpja62;18;6111;6426;-86,8;-156,2;315;255000
vpja62;18;6441;7027;-112,2;-157,8;586;255000
vpja62;18;7042;7488;-88;-156,4;446;255000
vpja62;18;7500;7733;-116,2;-161,2;233;255000
vpja62;18;7792;7937;333,7;-17,2;145;0
vpja62;18;7958;8252;381,4;-19,6;294;0
vpja62;18;8299;8473;610,7;-37,4;174;0
vpja62;18;8514;8790;631,7;-180,3;276;0
vpja62;18;8802;8947;611,7;-169,4;145;0
vpja62;18;8971;9202;620,2;-217,1;231;0
vpja62;18;9406;9604;621,5;-225,2;198;0
vpja62;18;9671;9825;-115,4;-198,4;154;255000
vpja62;18;9833;10000;-118,3;-180,2;167;255000
vpja62;19;236;633;110,4;-189;397;255000
vpja62;19;692;1070;-272,7;32,2;378;255
vpja62;19;1124;1328;-362,4;-232,1;204;0
vpja62;19;1355;1483;-251,8;-232,1;128;0
vpja62;19;1553;1669;251,6;122,5;116;0
vpja62;19;1705;1916;335;210,4;211;255255000
vpja62;19;1942;2167;398,8;282,6;225;255255000
vpja62;19;2232;2526;-167,3;39,6;294;255
vpja62;19;2537;2674;-168,5;27;137;255
vpja62;19;2731;2898;144,5;-230,7;167;255000
vpja62;19;2913;3121;124,8;-236,4;208;255000
vpja62;19;3147;3384;215,6;-226,2;237;255000
vpja62;19;3410;3705;116,1;-233,1;295;255000
vpja62;19;3754;3939;148,7;-85,9;185;2,55e+08
vpja62;19;3956;4218;144,3;-56,5;262;2,55e+08
vpja62;19;4267;4457;-27,5;-224,7;190;0
vpja62;19;4496;4692;-76,3000000000001;-357,1;196;0
vpja62;19;4711;4969;-41,2;-341,5;258;0
vpja62;19;5026;5260;436,6;-373,9;234;0
vpja62;19;5278;5714;479,8;-338,7;436;0
vpja62;19;5739;6132;484,4;-392,9;393;0
vpja62;19;6167;6358;600,9;-384,9;191;0
vpja62;19;6415;6584;110,5;-358,7;169;0
vpja62;19;6620;6748;-32,2;-326,4;128;0
vpja62;19;6932;7102;-77,5;-146,5;170;0
vpja62;19;7123;7260;-32,8000000000001;-167,3;137;0
vpja62;19;7274;7648;-36,9000000000001;-202;374;0
vpja62;19;7682;7962;-161,7;-205,9;280;0
vpja62;19;8007;8229;-316,1;-114,9;222;0
vpja62;19;8253;8688;-383,9;-86,1;435;0
vpja62;19;8726;8975;-258,8;-108,5;249;0
vpja62;19;9024;9211;-526,8;-163,2;187;0
vpja62;19;9230;9529;-554,4;-146,6;299;0
vpja62;19;9592;10000;-37,3000000000001;-163,7;408;0
vpja62;20;313;538;-43,0999999999999;-233,1;225;255000
vpja62;20;603;871;-465;187;268;255
vpja62;20;890;1210;-490,1;201,6;320;255
vpja62;20;1224;1560;-481,5;181,3;336;255
vpja62;20;1637;1835;359,4;183,2;198;255255000
vpja62;20;1862;2104;266,3;150,1;242;255255000
vpja62;20;2142;2727;403;127,1;585;255255000
vpja62;20;2808;3084;-50,4;-246,7;276;255000
vpja62;20;3097;3450;-38,5;-229,8;353;255000
vpja62;20;3520;3704;-436,9;200;184;255
vpja62;20;3728;3952;-497,6;207,1;224;255
vpja62;20;3999;4266;-504,4;-0,399999999999977;267;0
vpja62;20;4312;4478;-465,1;168,2;166;255
vpja62;20;4555;4771;-66,9;-252,1;216;255000
vpja62;20;4790;5152;-42,1999999999999;-240,8;362;255000
vpja62;20;5170;5828;-78,5;-238,2;658;255000
vpja62;20;5895;6373;-431,6;188,4;478;255
vpja62;20;6398;6652;-352,3;202,2;254;255
vpja62;20;6829;7073;-68,5;-246;244;255000
vpja62;20;7092;7629;-35;-243,5;537;255000
vpja62;20;7649;7932;-77,3;-242,6;283;255000
vpja62;20;7971;8141;-54,5999999999999;-103;170;2,55e+08
vpja62;20;8166;8465;-78;-26,4;299;2,55e+08
vpja62;20;8500;8886;39,2;23,9;386;2,55e+08
vpja62;20;8924;9084;-97,5999999999999;-45,9;160;2,55e+08
vpja62;20;9138;9416;-448;-71,1;278;0
vpja62;20;9466;9845;-432,4;195,6;379;255
vpja62;21;231;286;-155,7;-207,1;55;2,55e+08
vpja62;21;316;437;-189,9;-300,5;121;255000
vpja62;21;451;900;-193,1;-270,8;449;255000
vpja62;21;960;1173;-43,9;70,9;213;255
vpja62;21;1185;1429;-35,4;45,8;244;255
vpja62;21;1451;1806;18,9;16;355;255
vpja62;21;1872;2054;-142,8;-278,3;182;255000
vpja62;21;2068;2629;-169,2;-266,9;561;255000
vpja62;21;2682;2887;-482,3;-40;205;255255000
vpja62;21;2926;3219;-487,5;79,8;293;255255000
vpja62;21;3236;3431;-451,4;73,3;195;255255000
vpja62;21;3454;3690;-391,6;85,8;236;0
vpja62;21;3736;4015;-442,4;-106,8;279;255255000
vpja62;21;4034;4240;-407,7;-72,6;206;255255000
vpja62;21;4248;4608;-398,1;-66,9;360;255255000
vpja62;21;4659;4984;-179,3;-8,80000000000007;325;2,55e+08
vpja62;21;5019;5221;-310,9;-0,300000000000068;202;0
vpja62;21;5262;5609;-485,3;-52,4;347;255255000
vpja62;21;5637;6028;-480,4;71,4;391;255255000
vpja62;21;6052;6246;-409,3;94,6;194;0
vpja62;21;6253;6483;-400,6;96,5;230;0
vpja62;21;6540;6752;-48,2;120,7;212;255
vpja62;21;6775;6867;-51,9;65,6;92;255
vpja62;21;6918;7108;-430,8;88,5;190;255255000
vpja62;21;7132;7274;-478,7;63,1999999999999;142;255255000
vpja62;21;7317;7631;-475,4;-50,7;314;255255000
vpja62;21;7652;7786;-513,3;-64,9;134;255255000
vpja62;21;7839;7989;-193,7;-243,9;150;255000
vpja62;21;8000;8151;-187;-243,4;151;255000
vpja62;21;8209;8391;-39,7;70,6;182;255
vpja62;21;8406;8628;-37,6;37,4;222;255
vpja62;21;8643;8864;-59,8000000000001;31,8;221;255
vpja62;21;8888;9190;22,4;40,5;302;255
vpja62;21;9197;9515;15,5;45,5;318;255
vpja62;21;9524;10000;-0,5;37,5;476;255
vpja62;22;177;410;7;-110,5;233;255000
vpja62;22;433;628;40,2;-154,8;195;255000
vpja62;22;648;797;9,39999999999998;-138;149;255000
vpja62;22;854;1001;-68;171;147;2,55e+08
vpja62;22;1023;1371;-80,6;219,6;348;255
vpja62;22;1398;1696;-3,60000000000002;176,8;298;255
vpja62;22;1723;1928;-86,9;237,9;205;255
vpja62;22;1984;2186;-506,7;142,7;202;255255000
vpja62;22;2202;2626;-532,4;136,7;424;255255000
vpja62;22;2699;2941;15,6;-130,1;242;255000
vpja62;22;2960;3435;54,4;-131,3;475;255000
vpja62;22;3457;4327;2,39999999999998;-128;870;255000
vpja62;22;4349;4879;70,8;-119,7;530;255000
vpja62;22;4940;5124;-31,1;224,2;184;0
vpja62;22;5139;5516;-53,6;220,3;377;255
vpja62;22;5535;5727;-64,6;259,8;192;255
vpja62;22;5794;5946;-542,1;157,7;152;255255000
vpja62;22;5957;6516;-541,4;159,5;559;255255000
vpja62;22;6529;6685;-519,6;167,3;156;255255000
vpja62;22;6740;6938;-58,7;223,5;198;255
vpja62;22;6944;7527;-68,3;212,2;583;255
vpja62;22;7553;7753;8,89999999999998;177,2;200;255
vpja62;22;7760;8403;23;164,3;643;2,55e+08
vpja62;22;8449;8544;47,2;-2;95;2,55e+08
vpja62;22;8576;8795;41,6;-136,7;219;255000
vpja62;22;8809;9246;73,3;-136,9;437;255000
vpja62;22;9271;9539;14,5;-132,4;268;255000
vpja62;22;9548;9756;2,39999999999998;-124,8;208;255000
vpja62;22;9809;9999;77,5;95;190;2,55e+08
vpja62;23;225;322;-106,2;-130;97;2,55e+08
vpja62;23;342;610;-134,2;-167,3;268;255000
vpja62;23;634;726;-146,4;-171;92;255000
vpja62;23;924;1001;-399,2;-171,6;77;0
vpja62;23;1022;1084;-392,6;-168;62;0
vpja62;23;1127;1335;-533,9;-44,9;208;255
vpja62;23;1392;1607;-439,7;93,3;215;0
vpja62;23;1656;1808;-341,3;250,2;152;0
vpja62;23;1845;1993;-484,9;226,6;148;0
vpja62;23;2063;2216;-115,7;-191,1;153;255000
vpja62;23;2223;2452;-118,8;-195,6;229;255000
vpja62;23;2463;2859;-145,2;-183,7;396;255000
vpja62;23;2868;3309;-130,7;-180,8;441;255000
vpja62;23;3353;3531;-341,2;-188;178;0
vpja62;23;3545;3745;-361,6;-172,3;200;0
vpja62;23;3808;4126;16,9;-385,2;318;0
vpja62;23;4161;4289;120,4;-400,4;128;0
vpja62;23;4443;4556;337,4;23,8;113;0
vpja62;23;4616;4655;431,8;584,3;39;NA
vpja62;23;4665;4788;433,9;498,3;123;NA
vpja62;23;4814;4986;368,6;457,6;172;0
vpja62;23;5009;5338;336,1;518,6;329;NA
vpja62;23;5356;5578;369,5;483,7;222;NA
vpja62;23;5618;5677;287,8;404,2;59;0
vpja62;23;5942;6180;-389,5;58,1;238;0
vpja62;23;6194;6416;-379,2;13,1999999999999;222;0
vpja62;23;6424;6689;-379,4;1;265;0
vpja62;23;6710;6889;-343,2;-29,1;179;0
vpja62;23;6898;7036;-327,5;-31,7;138;0
vpja62;23;7083;7262;-320,1;-242,7;179;0
vpja62;23;7275;7541;-345,6;-215,9;266;0
vpja62;23;7562;7739;-328,2;-251;177;0
vpja62;23;7756;7983;-350,7;-217,7;227;0
vpja62;23;7990;8331;-350,7;-214,4;341;0
vpja62;23;8368;8832;-483,2;-108,4;464;255
vpja62;23;8874;9175;-348,7;-192,8;301;0
vpja62;23;9220;9410;-143,4;-208,2;190;255000
vpja62;23;9421;9712;-131,6;-203,6;291;255000
vpja62;23;9752;10000;-345,2;-197,7;248;0
vpja62;24;125;178;-14,1527451970069;59,9780796840199;53;0
vpja62;24;204;294;-24,7527451970068;-42,4219203159801;90;255
vpja62;24;337;634;-23,5527451970069;-310,62192031598;297;255000
vpja62;24;642;933;-17,1527451970069;-313,42192031598;291;255000
vpja62;24;969;1114;-150,652745197007;-269,42192031598;145;0
vpja62;24;1162;1337;-42,0527451970069;-36,4219203159801;175;255
vpja62;24;1365;1638;-197,152745197007;-12,0219203159801;273;255255000
vpja62;24;1652;1975;-215,052745197007;-31,0219203159801;323;255255000
vpja62;24;2018;2263;-54,1527451970069;-87,02192031598;245;255
vpja62;24;2275;2405;-37,6527451970069;-96,52192031598;130;255
vpja62;24;2452;2660;-23,5527451970069;-304,92192031598;208;255000
vpja62;24;2672;3078;-3,85274519700681;-301,12192031598;406;255000
vpja62;24;3092;3272;18,5472548029932;-305,82192031598;180;255000
vpja62;24;3280;3648;23,8472548029931;-307,02192031598;368;255000
vpja62;24;3667;3931;-12,4527451970068;-298,72192031598;264;255000
vpja62;24;3938;3999;-22,3527451970068;-297,62192031598;61;255000
vpja62;24;4059;4253;444,547254802993;-102,52192031598;194;0
vpja62;24;4272;4420;459,647254802993;-66,4219203159801;148;0
vpja62;24;4463;4728;346,247254802993;-229,52192031598;265;0
vpja62;24;4772;4974;534,747254802993;-254,72192031598;202;0
vpja62;24;5034;5219;-11,6527451970069;-289,62192031598;185;255000
vpja62;24;5231;5475;4,64725480299319;-303,32192031598;244;255000
vpja62;24;5495;5816;33,1472548029932;-310,32192031598;321;255000
vpja62;24;5839;6103;-18,7527451970068;-303,52192031598;264;255000
vpja62;24;6113;6292;-32,2527451970068;-297,62192031598;179;255000
vpja62;24;6327;6629;-148,052745197007;-262,12192031598;302;0
vpja62;24;6676;6818;-223,552745197007;-65,32192031598;142;0
vpja62;24;6847;7021;-245,852745197007;-4,02192031598008;174;255255000
vpja62;24;7066;7300;-282,452745197007;149,37807968402;234;0
vpja62;24;7319;7450;-312,852745197007;141,67807968402;131;0
vpja62;24;7643;8147;-214,552745197007;-85,4219203159801;504;0
vpja62;24;8215;8474;365,547254802993;-12,22192031598;259;0
vpja62;24;8500;8676;469,747254802993;-20,82192031598;176;0
vpja62;24;8698;8917;534,647254802993;-49,82192031598;219;0
vpja62;24;8941;9089;472,247254802993;-91,12192031598;148;0
vpja62;24;9115;9366;480,447254802993;-215,32192031598;251;0
vpja62;24;9378;9528;462,947254802993;-243,22192031598;150;0
vpja62;24;9560;9778;332,147254802993;-225,72192031598;218;0
vpja62;24;9789;9922;310,347254802993;-206,32192031598;133;0
vpja62;24;9956;10000;212,447254802993;-158,72192031598;44;0
vpja62;25;229;336;-151,8;-197;107;255000
vpja62;25;361;530;-206;-234,9;169;255000
vpja62;25;595;854;-163,4;297,8;259;0
vpja62;25;874;1020;-114,7;294,1;146;255255000
vpja62;25;1070;1490;-498;312,9;420;0
vpja62;25;1541;1957;-128,5;316,1;416;255255000
vpja62;25;1968;2052;-111,8;304,5;84;255255000
vpja62;25;2087;2192;-225,4;209,6;105;2,55e+08
vpja62;25;2252;2387;-182;-260,8;135;255000
vpja62;25;2404;2697;-203,5;-239,9;293;255000
vpja62;25;2720;2911;-151,1;-244,8;191;255000
vpja62;25;2919;3359;-139,2;-240,5;440;255000
vpja62;25;3382;3675;-198,9;-231,4;293;255000
vpja62;25;3683;4071;-210,2;-226,7;388;255000
vpja62;25;4141;4295;-197,2;313,6;154;0
vpja62;25;4325;4450;-106,5;350,9;125;255255000
vpja62;25;4496;4875;-482,9;313,5;379;0
vpja62;25;4885;5121;-501,5;330,8;236;0
vpja62;25;5137;5420;-496,2;364,2;283;0
vpja62;25;5430;5772;-472,3;364,8;342;0
vpja62;25;5823;6025;-105,6;372,8;202;255255000
vpja62;25;6200;6443;243,3;-208,8;243;0
vpja62;25;6485;6603;207,3;-313,5;118;0
vpja62;25;6644;6879;346,5;-369,4;235;0
vpja62;25;6888;7011;351,8;-379,1;123;0
vpja62;25;7025;7280;356,4;-352,2;255;0
vpja62;25;7335;7492;-142,7;-317,3;157;255000
vpja62;25;7517;7710;-203,2;-247,9;193;255000
vpja62;25;7763;7891;170,2;-330,1;128;0
vpja62;25;7932;8132;367,7;-375,2;200;0
vpja62;25;8145;8387;343,6;-350,8;242;0
vpja62;25;8404;8807;323;-334,2;403;0
vpja62;25;8852;9360;272,3;-183,6;508;0
vpja62;25;9396;9428;171,1;-277,3;32;0
vpja62;25;9622;10000;194,3;-331,5;378;0
vpja62;26;205;275;-4,70000000000005;-192,6;70;2,55e+08
vpja62;26;302;900;9,69999999999993;-277,1;598;255000
vpja62;26;918;1164;45,3;-293,4;246;255000
vpja62;26;1182;1354;6;-285,2;172;255000
vpja62;26;1373;1760;-35,8000000000001;-276,8;387;255000
vpja62;26;1817;1942;-224,3;71,5;125;0
vpja62;26;1966;2170;-257,8;108;204;255255000
vpja62;26;2216;2427;34,4;166;211;0
vpja62;26;2468;2602;233,9;178,8;134;255
vpja62;26;2638;2999;389,4;165,7;361;255
vpja62;26;3042;3190;201,4;236,8;148;0
vpja62;26;3262;3407;-298,7;4,10000000000002;145;0
vpja62;26;3427;3597;-292,1;-37,9;170;0
vpja62;26;3647;3899;-503,1;-71,3;252;0
vpja62;26;3942;4087;-300,9;-85,9999999999999;145;0
vpja62;26;4106;4346;-259,2;-90,8;240;0
vpja62;26;4409;4579;340,1;-77,9;170;0
vpja62;26;4603;5061;278,3;-76,1999999999999;458;0
vpja62;26;5095;5291;211,6;-199,4;196;0
vpja62;26;5343;5471;-27,7;-317,9;128;255000
vpja62;26;5489;6293;4;-279,5;804;255000
vpja62;26;6312;6397;53,8;-281,9;85;255000
vpja62;26;6436;6678;-116;-337,9;242;0
vpja62;26;6689;7001;-133,3;-339,7;312;0
vpja62;26;7010;7213;-144;-339;203;0
vpja62;26;7270;7513;-249,9;-87,6999999999999;243;0
vpja62;26;7521;7800;-252;-95,9;279;0
vpja62;26;7808;8119;-243,1;-87,6999999999999;311;0
vpja62;26;8159;8288;-287,5;53,1;129;0
vpja62;26;8314;8622;-252;128,8;308;255255000
vpja62;26;8641;8827;-237,4;145,9;186;255255000
vpja62;26;8841;9092;-202,7;128,5;251;255255000
vpja62;26;9162;9365;44,5;-279;203;255000
vpja62;26;9376;9673;23,9;-271,2;297;255000
vpja62;26;9692;10000;56,4;-275,7;308;255000
