vp;trial;timest;timeend;x;y;duration;roi
vpja22;1;344;480;-58,6626319222901;-203,590469281213;136;0
vpja22;1;546;761;-343,56263192229;182,509530718787;215;255
vpja22;1;830;1006;255,83736807771;209,209530718788;176;0
vpja22;1;1036;1233;310,13736807771;234,709530718788;197;255255000
vpja22;1;1301;1568;-0,36263192229012;-233,190469281213;267;255000
vpja22;1;1591;1834;-42,8626319222901;-258,890469281213;243;255000
vpja22;1;1911;2133;-357,66263192229;214,209530718788;222;0
vpja22;1;2153;2385;-357,76263192229;186,209530718788;232;255
vpja22;1;2410;2522;-298,96263192229;175,009530718787;112;255
vpja22;1;2591;2834;258,23736807771;213,309530718788;243;0
vpja22;1;2858;3329;296,33736807771;214,109530718787;471;255255000
vpja22;1;3403;3666;-17,3626319222901;-231,590469281213;263;255000
vpja22;1;3690;4039;-46,46263192229;-263,090469281213;349;255000
vpja22;1;4200;4576;-129,16263192229;-375,790469281212;376;0
vpja22;1;4594;4921;-158,06263192229;-395,790469281212;327;0
vpja22;1;4942;5195;-126,56263192229;-420,590469281213;253;0
vpja22;1;5251;5429;157,03736807771;-368,390469281213;178;0
vpja22;1;5516;5750;308,33736807771;161,609530718787;234;255255000
vpja22;1;5769;5909;284,33736807771;185,909530718787;140;0
vpja22;1;5984;6225;-292,56263192229;159,409530718787;241;255
vpja22;1;6246;6404;-324,36263192229;162,109530718787;158;255
vpja22;1;6466;6619;-52,3626319222901;-174,190469281213;153;0
vpja22;1;6642;6831;-48,46263192229;-225,290469281212;189;0
vpja22;1;6851;7079;-41,7626319222901;-251,490469281213;228;255000
vpja22;1;7167;7187;544,53736807771;-20,6904692812125;20;0
vpja22;1;7206;7405;528,83736807771;-4,49046928121254;199;0
vpja22;1;7456;7813;557,73736807771;251,309530718788;357;0
vpja22;1;7863;8158;280,73736807771;187,909530718787;295;0
vpja22;1;8239;8549;-278,26263192229;138,809530718788;310;0
vpja22;1;8562;8733;-299,96263192229;147,909530718787;171;255
vpja22;1;8795;9019;-60,8626319222901;-230,390469281213;224;0
vpja22;1;9068;9314;-135,36263192229;-410,590469281213;246;0
vpja22;1;9364;9668;137,33736807771;-402,890469281213;304;0
vpja22;1;9719;10000;-140,46263192229;-417,590469281213;281;0
vpja22;2;284;437;-231,255;50,8646428571427;153;0
vpja22;2;464;777;-326,255;143,264642857143;313;255
vpja22;2;800;834;-334,155;136,764642857143;34;255
vpja22;2;894;1080;39,6450000000001;-63,1353571428572;186;2,55e+08
vpja22;2;1125;1306;-0,354999999999905;-243,735357142857;181;255000
vpja22;2;1361;1535;407,545;34,2646428571428;174;0
vpja22;2;1579;1741;272,345;90,8646428571427;162;255255000
vpja22;2;1821;2083;-310,155;126,164642857143;262;0
vpja22;2;2106;2511;-331,055;133,264642857143;405;255
vpja22;2;2582;2808;226,745;98,1646428571428;226;255255000
vpja22;2;2831;3136;272,345;79,4646428571427;305;255255000
vpja22;2;3164;3342;238,645;134,064642857143;178;255255000
vpja22;2;3419;3744;-308,055;148,964642857143;325;0
vpja22;2;3825;4550;228,545;117,564642857143;725;255255000
vpja22;2;4596;4825;59,0450000000002;127,164642857143;229;0
vpja22;2;4881;5203;61,0450000000002;500,464642857143;322;NA
vpja22;2;5254;5375;-62,4549999999999;484,064642857143;121;NA
vpja22;2;5454;5837;277,645;65,0646428571428;383;255255000
vpja22;2;5862;6609;200,945;86,3646428571427;747;0
vpja22;2;6634;6790;272,845;88,1646428571428;156;255255000
vpja22;2;6853;7231;34,1450000000001;-239,635357142857;378;255000
vpja22;2;7286;8659;218,745;-22,5353571428573;1373;0
vpja22;2;8732;8893;-188,155;82,9646428571427;161;0
vpja22;2;8920;9224;-312,555;116,064642857143;304;0
vpja22;2;9298;9466;223,945;78,4646428571427;168;255255000
vpja22;2;9548;9674;-335,055;112,764642857143;126;255
vpja22;2;9729;10000;6,34500000000014;-213,935357142857;271;2,55e+08
vpja22;3;447;643;-61,0622775800712;20,9327402135231;196;255255000
vpja22;3;704;964;368,737722419929;-17,2672597864769;260;0
vpja22;3;986;1154;284,437722419929;-8,76725978647687;168;0
vpja22;3;1216;1433;7,43772241992883;-230,467259786477;217;0
vpja22;3;1507;1702;248,237722419929;25,3327402135232;195;0
vpja22;3;1761;1988;-186,462277580071;-66,2672597864769;227;0
vpja22;3;2052;2444;185,237722419929;-2,66725978647685;392;0
vpja22;3;2497;2720;542,037722419929;17,1327402135231;223;0
vpja22;3;2744;3055;467,537722419929;-0,0672597864769386;311;0
vpja22;3;3112;3302;207,537722419929;-4,26725978647687;190;0
vpja22;3;3321;3526;171,637722419929;4,33274021352315;205;0
vpja22;3;3582;3818;-220,162277580071;-21,3672597864769;236;255
vpja22;3;3840;3978;-218,062277580071;-64,4672597864769;138;255
vpja22;3;4009;4313;-54,1622775800711;-0,167259786476848;304;255255000
vpja22;3;4335;4593;-101,662277580071;7,73274021352313;258;255255000
vpja22;3;4622;4910;-202,962277580071;-20,6672597864768;288;0
vpja22;3;4949;5162;-52,6622775800711;-14,4672597864769;213;255255000
vpja22;3;5206;5543;173,637722419929;-36,8672597864769;337;0
vpja22;3;5560;5720;183,237722419929;-7,76725978647687;160;0
vpja22;3;5789;6068;-230,162277580071;-46,2672597864769;279;255
vpja22;3;6086;6387;-224,062277580071;-65,7672597864769;301;255
vpja22;3;6422;6605;-238,862277580071;5,53274021352308;183;255
vpja22;3;6675;6911;-333,962277580071;477,932740213523;236;0
vpja22;3;6934;7085;-304,662277580071;444,832740213523;151;0
vpja22;3;7148;7362;-200,062277580071;-47,1672597864769;214;255
vpja22;3;7385;7680;-209,262277580071;-95,0672597864769;295;255
vpja22;3;7695;8356;-216,862277580071;-78,2672597864769;661;255
vpja22;3;8375;8647;-209,362277580071;-92,5672597864769;272;255
vpja22;3;8667;8979;-212,162277580071;-68,7672597864769;312;255
vpja22;3;8996;9390;-216,462277580071;-95,7672597864769;394;255
vpja22;3;9417;9665;-224,962277580071;-55,0672597864769;248;255
vpja22;3;9688;10000;-211,162277580071;-83,0672597864769;312;255
vpja22;4;283;440;-49,5157142857144;-266,857142857143;157;2,55e+08
vpja22;4;519;774;422,884285714286;373,542857142857;255;255255000
vpja22;4;803;944;547,184285714286;423,242857142857;141;255255000
vpja22;4;1052;1257;-451,315714285714;407,742857142857;205;0
vpja22;4;1288;1601;-500,115714285714;449,242857142857;313;255
vpja22;4;1698;1882;-78,6157142857144;-307,057142857143;184;2,55e+08
vpja22;4;1915;2331;-40,4157142857143;-369,757142857143;416;255000
vpja22;4;2390;2711;-267,315714285714;-329,557142857143;321;0
vpja22;4;2788;3000;348,584285714286;-263,757142857143;212;0
vpja22;4;3030;3170;253,784285714286;-239,757142857143;140;0
vpja22;4;3235;3384;-33,8157142857144;-383,357142857143;149;255000
vpja22;4;3439;3747;-302,915714285714;-323,357142857143;308;0
vpja22;4;3767;3940;-345,115714285714;-327,157142857143;173;0
vpja22;4;3966;4204;-312,315714285714;-392,057142857143;238;0
vpja22;4;4253;4502;-483,515714285714;-341,557142857143;249;0
vpja22;4;4569;5038;-18,1157142857144;-384,957142857143;469;255000
vpja22;4;5223;5378;187,284285714286;130,642857142857;155;0
vpja22;4;5427;5637;460,684285714286;331,142857142857;210;255255000
vpja22;4;5722;7788;26,4842857142856;-51,7571428571428;2066;2,55e+08
vpja22;4;7822;8122;76,0842857142857;-148,857142857143;300;2,55e+08
vpja22;4;8207;8403;-352,015714285714;314,842857142857;196;0
vpja22;4;8439;8598;-459,815714285714;402,942857142857;159;0
vpja22;4;8683;8927;365,784285714286;286,042857142857;244;255255000
vpja22;4;9017;9201;-41,4157142857143;-288,657142857143;184;255000
vpja22;4;9226;9636;-45,9157142857143;-377,857142857143;410;255000
vpja22;4;9669;9902;-144,915714285714;-379,657142857143;233;0
vpja22;4;9929;10000;-48,7157142857144;-384,057142857143;71;255000
vpja22;5;278;445;-219,7;-184,9;167;255000
vpja22;5;512;758;-130,7;363,9;246;255
vpja22;5;816;1265;-444,2;319,1;449;255255000
vpja22;5;1277;1575;-466,8;324,3;298;255255000
vpja22;5;1600;1827;-387,5;308,5;227;0
vpja22;5;1851;2262;-437,9;318;411;255255000
vpja22;5;2313;2660;-118,6;338,7;347;255
vpja22;5;2715;3056;-436,9;302,1;341;255255000
vpja22;5;3103;3381;-135,4;358;278;255
vpja22;5;3406;3673;-104,1;339,9;267;255
vpja22;5;3685;4116;-128,8;349,7;431;255
vpja22;5;4201;4424;-232,6;-168,9;223;2,55e+08
vpja22;5;4444;4847;-232,7;-211,8;403;255000
vpja22;5;4886;5064;-86,1999999999999;-246,2;178;0
vpja22;5;5093;5322;-219,9;-228,8;229;255000
vpja22;5;5364;5570;-27,4;-244,6;206;0
vpja22;5;5629;5756;264,4;65,1999999999999;127;0
vpja22;5;5829;6022;-159,6;298,2;193;255
vpja22;5;6081;6274;-432,4;298,8;193;255255000
vpja22;5;6338;6540;-225,5;-177,9;202;2,55e+08
vpja22;5;6561;7245;-238,8;-218,5;684;255000
vpja22;5;7270;7491;-225,3;-139,9;221;2,55e+08
vpja22;5;7516;7703;-228,2;-210,1;187;255000
vpja22;5;7775;7983;-232,9;360,4;208;0
vpja22;5;8030;8333;-414,4;297,2;303;255255000
vpja22;5;8380;8611;-120;314;231;255
vpja22;5;8682;8837;-223,9;-245,2;155;255000
vpja22;5;8852;9339;-229;-218,3;487;255000
vpja22;5;9384;9653;-11,8;-244,5;269;0
vpja22;5;9693;9900;-182,6;-212,1;207;0
vpja22;5;9919;10000;-215,2;-203,7;81;255000
vpja22;6;292;435;56,1999999999999;-148,4;143;255000
vpja22;6;494;825;-335,1;190,4;331;255255000
vpja22;6;915;1181;314,4;286,2;266;255
vpja22;6;1204;1470;358,9;248,8;266;255
vpja22;6;1491;1739;309,1;268,4;248;255
vpja22;6;1759;1906;274,5;292,6;147;0
vpja22;6;1975;2044;55,1;-154,7;69;255000
vpja22;6;2196;2429;40,8000000000001;-180,3;233;255000
vpja22;6;2501;2750;-311,5;51,1999999999999;249;0
vpja22;6;2828;3127;300,3;192,3;299;255
vpja22;6;3152;3427;341,4;236,4;275;255
vpja22;6;3449;3847;307;264,4;398;255
vpja22;6;3864;4142;277,8;271,9;278;255
vpja22;6;4164;4577;355;266,5;413;255
vpja22;6;4599;4799;315,6;224,9;200;255
vpja22;6;4822;5126;282,1;274,3;304;255
vpja22;6;5149;5387;336;282,3;238;255
vpja22;6;5411;5568;355,5;217,6;157;255
vpja22;6;5637;5756;56,0000000000001;-155,1;119;255000
vpja22;6;5826;6052;-374,3;215,2;226;255255000
vpja22;6;6077;6274;-338,7;125;197;255255000
vpja22;6;6292;6636;-366,9;117,9;344;255255000
vpja22;6;6667;6861;-294,4;200;194;255255000
vpja22;6;6920;7463;70,1;-193,4;543;255000
vpja22;6;7480;8010;40,1999999999999;-197,8;530;255000
vpja22;6;8090;8286;-356,5;2,10000000000002;196;0
vpja22;6;8309;8540;-411,8;-34,7;231;0
vpja22;6;8703;8900;-408,2;3;197;0
vpja22;6;8913;9063;-394,5;-7,5;150;0
vpja22;6;9132;9352;28,9;-193,4;220;255000
vpja22;6;9374;9599;56,8000000000001;-191,1;225;255000
vpja22;6;9611;10000;41,5000000000001;-186,2;389;255000
vpja22;7;292;486;-195,2;-171;194;2,55e+08
vpja22;7;535;700;-47,7;96,5;165;255
vpja22;7;727;990;-52,4000000000001;173,7;263;0
vpja22;7;1052;1328;-482;76,3;276;255255000
vpja22;7;1341;1467;-498,1;76,0999999999999;126;255255000
vpja22;7;1539;1821;207,5;-45;282;0
vpja22;7;1878;2041;532,1;-100,9;163;0
vpja22;7;2061;2229;588,7;-124;168;0
vpja22;7;2333;2569;-371,6;-95,1;236;0
vpja22;7;2611;2933;-229,8;-208,3;322;255000
vpja22;7;2991;3205;-473,4;121,2;214;255255000
vpja22;7;3228;3538;-509,3;82,8;310;255255000
vpja22;7;3606;3801;-73,6;59,0999999999999;195;255
vpja22;7;3857;4166;-232,2;-189,6;309;2,55e+08
vpja22;7;4218;4438;-85,8000000000001;67,8;220;255
vpja22;7;4499;4718;-472,8;79,3;219;255255000
vpja22;7;4741;5123;-528,5;68,9;382;255255000
vpja22;7;5143;5453;-559,6;77,8;310;255255000
vpja22;7;5475;5704;-488,4;66,6999999999999;229;255255000
vpja22;7;5724;6016;-523,6;54,4;292;255255000
vpja22;7;6040;6293;-462,3;65,1999999999999;253;255255000
vpja22;7;6313;6629;-508;66,5999999999999;316;255255000
vpja22;7;6652;7021;-472,5;76,3;369;255255000
vpja22;7;7040;7370;-521,7;77,9;330;255255000
vpja22;7;7395;7652;-461,3;81,9;257;255255000
vpja22;7;7674;7935;-517,3;87,0999999999999;261;255255000
vpja22;7;7953;8134;-542,9;70,6999999999999;181;255255000
vpja22;7;8200;8509;-76,9000000000001;29,9;309;255
vpja22;7;8542;8811;-17,4000000000001;138,3;269;255
vpja22;7;8853;8993;-42,9000000000001;20,5;140;255
vpja22;7;9040;9425;-222;-188,9;385;2,55e+08
vpja22;7;9444;9647;-217,3;-209,3;203;255000
vpja22;7;9690;9899;-51,3000000000001;-12,1;209;255
vpja22;7;9949;10000;-191,5;-211,1;51;255000
vpja22;8;229;397;-65,6674911660779;-88,9;168;255000
vpja22;8;460;1458;-470,667491166078;179,8;998;255
vpja22;8;1481;1697;-391,867491166078;171,8;216;0
vpja22;8;1722;1827;-451,267491166078;167,4;105;255
vpja22;8;1899;2224;144,132508833922;92,9000000000001;325;255255000
vpja22;8;2268;2505;291,732508833922;15,4000000000001;237;0
vpja22;8;2528;2619;333,932508833922;36,2;91;0
vpja22;8;2687;2834;-82,8674911660779;-329,1;147;0
vpja22;8;2891;3070;-421,767491166078;-359,4;179;0
vpja22;8;3131;3272;-361,067491166078;70,6;141;0
vpja22;8;3330;3658;-469,267491166078;187,4;328;0
vpja22;8;3721;4175;-84,8674911660779;-87,1;454;255000
vpja22;8;4189;4748;-83,7674911660779;-89,1;559;255000
vpja22;8;4802;5653;134,032508833922;140,1;851;0
vpja22;8;5698;7846;-34,5674911660778;52,3000000000001;2148;2,55e+08
vpja22;8;7915;8079;-396,967491166078;131,6;164;255
vpja22;8;8101;8897;-433,367491166078;149,5;796;255
vpja22;8;8958;9352;-64,2674911660779;-23,0999999999999;394;2,55e+08
vpja22;8;9393;10000;142,432508833922;84,4000000000001;607;255255000
vpja22;9;119;255;14,3030303030303;13,3800865800866;136;2,55e+08
vpja22;9;324;455;-232,99696969697;112,680086580087;131;255255255
vpja22;9;482;635;-263,79696969697;181,380086580087;153;255
vpja22;9;702;919;341,80303030303;173,780086580087;217;255255000
vpja22;9;977;1244;27,4030303030303;-234,919913419913;267;255000
vpja22;9;1262;3925;14,2030303030302;-239,019913419913;2663;255000
vpja22;9;3943;5727;19,8030303030303;-257,719913419913;1784;255000
vpja22;9;5890;6048;20,3030303030303;-233,819913419913;158;255000
vpja22;9;6069;6434;17,4030303030303;-258,419913419913;365;255000
vpja22;9;6451;6798;-4,79696969696977;-246,019913419913;347;255000
vpja22;9;6819;7111;22,4030303030303;-241,419913419913;292;255000
vpja22;9;7191;7428;-201,89696969697;127,580086580087;237;255255255
vpja22;9;7453;7606;-231,09696969697;163,180086580087;153;255
vpja22;9;7676;7876;295,70303030303;148,180086580087;200;255255000
vpja22;9;7899;8123;334,40303030303;161,580086580087;224;255255000
vpja22;9;8305;8663;19,1030303030302;-217,319913419913;358;255000
vpja22;9;8680;10000;10,7030303030302;-244,419913419913;1320;255000
vpja22;10;300;463;-116,110780669145;301,969144981413;163;255255000
vpja22;10;486;661;-153,010780669145;365,769144981413;175;0
vpja22;10;715;963;212,789219330855;261,869144981413;248;0
vpja22;10;982;1267;253,589219330855;283,069144981413;285;0
vpja22;10;1337;1700;-155,210780669145;348,469144981413;363;255255000
vpja22;10;1762;1973;191,389219330855;247,169144981413;211;0
vpja22;10;2000;2150;272,289219330855;272,169144981413;150;0
vpja22;10;2308;2779;-92,510780669145;-167,930855018587;471;255000
vpja22;10;2795;3097;-66,610780669145;-166,530855018587;302;255000
vpja22;10;3161;3306;-112,410780669145;319,869144981413;145;255255000
vpja22;10;3334;3552;-150,910780669145;362,169144981413;218;0
vpja22;10;3736;4156;233,489219330855;261,169144981413;420;0
vpja22;10;4223;4555;-332,610780669145;59,7691449814125;332;2,55e+08
vpja22;10;4607;4837;-110,410780669145;-180,730855018587;230;255000
vpja22;10;4859;6435;-64,610780669145;-174,830855018587;1576;255000
vpja22;10;6470;6731;-50,610780669145;-96,6308550185875;261;2,55e+08
vpja22;10;6757;7392;-64,010780669145;-177,330855018587;635;255000
vpja22;10;7432;7738;-121,110780669145;-120,530855018587;306;2,55e+08
vpja22;10;7764;8033;-91,610780669145;-188,230855018587;269;255000
vpja22;10;8055;8351;-141,410780669145;-182,730855018587;296;255000
vpja22;10;8376;9031;-76,010780669145;-194,130855018587;655;255000
vpja22;10;9203;9747;37,3892193308549;145,969144981413;544;0
vpja22;10;9789;9939;-93,610780669145;233,369144981413;150;2,55e+08
vpja22;11;254;468;171,201730103806;-201,816955017301;214;255000
vpja22;11;526;809;-232,198269896194;62,683044982699;283;255255000
vpja22;11;840;984;-365,598269896194;100,083044982699;144;255255000
vpja22;11;1068;1393;395,001730103806;252,183044982699;325;255
vpja22;11;1468;1705;158,401730103806;-61,216955017301;237;2,55e+08
vpja22;11;1729;1885;130,401730103806;-25,316955017301;156;2,55e+08
vpja22;11;1926;2143;185,101730103806;-214,116955017301;217;255000
vpja22;11;2192;2358;-62,9982698961937;-162,616955017301;166;0
vpja22;11;2393;2693;-83,1982698961937;-376,916955017301;300;0
vpja22;11;2715;2864;-34,2982698961937;-371,316955017301;149;0
vpja22;11;2918;3092;246,801730103806;-299,916955017301;174;0
vpja22;11;3140;3358;411,801730103806;-360,416955017301;218;0
vpja22;11;3552;3678;171,301730103806;-168,716955017301;126;255000
vpja22;11;3700;3909;183,901730103806;-209,516955017301;209;255000
vpja22;11;3956;4259;-42,4982698961937;-157,316955017301;303;0
vpja22;11;4284;4506;-90,7982698961937;-220,616955017301;222;0
vpja22;11;4525;4861;-62,1982698961937;-218,516955017301;336;0
vpja22;11;4908;5202;160,901730103806;-252,916955017301;294;255000
vpja22;11;5252;5508;-56,7982698961937;-367,116955017301;256;0
vpja22;11;5553;5854;111,301730103806;-183,516955017301;301;255000
vpja22;11;5893;6109;-40,8982698961937;-223,916955017301;216;0
vpja22;11;6154;6299;164,601730103806;-233,916955017301;145;255000
vpja22;11;6372;6635;-260,698269896194;64,583044982699;263;255255000
vpja22;11;6702;6813;341,201730103806;186,283044982699;111;255
vpja22;11;6976;7048;250,701730103806;153,583044982699;72;0
vpja22;11;7126;7508;-274,598269896194;30,483044982699;382;255255000
vpja22;11;7569;7822;134,901730103806;-193,216955017301;253;255000
vpja22;11;7847;8218;161,501730103806;-215,216955017301;371;255000
vpja22;11;8280;8420;331,901730103806;196,883044982699;140;255
vpja22;11;8503;8670;-216,998269896194;-19,016955017301;167;0
vpja22;11;8726;9809;158,401730103806;-238,716955017301;1083;255000
vpja22;11;9863;10000;-64,6982698961937;-152,016955017301;137;0
vpja22;12;224;406;-100,313571428571;-142,632857142857;182;255000
vpja22;12;456;824;-289,113571428571;189,767142857143;368;0
vpja22;12;847;1046;-218,113571428571;170,367142857143;199;0
vpja22;12;1094;1319;34,5864285714287;131,567142857143;225;255255000
vpja22;12;1372;2085;-107,713571428571;-144,632857142857;713;255000
vpja22;12;2147;2407;-248,113571428571;191,367142857143;260;0
vpja22;12;2427;2567;-222,213571428571;173,767142857143;140;0
vpja22;12;2615;2874;25,1864285714286;149,367142857143;259;255255000
vpja22;12;2929;3177;-268,113571428571;186,067142857143;248;255
vpja22;12;3199;3443;-220,013571428571;171,867142857143;244;0
vpja22;12;3498;3732;-105,413571428571;-163,232857142857;234;255000
vpja22;12;3746;4235;-98,4135714285713;-151,332857142857;489;255000
vpja22;12;4288;4764;-203,313571428571;175,867142857143;476;0
vpja22;12;4785;4942;-223,113571428571;188,267142857143;157;0
vpja22;12;4992;5260;40,6864285714286;121,767142857143;268;255255000
vpja22;12;5286;5422;-0,713571428571413;76,4671428571428;136;2,55e+08
vpja22;12;5467;5698;-300,613571428571;282,467142857143;231;0
vpja22;12;5723;5984;-291,513571428571;179,267142857143;261;255
vpja22;12;6026;6281;-178,313571428571;400,467142857143;255;0
vpja22;12;6308;6548;-70,6135714285714;336,167142857143;240;0
vpja22;12;6620;6942;124,486428571429;-257,932857142857;322;0
vpja22;12;6999;7225;-193,813571428571;-243,332857142857;226;0
vpja22;12;7283;7660;-414,913571428571;-129,332857142857;377;0
vpja22;12;7728;7991;33,3864285714286;-350,032857142857;263;0
vpja22;12;8022;8158;133,486428571429;-332,532857142857;136;0
vpja22;12;8209;8432;-78,8135714285714;-86,4328571428572;223;2,55e+08
vpja22;12;8478;8672;-202,313571428571;147,567142857143;194;0
vpja22;12;8690;8858;-222,713571428571;175,367142857143;168;0
vpja22;12;8905;9676;20,4864285714286;138,467142857143;771;255255000
vpja22;12;9729;10000;-93,4135714285713;-141,732857142857;271;255000
vpja22;13;281;472;-91,2626319222901;-288,690469281213;191;255000
vpja22;13;536;669;-342,96263192229;179,209530718788;133;0
vpja22;13;823;1030;-51,0626319222901;-179,790469281212;207;2,55e+08
vpja22;13;1072;1350;-109,66263192229;-311,390469281213;278;255000
vpja22;13;1423;1562;129,03736807771;237,709530718788;139;0
vpja22;13;1604;1800;289,93736807771;273,009530718787;196;0
vpja22;13;1872;2187;-380,86263192229;293,409530718787;315;0
vpja22;13;2210;2562;-417,66263192229;322,409530718787;352;255
vpja22;13;2585;2726;-453,76263192229;367,109530718787;141;255
vpja22;13;2801;3337;267,53736807771;298,709530718788;536;0
vpja22;13;3350;3582;255,53736807771;265,309530718788;232;255255000
vpja22;13;3656;3900;-423,16263192229;310,209530718788;244;255
vpja22;13;3976;4232;-128,76263192229;-243,790469281212;256;255000
vpja22;13;4257;4855;-122,06263192229;-316,690469281213;598;255000
vpja22;13;4892;5015;-37,1626319222901;-278,890469281213;123;255000
vpja22;13;5087;5261;315,33736807771;234,209530718788;174;0
vpja22;13;5280;5517;283,83736807771;255,109530718787;237;0
vpja22;13;5566;5933;417,73736807771;69,6095307187875;367;0
vpja22;13;5989;6092;205,03736807771;194,909530718787;103;0
vpja22;13;6173;6406;-393,76263192229;278,309530718788;233;255
vpja22;13;6436;6914;-440,46263192229;367,209530718788;478;255
vpja22;13;6927;7216;-457,16263192229;351,709530718788;289;255
vpja22;13;7291;7507;-137,26263192229;-271,390469281213;216;255000
vpja22;13;7531;7781;-110,56263192229;-320,790469281212;250;255000
vpja22;13;7855;8329;258,73736807771;164,209530718788;474;0
vpja22;13;8523;8699;281,93736807771;255,409530718787;176;0
vpja22;13;8767;8916;-35,0626319222901;-176,390469281213;149;2,55e+08
vpja22;13;8957;9166;-94,1626319222901;-261,690469281213;209;255000
vpja22;13;9186;9422;-95,5626319222901;-302,190469281213;236;255000
vpja22;13;9480;9690;305,63736807771;-51,9904692812125;210;0
vpja22;13;9753;10000;-81,1626319222901;-299,390469281213;247;255000
vpja22;14;280;522;-419,36263192229;-126,690469281213;242;255000
vpja22;14;541;752;-422,86263192229;-116,890469281213;211;255000
vpja22;14;794;1034;-263,36263192229;55,5095307187875;240;255255000
vpja22;14;1083;1286;24,1373680777099;68,0095307187875;203;255
vpja22;14;1354;1480;320,13736807771;-258,190469281213;126;0
vpja22;14;1533;1766;57,8373680777099;-369,390469281213;233;0
vpja22;14;1815;1979;-203,36263192229;-185,790469281212;164;0
vpja22;14;2022;2232;-399,16263192229;-153,090469281213;210;255000
vpja22;14;2247;2405;-399,16263192229;-131,890469281213;158;255000
vpja22;14;2477;2649;-509,86263192229;402,509530718787;172;0
vpja22;14;2706;2914;-116,46263192229;35,8095307187875;208;0
vpja22;14;2958;3147;18,03736807771;33,0095307187875;189;255
vpja22;14;3197;3445;-239,06263192229;32,9095307187874;248;255255000
vpja22;14;3494;3745;-307,66263192229;-132,890469281213;251;0
vpja22;14;3774;3983;-423,76263192229;-122,490469281213;209;255000
vpja22;14;4026;4312;-236,56263192229;25,4095307187874;286;255255000
vpja22;14;4367;4614;-165,66263192229;-218,790469281212;247;0
vpja22;14;4641;4815;-61,6626319222901;-218,290469281212;174;0
vpja22;14;4861;5037;-218,26263192229;-3,49046928121254;176;0
vpja22;14;5083;5383;47,03736807771;52,0095307187875;300;255
vpja22;14;5403;5700;-4,2626319222901;57,9095307187874;297;255
vpja22;14;5749;5893;-254,46263192229;26,6095307187875;144;255255000
vpja22;14;5942;6113;-390,76263192229;-130,690469281213;171;0
vpja22;14;6166;6452;-0,562631922290052;25,6095307187875;286;255
vpja22;14;6527;7108;-399,56263192229;-142,790469281212;581;255000
vpja22;14;7158;7696;-130,36263192229;-272,390469281213;538;0
vpja22;14;7713;7838;-102,46263192229;-264,590469281213;125;0
vpja22;14;8011;8152;-330,56263192229;-185,590469281213;141;0
vpja22;14;8175;8358;-375,46263192229;-140,290469281212;183;0
vpja22;14;8414;8593;-53,0626319222901;-50,8904692812125;179;0
vpja22;14;8640;9166;-97,1626319222901;-251,390469281213;526;0
vpja22;14;9230;9415;-352,56263192229;-187,690469281213;185;0
vpja22;14;9462;9622;-152,46263192229;-271,290469281212;160;0
vpja22;14;9671;9875;-389,16263192229;-152,190469281213;204;0
vpja22;14;9927;10000;-223,06263192229;44,9095307187874;73;0
vpja22;15;15;240;-9,60000000000014;0,5;225;2,55e+08
vpja22;15;282;438;115,7;-96,8;156;255000
vpja22;15;494;709;-144,5;294,8;215;255255000
vpja22;15;728;1144;-207;304,5;416;255255000
vpja22;15;1168;1437;-134,9;289,4;269;255255000
vpja22;15;1453;1708;-154,3;300,5;255;255255000
vpja22;15;1765;2020;322,9;351,7;255;255
vpja22;15;2042;2192;254,7;384,8;150;255
vpja22;15;2253;2433;-127,4;257,8;180;255255000
vpja22;15;2502;2741;354,4;270,8;239;255
vpja22;15;2817;3066;95,3;-132,1;249;255000
vpja22;15;3138;3368;-140,1;281,2;230;255255000
vpja22;15;3388;3654;-193,7;289,6;266;255255000
vpja22;15;3664;3846;-213,6;297,3;182;255255000
vpja22;15;3868;4102;-144,3;296,7;234;255255000
vpja22;15;4166;4532;102;-118,6;366;255000
vpja22;15;4544;4804;109,6;-141,4;260;255000
vpja22;15;4814;5097;96,1999999999998;-131,7;283;255000
vpja22;15;5151;5278;-134,3;-250,7;127;0
vpja22;15;5340;5554;-150,5;257,2;214;255255000
vpja22;15;5573;5820;-186,4;280;247;255255000
vpja22;15;5834;6202;-212,7;290,7;368;255255000
vpja22;15;6226;6398;-131,8;275,7;172;255255000
vpja22;15;6452;6653;78,1999999999998;-94,6;201;255000
vpja22;15;6674;7706;95,8;-134,5;1032;255000
vpja22;15;7759;7957;-150,2;-258,9;198;0
vpja22;15;8003;8285;80,3999999999999;-170;282;255000
vpja22;15;8299;8826;89,5999999999999;-149,5;527;255000
vpja22;15;8892;9094;416,1;172,1;202;255
vpja22;15;9158;9594;82,5999999999999;-187;436;255000
vpja22;15;9615;9959;81,5;-136,3;344;255000
vpja22;16;240;440;-41;-248;200;255000
vpja22;16;496;737;-254,8;141,5;241;255
vpja22;16;777;956;-314,3;91,4;179;0
vpja22;16;1013;1264;-35,3;-212,6;251;255000
vpja22;16;1288;1903;-53,6;-279,3;615;255000
vpja22;16;1978;2278;311,9;230,5;300;255255000
vpja22;16;2301;2511;364,9;218,7;210;255255000
vpja22;16;2530;2704;318,1;240,8;174;255255000
vpja22;16;2784;2958;9,30000000000007;-221,4;174;2,55e+08
vpja22;16;2980;3152;-49;-269;172;255000
vpja22;16;3224;3429;-299,9;165,8;205;255
vpja22;16;3469;3697;-451,7;253,3;228;255
vpja22;16;3760;3975;-275,3;-88,8000000000001;215;0
vpja22;16;4023;4280;-53;-273,2;257;255000
vpja22;16;4304;4657;-21,9;-286,9;353;255000
vpja22;16;4678;5068;-41,4;-284,6;390;255000
vpja22;16;5082;5417;-23,1;-283,2;335;255000
vpja22;16;5433;5631;-47,1999999999999;-288,5;198;255000
vpja22;16;5683;5868;251,9;-103,7;185;0
vpja22;16;5937;6148;-29,6999999999999;-271,7;211;255000
vpja22;16;6172;6769;-54,3;-296,6;597;255000
vpja22;16;6848;7037;-337,8;199,7;189;255
vpja22;16;7059;7211;-362,9;163;152;255
vpja22;16;7274;7638;-44,6;-283,9;364;255000
vpja22;16;7702;8067;305,6;225,3;365;255255000
vpja22;16;8244;8523;-17,1;-231,1;279;255000
vpja22;16;8544;9729;-43;-274,7;1185;255000
vpja22;16;9793;9976;-215,8;22;183;0
vpja22;17;27;203;-0,86263192229012;-29,4904692812125;176;2,55e+08
vpja22;17;247;429;-18,8626319222901;-269,290469281212;182;255000
vpja22;17;503;712;-322,56263192229;196,309530718788;209;0
vpja22;17;786;1045;439,33736807771;245,309530718788;259;255
vpja22;17;1070;1184;423,83736807771;182,509530718787;114;255
vpja22;17;1257;1536;-3,2626319222901;-260,990469281213;279;255000
vpja22;17;1556;1819;-36,6626319222901;-277,890469281213;263;255000
vpja22;17;1896;2088;-331,66263192229;185,009530718787;192;255255000
vpja22;17;2107;2307;-359,56263192229;200,109530718787;200;255255000
vpja22;17;2378;2598;13,53736807771;-280,590469281213;220;255000
vpja22;17;2663;3110;-349,66263192229;240,709530718788;447;255255000
vpja22;17;3127;3295;-356,86263192229;217,209530718788;168;255255000
vpja22;17;3370;3560;401,33736807771;233,609530718787;190;255
vpja22;17;3584;3836;461,43736807771;192,809530718788;252;255
vpja22;17;3859;4029;491,43736807771;248,309530718788;170;255
vpja22;17;4054;4680;469,73736807771;320,109530718787;626;255
vpja22;17;4760;5027;-5,36263192229012;-246,390469281213;267;255000
vpja22;17;5038;5472;-8,36263192229012;-266,990469281213;434;255000
vpja22;17;5487;5760;6,43736807770995;-249,290469281212;273;255000
vpja22;17;5780;5872;-50,0626319222901;-245,690469281213;92;255000
vpja22;17;5938;6111;-346,76263192229;206,309530718788;173;255255000
vpja22;17;6272;6788;-26,96263192229;-265,590469281213;516;255000
vpja22;17;6808;7090;-16,5626319222901;-282,790469281212;282;255000
vpja22;17;7100;7387;-31,3626319222901;-276,890469281213;287;255000
vpja22;17;7428;7597;68,6373680777099;-203,790469281212;169;0
vpja22;17;7623;7890;-6,66263192229007;-263,690469281213;267;255000
vpja22;17;7902;8945;-10,46263192229;-279,490469281213;1043;255000
vpja22;17;9034;9260;465,03736807771;190,009530718787;226;255
vpja22;17;9350;9607;16,1373680777099;-263,490469281213;257;255000
vpja22;17;9628;9830;-34,46263192229;-255,790469281212;202;255000
vpja22;17;9900;10000;-332,36263192229;218,709530718788;100;255255000
vpja22;18;178;346;4;-242,7;168;255000
vpja22;18;370;627;-78,8;-260,9;257;0
vpja22;18;697;980;-498,4;214,5;283;255
vpja22;18;1053;1294;-61,8;-294,4;241;255000
vpja22;18;1316;1537;-16,3;-304,2;221;255000
vpja22;18;1612;1919;209,3;365,7;307;255255000
vpja22;18;2031;2300;-463,9;269,5;269;255
vpja22;18;2317;2560;-481;234,6;243;255
vpja22;18;2588;2776;-513,6;128,3;188;255
vpja22;18;2846;3083;-22,5;-273,7;237;255000
vpja22;18;3162;3334;283,7;147,7;172;2,55e+08
vpja22;18;3403;3590;-15,1999999999999;-294,4;187;255000
vpja22;18;3659;3859;-455,6;181,5;200;255
vpja22;18;3885;4019;-496,8;247,6;134;255
vpja22;18;4095;4235;205,1;341,7;140;255255000
vpja22;18;4301;4627;-16,9;-300,7;326;255000
vpja22;18;4640;4943;-40,5;-318,2;303;255000
vpja22;18;4963;5116;-2,09999999999991;-326,4;153;255000
vpja22;18;5275;5545;-15,0999999999999;-308,1;270;255000
vpja22;18;5626;5797;192,2;324,5;171;255255000
vpja22;18;5883;6089;-461,5;199,6;206;255
vpja22;18;6112;6343;-497,6;219,7;231;255
vpja22;18;6420;6739;201,2;292,4;319;255255000
vpja22;18;6841;7051;-469,1;206,5;210;255
vpja22;18;7122;7369;-15,6999999999999;-308,6;247;255000
vpja22;18;7392;7947;-21;-333,6;555;255000
vpja22;18;7960;8097;-50,0999999999999;-311,5;137;255000
vpja22;18;8250;8369;225,5;-62,0000000000001;119;2,55e+08
vpja22;18;8423;8767;-8,39999999999998;-312,2;344;255000
vpja22;18;8786;9300;-41,6999999999999;-316,4;514;255000
vpja22;18;9461;9696;-21,8;-292,2;235;255000
vpja22;18;9760;10000;-276,1;171,6;240;0
vpja22;19;231;422;-345,100342465753;-30,9691780821918;191;255000
vpja22;19;472;752;-334,700342465753;290,830821917808;280;255
vpja22;19;770;911;-326,400342465754;329,830821917808;141;255
vpja22;19;971;1295;171,199657534247;194,830821917808;324;255255000
vpja22;19;1369;1627;-373,300342465753;-28,6691780821917;258;255000
vpja22;19;1645;2178;-392,900342465754;-44,9691780821918;533;255000
vpja22;19;2364;2702;185,999657534246;167,130821917808;338;255255000
vpja22;19;2726;2987;151,699657534247;210,030821917808;261;255255000
vpja22;19;3058;3197;-245,900342465754;240,330821917808;139;255
vpja22;19;3250;3427;-349,300342465753;-57,2691780821917;177;255000
vpja22;19;3629;3843;-346,300342465753;-43,2691780821917;214;255000
vpja22;19;3862;4323;-389,300342465753;-64,8691780821918;461;255000
vpja22;19;4347;4574;-339,000342465754;-53,6691780821917;227;255000
vpja22;19;4647;4916;348,699657534247;58,1308219178082;269;0
vpja22;19;4971;5098;22,7996575342464;23,3308219178083;127;0
vpja22;19;5163;5481;496,399657534247;-107,569178082192;318;0
vpja22;19;5581;5832;-371,500342465754;-45,2691780821917;251;255000
vpja22;19;5853;6745;-402,200342465753;-31,7691780821917;892;0
vpja22;19;6811;7007;142,199657534247;179,530821917808;196;255255000
vpja22;19;7082;7932;-368,700342465753;-57,4691780821918;850;255000
vpja22;19;8007;8183;193,899657534247;204,630821917808;176;255255000
vpja22;19;8253;8404;-299,600342465753;267,730821917808;151;255
vpja22;19;8452;10000;-358,100342465753;-58,4691780821918;1548;255000
vpja22;20;154;276;6;7,43061224489804;122;0
vpja22;20;323;547;-150,1;-168,469387755102;224;255000
vpja22;20;609;827;395;126,230612244898;218;0
vpja22;20;910;1213;-360,4;292,430612244898;303;255255000
vpja22;20;1238;1554;-389,9;353,630612244898;316;255255000
vpja22;20;1603;1978;-384,3;94,630612244898;375;0
vpja22;20;2031;2332;-324,2;-197,869387755102;301;0
vpja22;20;2390;2979;36,6000000000001;-327,369387755102;589;0
vpja22;20;3003;3179;97,4000000000001;-317,569387755102;176;0
vpja22;20;3259;3435;461,7;328,630612244898;176;0
vpja22;20;3483;3730;419,8;77,030612244898;247;255
vpja22;20;3779;3913;230,2;26,530612244898;134;0
vpja22;20;3980;4336;-361,3;336,630612244898;356;255255000
vpja22;20;4359;5164;-406,9;360,930612244898;805;255255000
vpja22;20;5187;5448;-336,2;332,430612244898;261;255255000
vpja22;20;5511;5655;-105,8;-43,169387755102;144;2,55e+08
vpja22;20;5681;5868;-159,7;-143,769387755102;187;2,55e+08
vpja22;20;5924;6315;338;-3,06938775510196;391;255
vpja22;20;6360;6599;460,1;220,630612244898;239;0
vpja22;20;6651;7642;386,9;-45,269387755102;991;255
vpja22;20;7711;8491;-153,1;-150,369387755102;780;255000
vpja22;20;8555;9106;380,4;-10,169387755102;551;255
vpja22;20;9183;9942;-153;-168,269387755102;759;255000
vpja22;20;9965;10000;-157,9;-219,969387755102;35;255000
vpja22;21;13;188;-15,0999999999999;-10,9;175;0
vpja22;21;213;431;39,5;-40,5999999999999;218;255000
vpja22;21;462;590;-51,4;63,7;128;255
vpja22;21;663;931;-519,9;176,1;268;0
vpja22;21;952;1111;-551,2;163,7;159;0
vpja22;21;1188;1489;49,3;-53,6999999999999;301;255000
vpja22;21;1528;1727;-38,9;97,6;199;255
vpja22;21;1792;2043;-530,7;141,7;251;0
vpja22;21;2107;2466;27;-29,5999999999999;359;0
vpja22;21;2506;2696;-41,5;100,5;190;255
vpja22;21;2762;2923;-508;127,1;161;0
vpja22;21;2990;3190;-4,29999999999995;89,3000000000001;200;255
vpja22;21;3220;3460;77,5;-43,4;240;255000
vpja22;21;3501;3743;-6,59999999999991;90,9000000000001;242;255
vpja22;21;3771;4017;58,1000000000001;-48,9999999999999;246;255000
vpja22;21;4049;4521;-9,89999999999998;100,2;472;255
vpja22;21;4575;4830;314,5;163,9;255;255255000
vpja22;21;4889;5100;64,8;-5,39999999999998;211;2,55e+08
vpja22;21;5127;5469;1,30000000000007;89,7;342;255
vpja22;21;5481;5933;-21,1999999999999;100;452;255
vpja22;21;5954;6166;-14,8;59,3000000000001;212;2,55e+08
vpja22;21;6181;6312;-11,5999999999999;86,9000000000001;131;255
vpja22;21;6362;6731;296,9;147,8;369;255255000
vpja22;21;6790;7183;67,8;-71,9999999999999;393;255000
vpja22;21;7233;7513;317,4;-154,9;280;0
vpja22;21;7578;7853;-16,4;-170,5;275;0
vpja22;21;7891;8107;66,6000000000001;-25,9;216;255000
vpja22;21;8125;8633;53,6000000000001;-33,1999999999999;508;255000
vpja22;21;8672;9194;-18,3;96,1;522;255
vpja22;21;9206;9350;-20;103,2;144;255
vpja22;21;9401;9598;307;160,8;197;255255000
vpja22;21;9662;9874;8,70000000000005;71,6;212;2,55e+08
vpja22;21;9892;10000;-15,1999999999999;87,8000000000001;108;255
vpja22;22;280;412;-46,1999999999999;-268,1;132;2,55e+08
vpja22;22;433;1012;-62,6;-296,9;579;2,55e+08
vpja22;22;1067;1282;-386,7;-249,8;215;0
vpja22;22;1334;1554;-53,3;-311,9;220;2,55e+08
vpja22;22;1633;1806;-315,9;198,1;173;255
vpja22;22;1833;2013;-384;260,6;180;255
vpja22;22;2029;2255;-405,4;266,1;226;255
vpja22;22;2310;2569;-18,4;135,9;259;0
vpja22;22;2638;2890;-71,4;-285,9;252;2,55e+08
vpja22;22;2910;3211;-51,5;-303,7;301;2,55e+08
vpja22;22;3243;3613;111,6;-343,4;370;0
vpja22;22;3651;3901;-49,3;-321,6;250;255000
vpja22;22;3913;4080;-62;-308;167;2,55e+08
vpja22;22;4156;4384;-347,9;215,9;228;255
vpja22;22;4412;4628;-417,7;269,8;216;255
vpja22;22;4703;4956;-56,5;-296,4;253;2,55e+08
vpja22;22;4977;5172;-70,5;-327,7;195;255000
vpja22;22;5236;5473;277,1;7,70000000000005;237;0
vpja22;22;5543;5826;-74,6999999999999;-318,8;283;0
vpja22;22;5841;6070;-57,5;-332,4;229;255000
vpja22;22;6080;6305;-62,4;-320,5;225;255000
vpja22;22;6389;6673;-350,9;174,7;284;255
vpja22;22;6698;6945;-392,6;240,9;247;255
vpja22;22;6952;7054;-395,7;257,1;102;255
vpja22;22;7132;7346;16,9;-206,4;214;2,55e+08
vpja22;22;7374;8116;-57;-321,4;742;255000
vpja22;22;8134;8359;-83,6;-321,7;225;0
vpja22;22;8376;8638;-61,1;-331,3;262;255000
vpja22;22;8703;8864;310,4;38,7;161;0
vpja22;22;8934;9176;-53,3;-319,9;242;255000
vpja22;22;9189;9459;-78,5;-327,1;270;0
vpja22;22;9526;9738;-350,8;180,8;212;255
vpja22;22;9765;10000;-411,2;248,8;235;255
vpja22;23;48;205;-2,10000000000002;1;157;0
vpja22;23;246;460;186,7;162,7;214;255
vpja22;23;534;849;-363,5;399,3;315;255255000
vpja22;23;871;1097;-399,3;375,7;226;255255000
vpja22;23;1171;1375;-318;-188,2;204;255000
vpja22;23;1397;1626;-304,9;-245,9;229;255000
vpja22;23;1693;1978;182;201,4;285;255
vpja22;23;2061;2439;-283,9;-236,2;378;255000
vpja22;23;2498;2614;-202,5;90,3;116;2,55e+08
vpja22;23;2665;3097;-385,4;334,7;432;255255000
vpja22;23;3275;3481;-305,2;-214,5;206;255000
vpja22;23;3503;3689;-303,8;-263,8;186;255000
vpja22;23;3770;4025;-373,5;426,1;255;255255000
vpja22;23;4042;4241;-355,9;406,8;199;255255000
vpja22;23;4265;4486;-367,9;315,9;221;255255000
vpja22;23;4710;4937;192,6;144,8;227;255
vpja22;23;4946;5159;186,7;162,8;213;255
vpja22;23;5185;5327;251,3;117;142;0
vpja22;23;5350;5507;189,9;176,3;157;255
vpja22;23;5587;5792;-289,6;-210,9;205;255000
vpja22;23;5814;6001;-304,4;-254,5;187;255000
vpja22;23;6069;6304;159,3;137,3;235;255
vpja22;23;6326;6435;194,7;159,2;109;255
vpja22;23;6515;6821;-306,6;-248,8;306;255000
vpja22;23;6838;7370;-289,6;-272,8;532;255000
vpja22;23;7440;7663;172,8;185,4;223;255
vpja22;23;7688;7867;185,9;158,6;179;255
vpja22;23;7940;8141;-358,8;346,1;201;255255000
vpja22;23;8209;8401;-341,1;-220,3;192;255000
vpja22;23;8423;8876;-300;-249,3;453;255000
vpja22;23;8893;9161;-284,6;-268,4;268;255000
vpja22;23;9226;9450;175,2;127,1;224;255
vpja22;23;9534;9783;-311;-248,9;249;255000
vpja22;23;9858;10000;-375,6;354,7;142;255255000
vpja22;24;156;353;9,35570934256054;-37,2716262975779;197;255
vpja22;24;407;563;71,1557093425605;-228,871626297578;156;2,55e+08
vpja22;24;623;907;450,355709342561;84,8283737024221;284;255255000
vpja22;24;924;1080;448,15570934256;118,928373702422;156;255255000
vpja22;24;1153;1303;10,7557093425605;-149,671626297578;150;2,55e+08
vpja22;24;1331;1703;38,5557093425606;-259,471626297578;372;255000
vpja22;24;1764;2072;-108,944290657439;53,7283737024221;308;255
vpja22;24;2097;2289;-173,244290657439;82,2283737024221;192;255
vpja22;24;2331;2483;-31,6442906574395;10,9283737024222;152;0
vpja22;24;2541;2906;439,055709342561;120,028373702422;365;255255000
vpja22;24;2974;3228;43,7557093425606;-241,571626297578;254;2,55e+08
vpja22;24;3247;4491;32,2557093425606;-282,871626297578;1244;255000
vpja22;24;4499;4865;25,4557093425605;-273,571626297578;366;255000
vpja22;24;4885;5178;23,1557093425605;-306,771626297578;293;255000
vpja22;24;5213;5427;35,4557093425605;-221,771626297578;214;2,55e+08
vpja22;24;5488;6072;464,355709342561;94,6283737024221;584;255255000
vpja22;24;6104;6329;325,855709342561;87,7283737024221;225;255255000
vpja22;24;6391;6616;-66,9442906574394;7,92837370242216;225;255
vpja22;24;6643;6906;-160,84429065744;70,2283737024221;263;255
vpja22;24;6960;7215;39,3557093425605;-260,071626297578;255;255000
vpja22;24;7268;7713;-124,944290657439;72,4283737024222;445;255
vpja22;24;7776;7909;393,055709342561;94,7283737024221;133;255255000
vpja22;24;7973;8183;58,1557093425605;-260,471626297578;210;255000
vpja22;24;8345;8615;44,6557093425605;-266,671626297578;270;255000
vpja22;24;8628;8813;56,0557093425606;-284,571626297578;185;255000
vpja22;24;8866;9102;-70,8442906574395;14,9283737024222;236;255
vpja22;24;9130;9333;-139,84429065744;81,9283737024222;203;255
vpja22;24;9398;9661;444,855709342561;110,728373702422;263;255255000
vpja22;24;9731;10000;-145,34429065744;52,6283737024221;269;255
vpja22;25;4;288;22,0999999999999;4,19999999999993;284;0
vpja22;25;328;472;133,3;-149,3;144;255000
vpja22;25;531;788;-344;114,7;257;255255000
vpja22;25;805;958;-382,6;118,4;153;255255000
vpja22;25;1015;1139;46,1999999999998;154,2;124;0
vpja22;25;1191;1431;103,4;-179,6;240;255000
vpja22;25;1508;1712;-357;98,4;204;255255000
vpja22;25;1783;2227;124,4;-175,6;444;255000
vpja22;25;2295;2520;37,6999999999998;255,9;225;255
vpja22;25;2539;2649;54,1999999999998;226;110;255
vpja22;25;2708;2981;-354,2;90,4;273;255255000
vpja22;25;2993;3390;-362,9;79,8;397;255255000
vpja22;25;3411;3604;-322,7;35,9;193;255255000
vpja22;25;3628;3747;-366,3;83,8;119;255255000
vpja22;25;3802;4160;59,9999999999998;233;358;255
vpja22;25;4228;4438;131,8;-198,9;210;255000
vpja22;25;4451;5234;120,8;-179;783;255000
vpja22;25;5257;5575;186,6;-188;318;255000
vpja22;25;5589;6324;151,1;-177,7;735;255000
vpja22;25;6340;6783;115,2;-184,3;443;255000
vpja22;25;6804;7111;156,3;-197,7;307;255000
vpja22;25;7122;7598;140,2;-188,5;476;255000
vpja22;25;7612;7944;168;-196,5;332;255000
vpja22;25;7964;8431;129,6;-169,2;467;255000
vpja22;25;8490;8793;-314,8;67,9;303;0
vpja22;25;8814;9011;-356,2;81,6;197;255255000
vpja22;25;9063;9262;47,1999999999998;218,7;199;255
vpja22;25;9317;9648;138,8;-207;331;255000
vpja22;25;9672;9817;97,9999999999998;-160,2;145;255000
vpja22;25;9879;10000;-358,9;84,4;121;255255000
vpja22;26;262;417;-92,7131944444443;-147,719791666667;155;255000
vpja22;26;465;703;-265,113194444444;127,680208333333;238;0
vpja22;26;754;1072;41,1868055555557;123,780208333333;318;0
vpja22;26;1126;1384;-285,713194444444;128,580208333333;258;0
vpja22;26;1437;1716;-121,713194444444;-147,919791666667;279;255000
vpja22;26;1729;1901;-132,713194444444;-157,619791666667;172;255000
vpja22;26;1953;2327;-278,513194444444;134,280208333333;374;0
vpja22;26;2340;2807;-264,213194444444;118,180208333333;467;255
vpja22;26;2868;3177;56,3868055555557;149,480208333333;309;0
vpja22;26;3199;3381;106,286805555556;131,880208333333;182;0
vpja22;26;3404;3558;46,7868055555556;142,880208333333;154;0
vpja22;26;3610;3711;-92,8131944444443;-145,019791666667;101;255000
vpja22;26;3846;4117;-106,813194444444;-160,019791666667;271;255000
vpja22;26;4129;4338;-120,813194444444;-168,619791666667;209;255000
vpja22;26;4394;4590;95,8868055555557;98,4802083333334;196;255255000
vpja22;26;4654;4830;-248,813194444444;95,0802083333334;176;255
vpja22;26;4881;5121;-117,613194444444;-180,319791666667;240;255000
vpja22;26;5175;5383;81,9868055555556;150,380208333333;208;0
vpja22;26;5402;5539;53,4868055555556;144,980208333333;137;0
vpja22;26;5590;6155;-103,613194444444;-169,919791666667;565;255000
vpja22;26;6212;6441;322,286805555556;-61,9197916666666;229;0
vpja22;26;6511;6851;-99,8131944444443;-170,419791666667;340;255000
vpja22;26;6858;6980;-103,113194444444;-174,419791666667;122;255000
vpja22;26;7036;7321;332,986805555556;-64,7197916666667;285;0
vpja22;26;7374;7580;62,2868055555556;103,680208333333;206;255255000
vpja22;26;7635;9780;-94,3131944444443;-178,419791666667;2145;255000
vpja22;26;9828;10000;-238,013194444444;76,9802083333334;172;255
