vp;trial;timest;timeend;x;y;duration;roi
vpja12;1;304;602;-230,4;-169,7;298;255000
vpja12;1;613;1071;-258,5;-168,5;458;0
vpja12;1;1118;1462;-234,1;2,89999999999998;344;2,55e+08
vpja12;1;1534;1708;-451,4;350,7;174;255
vpja12;1;1728;1985;-467,7;321,6;257;255
vpja12;1;2007;2248;-422;310;241;255
vpja12;1;2297;2550;-124;325,5;253;255255000
vpja12;1;2702;2967;173,8;-192,6;265;0
vpja12;1;3009;3144;291;-280,1;135;0
vpja12;1;3202;3361;-62,5;-195,4;159;0
vpja12;1;3386;3723;5,70000000000005;-205,5;337;0
vpja12;1;3734;3996;0,399999999999977;-216,7;262;0
vpja12;1;4007;4280;3,89999999999998;-230,1;273;0
vpja12;1;4313;4694;-62,1;-183,4;381;0
vpja12;1;4714;5018;-43,7;-153,7;304;0
vpja12;1;5035;5254;-76,2;-162,1;219;0
vpja12;1;5297;5439;-183,5;-196,7;142;255000
vpja12;1;5459;5619;-227,9;-190,5;160;255000
vpja12;1;5668;5779;-381,6;-254,7;111;0
vpja12;1;5936;5997;-399,8;-191,3;61;0
vpja12;1;6063;6223;-362,3;154,2;160;0
vpja12;1;6274;6535;-70,8;122;261;0
vpja12;1;6569;6673;-75,1;202,9;104;0
vpja12;1;6849;7045;-65,3;-133;196;0
vpja12;1;7231;7413;-55,3;-186,7;182;0
vpja12;1;7439;7630;16,8;-224,7;191;0
vpja12;1;7674;7837;-38;-391,4;163;0
vpja12;1;7903;8167;-410,2;-367,9;264;0
vpja12;1;8239;8426;129,3;-233;187;0
vpja12;1;8473;8709;322,3;-296,3;236;0
vpja12;1;8760;8980;19,6;-227,8;220;0
vpja12;1;8998;9395;-4,70000000000005;-209,2;397;0
vpja12;1;9412;9733;21,3;-210,8;321;0
vpja12;1;9758;10000;21;-151,7;242;0
vpja12;2;298;630;-25,9;-83,8;332;255000
vpja12;2;648;1012;-49,9;-115,6;364;255000
vpja12;2;1090;1263;-532,1;138,6;173;0
vpja12;2;1282;2507;-545,6;169,9;1225;255
vpja12;2;2583;2911;-72,3000000000001;249,6;328;255255000
vpja12;2;2929;3373;-89,2;267,6;444;255255000
vpja12;2;3477;3692;310;-189,8;215;0
vpja12;2;3715;3895;330,7;-240,3;180;0
vpja12;2;3946;4139;35,6999999999999;-195,6;193;255000
vpja12;2;4174;4533;-37,7;-121,7;359;255000
vpja12;2;4601;4803;-189,2;186,7;202;0
vpja12;2;4847;5302;11,6;194,7;455;255255000
vpja12;2;5372;5549;-17,7;-150,5;177;255000
vpja12;2;5570;5885;-44,3000000000001;-135,4;315;255000
vpja12;2;5904;6151;-13,4;-122,6;247;255000
vpja12;2;6164;6559;-31;-116,6;395;255000
vpja12;2;6631;6787;-88,2;194,7;156;2,55e+08
vpja12;2;6815;6933;-49,1;251,4;118;255255000
vpja12;2;7137;7266;-498,9;222,9;129;255
vpja12;2;7287;7564;-518,4;180,8;277;255
vpja12;2;7651;7813;21,1999999999999;23,6;162;2,55e+08
vpja12;2;7845;8080;0,299999999999955;-109,7;235;255000
vpja12;2;8102;8365;-39,2;-110,9;263;255000
vpja12;2;8421;8632;16,4;103,7;211;2,55e+08
vpja12;2;8647;8905;46,4;94,5;258;2,55e+08
vpja12;2;8930;9066;-1,39999999999998;157,6;136;2,55e+08
vpja12;2;9141;9318;1,69999999999993;-155,3;177;255000
vpja12;2;9338;9462;-25,1;-123,7;124;255000
vpja12;2;9724;9937;-24;-105,2;213;255000
vpja12;3;0;238;-3,5;14,3;238;2,55e+08
vpja12;3;284;563;81,5999999999999;-197,6;279;255000
vpja12;3;575;856;80,4000000000001;-214,7;281;255000
vpja12;3;934;1219;360,7;146,4;285;255
vpja12;3;1312;1542;-445;220,4;230;255255000
vpja12;3;1566;2924;-488,5;198,3;1358;255255000
vpja12;3;2966;3403;-473,6;38,5;437;0
vpja12;3;3497;3747;105,3;-196,5;250;255000
vpja12;3;3767;4087;70,3;-236,2;320;255000
vpja12;3;4105;4341;78,0999999999999;-209,3;236;255000
vpja12;3;4355;4694;72,3;-231,8;339;255000
vpja12;3;4708;4991;92,4000000000001;-220,7;283;255000
vpja12;3;5008;5441;74,5999999999999;-242,2;433;255000
vpja12;3;5463;5731;94,5999999999999;-197,8;268;255000
vpja12;3;5794;5846;60,2;43,4;52;2,55e+08
vpja12;3;6045;6246;54,4000000000001;33;201;2,55e+08
vpja12;3;6271;6578;17,9;-14;307;2,55e+08
vpja12;3;6629;6908;72,9000000000001;-216,5;279;255000
vpja12;3;6918;7234;84,0999999999999;-227,9;316;255000
vpja12;3;7251;7534;91,2;-202,3;283;255000
vpja12;3;7589;7737;-126,6;25,5;148;2,55e+08
vpja12;3;7791;8417;88,3;-226,5;626;255000
vpja12;3;8470;8739;116,6;34,4;269;2,55e+08
vpja12;3;8813;9129;-412,7;197,7;316;255255000
vpja12;3;9227;9493;109,4;-193,9;266;255000
vpja12;3;9515;9719;103,5;-234,1;204;255000
vpja12;3;9795;10000;377,1;131,7;205;255
vpja12;4;19;214;-5,12222222222215;4,66666666666663;195;2,55e+08
vpja12;4;275;484;-335,022222222222;56,6666666666666;209;255
vpja12;4;549;696;-14,5222222222221;-250,633333333333;147;255000
vpja12;4;763;1027;241,577777777778;120,266666666667;264;255255000
vpja12;4;1099;1251;-27,0222222222221;-196,433333333333;152;2,55e+08
vpja12;4;1477;2519;-292,422222222222;33,7666666666667;1042;0
vpja12;4;2544;3563;-323,722222222222;74,8666666666667;1019;255
vpja12;4;3645;4543;243,977777777778;86,1666666666666;898;0
vpja12;4;4615;4968;-296,422222222222;68,1666666666666;353;255
vpja12;4;4994;5523;-339,122222222222;51,8666666666667;529;255
vpja12;4;5596;5813;195,577777777778;106,466666666667;217;0
vpja12;4;5838;6017;261,877777777778;111,366666666667;179;255255000
vpja12;4;6085;6273;-298,022222222222;65,7666666666667;188;255
vpja12;4;6354;6534;-7,42222222222222;-249,933333333333;180;255000
vpja12;4;6555;6948;-37,4222222222222;-259,233333333333;393;255000
vpja12;4;6996;7356;-114,322222222222;-62,8333333333334;360;2,55e+08
vpja12;4;7415;8019;-374,922222222222;89,1666666666666;604;255
vpja12;4;8068;8353;-631,722222222222;56,9666666666667;285;0
vpja12;4;8374;8689;-585,922222222222;48,1666666666666;315;0
vpja12;4;9043;9156;213,977777777778;91,0666666666666;113;0
vpja12;4;9220;9450;-340,822222222222;78,6666666666666;230;255
vpja12;4;9679;10000;-328,222222222222;66,5666666666666;321;255
vpja12;5;302;538;-122;14,7;236;255255000
vpja12;5;570;683;-193,3;38,5;113;255255000
vpja12;5;757;976;88;-252,3;219;2,55e+08
vpja12;5;1045;1317;412,9;71,1;272;255
vpja12;5;1337;1454;404,5;117,3;117;255
vpja12;5;1521;1748;-129;28,8000000000001;227;255255000
vpja12;5;1788;1959;-34,0999999999999;-18,1;171;255255000
vpja12;5;2020;2343;425,8;61,7;323;255
vpja12;5;2363;2891;407;90,9;528;255
vpja12;5;2986;3144;-47,5;-144,4;158;2,55e+08
vpja12;5;3219;3471;-474,9;43,8000000000001;252;0
vpja12;5;3560;3779;110,6;-274;219;255000
vpja12;5;3798;4132;84,4000000000001;-290,3;334;255000
vpja12;5;4195;4293;42,4000000000001;-11,8;98;0
vpja12;5;4499;4876;419,2;61,3000000000001;377;255
vpja12;5;4948;5188;-119,5;-4,39999999999998;240;0
vpja12;5;5216;5782;-185,3;27,7;566;255255000
vpja12;5;5860;6100;436;82,1;240;255
vpja12;5;6115;7097;417,9;77,9;982;255
vpja12;5;7179;7363;71,2;-271,7;184;255000
vpja12;5;7385;7618;88,5;-296,6;233;255000
vpja12;5;7694;7905;459,8;61,1;211;255
vpja12;5;7925;8275;416,9;53,3000000000001;350;255
vpja12;5;8451;8599;-29,3;-1,10000000000002;148;0
vpja12;5;8640;9026;-160;12,4;386;255255000
vpja12;5;9270;10000;417,6;69,9;730;255
vpja12;6;270;488;-332,285910652921;-131,782474226804;218;255000
vpja12;6;502;1512;-347,485910652921;-112,682474226804;1010;255000
vpja12;6;1564;1731;-209,585910652921;4,2175257731958;167;2,55e+08
vpja12;6;1759;2564;-272,185910652921;55,1175257731959;805;255
vpja12;6;2585;2879;-316,985910652921;56,3175257731958;294;2,55e+08
vpja12;6;2889;3383;-305,985910652921;59,6175257731959;494;2,55e+08
vpja12;6;3556;3958;-299,085910652921;53,3175257731958;402;255
vpja12;6;4013;4317;44,514089347079;63,3175257731958;304;255255000
vpja12;6;4352;4540;131,714089347079;114,017525773196;188;0
vpja12;6;4608;4818;-238,785910652921;82,3175257731958;210;255
vpja12;6;4844;5601;-284,185910652921;45,9175257731958;757;255
vpja12;6;5653;5852;57,014089347079;54,3175257731958;199;255255000
vpja12;6;5916;6243;-311,685910652921;46,4175257731958;327;2,55e+08
vpja12;6;6265;6443;-266,285910652921;60,1175257731959;178;255
vpja12;6;6669;6930;-284,985910652921;63,3175257731958;261;255
vpja12;6;6981;7214;-329,485910652921;-117,782474226804;233;255000
vpja12;6;7263;7551;-94,585910652921;-213,382474226804;288;0
vpja12;6;7586;7797;-190,085910652921;-217,382474226804;211;0
vpja12;6;7888;7986;-217,385910652921;-135,182474226804;98;0
vpja12;6;8013;8152;-189,385910652921;-232,482474226804;139;0
vpja12;6;8210;8402;93,514089347079;-387,782474226804;192;0
vpja12;6;8423;8713;56,714089347079;-402,382474226804;290;0
vpja12;6;8727;9033;32,414089347079;-398,982474226804;306;0
vpja12;6;9049;9295;55,014089347079;-382,082474226804;246;0
vpja12;6;9314;9495;32,714089347079;-347,182474226804;181;0
vpja12;6;9537;9832;173,914089347079;-385,882474226804;295;0
vpja12;6;9859;10000;110,614089347079;-377,282474226804;141;0
vpja12;7;374;630;278,6;167,1;256;255
vpja12;7;649;787;239,4;163,7;138;255
vpja12;7;867;1099;37,9000000000001;-272,3;232;255000
vpja12;7;1184;1498;-382,8;144,1;314;0
vpja12;7;1516;2034;-348,4;136,7;518;255255000
vpja12;7;2070;2365;-471,7;181,4;295;0
vpja12;7;2387;2570;-520,9;206,2;183;0
vpja12;7;2741;2839;-501,8;213,8;98;0
vpja12;7;2903;3242;-51,8;318,2;339;0
vpja12;7;3332;3557;275,1;165,3;225;255
vpja12;7;3577;3911;233,1;148,4;334;255
vpja12;7;3935;4428;287,4;153,5;493;255
vpja12;7;4490;4783;9,90000000000009;3,10000000000002;293;2,55e+08
vpja12;7;4948;5195;20,3000000000001;-250,2;247;255000
vpja12;7;5209;5975;20;-280;766;255000
vpja12;7;5994;6453;23,9000000000001;-241,6;459;255000
vpja12;7;6492;6602;-27,3;-132,5;110;2,55e+08
vpja12;7;6804;7021;302,9;164,9;217;255
vpja12;7;7042;9200;286,5;155,4;2158;255
vpja12;7;9212;9660;251,7;162,8;448;255
vpja12;7;9679;10000;289,7;156,6;321;255
vpja12;8;297;422;-369,8;202;125;2,55e+08
vpja12;8;496;912;-339,8;-240,1;416;255000
vpja12;8;1004;1266;-487;358,3;262;255
vpja12;8;1287;1760;-446,9;339,8;473;255
vpja12;8;1840;2108;181,3;246,4;268;255255000
vpja12;8;2127;2454;142,6;235,3;327;255255000
vpja12;8;2531;2829;-446,3;373,5;298;255
vpja12;8;2851;3211;-490,4;346,1;360;255
vpja12;8;3233;3613;-448,3;342,1;380;255
vpja12;8;3638;3874;-478,3;394,8;236;255
vpja12;8;3893;4387;-447;382,3;494;255
vpja12;8;4412;4725;-514,7;351;313;0
vpja12;8;4741;5016;-519;325,5;275;0
vpja12;8;5041;5271;-427,6;340,7;230;255
vpja12;8;5345;5854;156,3;236,1;509;255255000
vpja12;8;5876;6097;122,9;272,2;221;255255000
vpja12;8;6124;6255;184,4;295,1;131;255255000
vpja12;8;6325;6591;87,7;-11,2;266;0
vpja12;8;6641;6865;341,2;94,4;224;0
vpja12;8;6924;7059;449,1;-86,1;135;0
vpja12;8;7101;7219;532,5;-164,2;118;0
vpja12;8;7408;7605;513,3;-134,8;197;0
vpja12;8;7622;7789;542,3;-162,6;167;0
vpja12;8;7891;8066;-299,2;-226,5;175;255000
vpja12;8;8123;8307;-537;-141,9;184;0
vpja12;8;8384;8716;100,2;18,0999999999999;332;0
vpja12;8;8755;8909;196,3;71,0999999999999;154;0
vpja12;8;9128;9276;58,6000000000001;-93,8000000000001;148;0
vpja12;8;9329;9407;362,2;68,1999999999999;78;0
vpja12;8;9609;9780;-304,3;-190,2;171;255000
vpja12;8;9806;10000;-301,8;-232;194;255000
vpja12;9;266;590;-9,89999999999998;-210,7;324;255000
vpja12;9;608;826;-38,5;-198,3;218;255000
vpja12;9;902;1167;-479,6;156,8;265;255
vpja12;9;1185;1378;-449,3;178,1;193;255
vpja12;9;1402;1943;-433,2;246,6;541;255
vpja12;9;2029;2300;316;256,5;271;255255000
vpja12;9;2320;2676;295,5;224,4;356;255255000
vpja12;9;2696;3219;312,9;259,1;523;255255000
vpja12;9;3305;3586;-370,9;202,8;281;255
vpja12;9;3614;4645;-454,3;160,6;1031;255
vpja12;9;4664;4898;-422,1;139,7;234;255
vpja12;9;4912;5506;-431,1;147,4;594;255
vpja12;9;5591;6224;293;242,7;633;255255000
vpja12;9;6241;6419;323,7;256,1;178;255255000
vpja12;9;6510;6961;-449,1;240,4;451;255
vpja12;9;7200;7515;-481,1;205,6;315;255
vpja12;9;7534;7878;-446,2;174,2;344;255
vpja12;9;7904;8118;-363,8;207,8;214;255
vpja12;9;8134;8765;-377,3;220,7;631;255
vpja12;9;8805;8982;-461,4;219,3;177;255
vpja12;9;9003;9443;-435,8;179,6;440;255
vpja12;9;9529;9830;278,3;200,4;301;255255000
vpja12;9;9858;10000;346,2;227,3;142;255255000
vpja12;10;319;443;-349,895172413793;6,21999999999991;124;255
vpja12;10;513;705;76,3048275862067;-152,48;192;2,55e+08
vpja12;10;724;923;65,0048275862067;-181,48;199;2,55e+08
vpja12;10;984;1063;-345,095172413793;-49,2800000000001;79;0
vpja12;10;1263;1433;-323,695172413793;-46,58;170;0
vpja12;10;1478;1643;-293,595172413793;50,1199999999999;165;255
vpja12;10;1724;1972;383,904827586207;237,92;248;255255000
vpja12;10;1994;2320;359,104827586207;266,32;326;255255000
vpja12;10;2347;2714;270,004827586207;242,22;367;255255000
vpja12;10;2750;2894;368,104827586207;270,32;144;255255000
vpja12;10;2972;3198;-70,5951724137932;-48,48;226;0
vpja12;10;3214;3317;-91,3951724137933;-65,3800000000001;103;0
vpja12;10;3361;3402;-250,595172413793;61,3199999999999;41;255
vpja12;10;3904;4174;-306,995172413793;172,32;270;255
vpja12;10;4217;4399;-175,895172413793;271,72;182;0
vpja12;10;4470;4622;-64,7951724137932;-4,48000000000002;152;0
vpja12;10;4681;5007;-284,995172413793;88,92;326;255
vpja12;10;5034;5422;-357,295172413793;7,71999999999991;388;255
vpja12;10;5479;5804;-96,8951724137933;-115,28;325;0
vpja12;10;5839;6042;-189,095172413793;-194,48;203;0
vpja12;10;6065;6231;-224,395172413793;-244,08;166;0
vpja12;10;6283;6487;-402,795172413793;-164,78;204;0
vpja12;10;6512;6696;-413,595172413793;-69,3800000000001;184;0
vpja12;10;6751;7059;-606,095172413793;-117,78;308;0
vpja12;10;7134;7417;-517,295172413793;305,62;283;0
vpja12;10;7468;7618;-348,995172413793;116,22;150;255
vpja12;10;7830;8014;342,304827586207;176,12;184;255255000
vpja12;10;8061;8206;452,804827586207;58,02;145;0
vpja12;10;8272;8444;137,204827586207;-169,58;172;255000
vpja12;10;8470;8677;79,9048275862068;-181,98;207;255000
vpja12;10;8724;9153;167,504827586207;10,2199999999999;429;2,55e+08
vpja12;10;9226;9405;232,604827586207;335,42;179;0
vpja12;10;9443;9697;364,304827586207;241,72;254;255255000
vpja12;10;9787;10000;-306,595172413793;82,7199999999999;213;255
vpja12;11;305;548;-15,5999999999999;126,6;243;0
vpja12;11;614;804;-94,9999999999999;-113,6;190;2,55e+08
vpja12;11;865;1106;24,3000000000001;170,5;241;0
vpja12;11;1127;1300;9,50000000000011;202,8;173;255255000
vpja12;11;1320;1485;-24,5999999999999;201,8;165;0
vpja12;11;1521;1813;78,2;179,7;292;0
vpja12;11;1870;2869;-299,5;171,1;999;255
vpja12;11;3090;3209;-167,4;197,2;119;0
vpja12;11;3252;3522;-107,5;346,8;270;0
vpja12;11;3569;3732;-231,8;382,3;163;0
vpja12;11;3784;3892;-307,4;191,6;108;0
vpja12;11;3915;3940;-318,2;300,1;25;0
vpja12;11;4027;4352;-3,09999999999991;174,2;325;0
vpja12;11;4375;4669;68,4000000000001;200,7;294;0
vpja12;11;4749;5042;-264,6;166,3;293;255
vpja12;11;5064;5585;-288,1;117,6;521;255
vpja12;11;5638;6041;-5,99999999999989;146,4;403;0
vpja12;11;6100;7045;-286,8;126,8;945;255
vpja12;11;7066;7313;-256;151,2;247;255
vpja12;11;7365;7614;32,8000000000001;181,3;249;255255000
vpja12;11;7632;8015;-8,09999999999991;192,3;383;255255000
vpja12;11;8067;8414;-283,3;132,1;347;255
vpja12;11;8467;8714;32,5000000000001;181,8;247;255255000
vpja12;11;8736;8988;-15,9999999999999;194,7;252;255255000
vpja12;11;9064;9369;-66,1999999999999;-141,2;305;255000
vpja12;11;9387;9625;-91,8999999999999;-136,7;238;255000
vpja12;11;9683;10000;-390,9;34,3;317;0
vpja12;12;59;311;-8,80000000000007;-9,19999999999993;252;2,55e+08
vpja12;12;383;645;-71,4;-392,5;262;255000
vpja12;12;748;910;344,5;256,2;162;0
vpja12;12;946;1059;438,2;353,2;113;255
vpja12;12;1294;1431;412,2;331,5;137;255
vpja12;12;1544;1782;-550,4;337,3;238;255255000
vpja12;12;1813;2236;-577;411,3;423;255255000
vpja12;12;2278;2617;-535,5;287,1;339;0
vpja12;12;2709;2890;-53,3000000000001;-70,6999999999999;181;2,55e+08
vpja12;12;2954;3109;-46,5;-305,9;155;255000
vpja12;12;3155;3283;-312,4;-254,6;128;0
vpja12;12;3347;3750;181;-224,4;403;0
vpja12;12;3829;4065;396,8;269,2;236;0
vpja12;12;4103;4547;453,5;361,4;444;255
vpja12;12;4563;5127;414,7;347,8;564;255
vpja12;12;5178;5358;191,9;244,6;180;255
vpja12;12;5382;5551;130,6;218,7;169;255
vpja12;12;5642;5913;-557,2;344,7;271;255255000
vpja12;12;6126;6458;-554;424,9;332;255255000
vpja12;12;6483;6843;-617,8;406,9;360;0
vpja12;12;6904;7086;-526,3;212,2;182;0
vpja12;12;7170;7330;-436,7;-197,8;160;0
vpja12;12;7352;7503;-421,9;-248,5;151;0
vpja12;12;7541;7813;-267,1;-276,2;272;0
vpja12;12;7847;8057;-349,6;-334,6;210;0
vpja12;12;8093;8284;-445,2;-336,6;191;0
vpja12;12;8325;8680;-581,1;-283,5;355;0
vpja12;12;8730;8884;-509,6;-421,7;154;0
vpja12;12;8965;9199;129,6;-243,6;234;0
vpja12;12;9235;9435;236,3;-223,1;200;0
vpja12;12;9461;9619;321;-261,1;158;0
vpja12;12;9679;9887;557,7;-26,4;208;0
vpja12;12;9932;10000;316,3;34,8000000000001;68;0
vpja12;13;269;497;-83,0999999999999;-186,2;228;255000
vpja12;13;509;658;-68,1999999999999;-187;149;255000
vpja12;13;728;1046;239,6;208,9;318;0
vpja12;13;1062;1281;215;214,7;219;255
vpja12;13;1302;1678;262,9;226,7;376;255
vpja12;13;1736;1965;-129,8;307,2;229;255255000
vpja12;13;1986;2502;-181,1;315,2;516;255255000
vpja12;13;2566;3084;250,4;228,8;518;255
vpja12;13;3108;3274;182,8;206,7;166;255
vpja12;13;3327;3559;-169,9;279,5;232;255255000
vpja12;13;3592;3824;-124,4;217,1;232;2,55e+08
vpja12;13;3859;4160;-29,4;198,5;301;2,55e+08
vpja12;13;4186;4560;-118,7;199,3;374;2,55e+08
vpja12;13;4618;4803;184,8;234,6;185;0
vpja12;13;4828;5030;243,8;214,9;202;255
vpja12;13;5091;5185;335,7;-2,90000000000009;94;0
vpja12;13;5277;5389;-238,7;-87,6;112;2,55e+08
vpja12;13;5457;5670;-536,6;14,1999999999999;213;0
vpja12;13;5839;5966;-538;90,0999999999999;127;0
vpja12;13;6035;6185;-152,2;303,6;150;255255000
vpja12;13;6287;6562;-341;-252,7;275;0
vpja12;13;6608;7040;-516;-285,5;432;0
vpja12;13;7060;7391;-456,6;-278,4;331;0
vpja12;13;7417;7821;-411,9;-187,5;404;0
vpja12;13;7919;8166;-163,7;247,2;247;2,55e+08
vpja12;13;8188;8392;-144,3;303,1;204;255255000
vpja12;13;8455;8771;256,5;214,2;316;255
vpja12;13;8784;9233;230,1;224,4;449;255
vpja12;13;9290;9583;-148,4;284,7;293;0
vpja12;13;9610;9910;-105,4;208,8;300;2,55e+08
vpja12;13;9945;10000;-25,4;207,8;55;2,55e+08
vpja12;14;302;462;2,71849315068505;-238,197945205479;160;0
vpja12;14;480;761;-35,781506849315;-259,797945205479;281;0
vpja12;14;827;1049;-177,181506849315;-96,4979452054795;222;0
vpja12;14;1073;1283;-223,881506849315;-73,7979452054795;210;255
vpja12;14;1346;1576;-534,581506849315;-11,5979452054795;230;0
vpja12;14;1630;1899;-227,981506849315;-58,4979452054795;269;255
vpja12;14;1940;2155;-77,381506849315;-25,5979452054795;215;255255000
vpja12;14;2213;2424;-5,481506849315;-262,697945205479;211;255000
vpja12;14;2439;2671;-26,981506849315;-277,497945205479;232;255000
vpja12;14;2731;2882;-71,681506849315;-17,7979452054794;151;255255000
vpja12;14;2921;3198;-212,281506849315;-50,5979452054795;277;255
vpja12;14;3218;3355;-225,981506849315;-74,3979452054795;137;255
vpja12;14;3400;3836;-42,581506849315;-10,4979452054795;436;255255000
vpja12;14;3873;4064;-124,681506849315;-20,6979452054795;191;0
vpja12;14;4095;4286;-197,981506849315;-18,9979452054795;191;0
vpja12;14;4311;4534;-209,481506849315;-73,5979452054795;223;255
vpja12;14;4705;4907;467,818493150685;-6,69794520547953;202;0
vpja12;14;4946;5222;315,518493150685;13,2020547945206;276;0
vpja12;14;5246;5418;223,718493150685;-4,39794520547946;172;0
vpja12;14;5634;5742;-76,681506849315;117,90205479452;108;0
vpja12;14;5787;5976;-144,881506849315;40,5020547945205;189;0
vpja12;14;6020;6203;-222,281506849315;-45,9979452054795;183;255
vpja12;14;6299;6403;-331,681506849315;513,402054794521;104;NA
vpja12;14;6442;6675;-342,081506849315;443,80205479452;233;0
vpja12;14;6695;6947;-331,981506849315;420,602054794521;252;0
vpja12;14;7149;7226;-308,281506849315;396,202054794521;77;0
vpja12;14;7310;7460;-68,181506849315;1,4020547945205;150;255255000
vpja12;14;7503;7679;-178,181506849315;-163,797945205479;176;0
vpja12;14;7707;7878;-214,381506849315;-234,697945205479;171;0
vpja12;14;7916;8212;-114,481506849315;-252,09794520548;296;0
vpja12;14;8279;8538;154,918493150685;-52,4979452054795;259;0
vpja12;14;8559;8761;183,618493150685;-14,9979452054795;202;0
vpja12;14;8775;8979;184,618493150685;-32,8979452054795;204;0
vpja12;14;9006;9250;271,518493150685;-3,5979452054795;244;0
vpja12;14;9287;9481;399,618493150685;-12,5979452054795;194;0
vpja12;14;9762;9967;485,318493150685;-16,6979452054795;205;0
vpja12;15;310;598;84,7;-253,2;288;255000
vpja12;15;680;1435;305;371,4;755;255
vpja12;15;1454;1540;294,7;329,4;86;255
vpja12;15;1786;1995;301,2;296,1;209;255
vpja12;15;2033;2195;197,3;344,6;162;2,55e+08
vpja12;15;2288;2482;-466;307,8;194;255255000
vpja12;15;2503;2775;-451,9;267,5;272;255255000
vpja12;15;2809;3248;-452,2;393,6;439;255255000
vpja12;15;3289;3582;-480,6;253,8;293;255255000
vpja12;15;3601;3775;-442,1;269;174;255255000
vpja12;15;4020;4404;367,2;338,5;384;0
vpja12;15;4485;4590;-195;376;105;0
vpja12;15;4839;5388;-452,7;218;549;255255000
vpja12;15;5460;5576;-324,7;-68,9;116;0
vpja12;15;5620;6065;-177,8;-151,5;445;0
vpja12;15;6094;6179;-271,1;-83,3;85;0
vpja12;15;6219;6433;-306,8;-228,1;214;0
vpja12;15;6488;6905;-564;-266,6;417;0
vpja12;15;6960;7244;-572,9;-17,1999999999999;284;0
vpja12;15;7311;7590;-402,1;220,5;279;255255000
vpja12;15;7623;8117;-459,3;256,7;494;255255000
vpja12;15;8214;8629;331,6;340;415;255
vpja12;15;8735;8878;-385,1;306;143;255255000
vpja12;15;9122;9346;-472;237,7;224;255255000
vpja12;15;9381;9725;-452;115,8;344;255255000
vpja12;15;9768;10000;-487,7;265,8;232;255255000
vpja12;16;324;576;324,5;182,1;252;0
vpja12;16;660;945;60,7;-254;285;255000
vpja12;16;1018;1272;331,3;183,9;254;255
vpja12;16;1539;1698;340,6;195,6;159;255
vpja12;16;1772;1996;-206;180;224;255255000
vpja12;16;2036;2424;-335,2;165,2;388;255255000
vpja12;16;2438;3192;-354;154,8;754;255255000
vpja12;16;3241;3483;-438,5;216,3;242;255255000
vpja12;16;3509;3916;-337,7;170,2;407;255255000
vpja12;16;4007;4576;303,8;210,9;569;0
vpja12;16;4597;4772;347,6;210,9;175;255
vpja12;16;4793;5074;298,8;168,1;281;255
vpja12;16;5156;5371;-200,9;225,1;215;255255000
vpja12;16;5396;5487;-282,5;240,3;91;255255000
vpja12;16;5718;5901;191,6;221,2;183;0
vpja12;16;5937;6129;96,5;216,8;192;0
vpja12;16;6199;6484;-318,7;192,8;285;255255000
vpja12;16;6570;7021;331,9;216,1;451;255
vpja12;16;7045;7246;276,4;246,5;201;255
vpja12;16;7257;7389;296,3;252,2;132;0
vpja12;16;7486;7915;-326,1;192,8;429;255255000
vpja12;16;7934;8125;-346,7;150,3;191;255255000
vpja12;16;8187;8410;-88,1;93,1999999999999;223;0
vpja12;16;8460;8696;110,3;167;236;0
vpja12;16;8760;9107;-322,9;181,9;347;255255000
vpja12;16;9204;9506;378,2;217,2;302;255
vpja12;16;9609;9901;-349,7;240;292;255255000
vpja12;17;74;293;24,9762886597938;4,19175257731956;219;0
vpja12;17;348;485;-71,0237113402062;-288,60824742268;137;2,55e+08
vpja12;17;507;822;-79,3237113402063;-349,60824742268;315;255000
vpja12;17;837;1024;-69,1237113402062;-323,70824742268;187;255000
vpja12;17;1089;1323;-93,5237113402062;85,5917525773195;234;2,55e+08
vpja12;17;1348;1653;-112,523711340206;146,19175257732;305;2,55e+08
vpja12;17;1729;2138;328,276288659794;164,19175257732;409;255
vpja12;17;2354;3459;321,676288659794;206,49175257732;1105;255
vpja12;17;3476;4020;279,876288659794;222,19175257732;544;255
vpja12;17;4110;4281;-413,423711340206;251,29175257732;171;255255000
vpja12;17;4308;4812;-476,423711340206;282,19175257732;504;255255000
vpja12;17;5056;5178;-298,523711340206;-155,20824742268;122;0
vpja12;17;5221;5485;-419,923711340206;-237,70824742268;264;0
vpja12;17;5506;5808;-461,623711340206;-228,30824742268;302;0
vpja12;17;5831;6022;-405,323711340206;-203,20824742268;191;0
vpja12;17;6044;6211;-363,123711340206;-172,60824742268;167;0
vpja12;17;6278;6515;130,276288659794;-192,50824742268;237;0
vpja12;17;6570;6813;450,576288659794;-105,50824742268;243;0
vpja12;17;6871;7075;356,276288659794;163,69175257732;204;255
vpja12;17;7115;7619;232,276288659794;172,99175257732;504;255
vpja12;17;7821;7954;166,076288659794;144,49175257732;133;255
vpja12;17;8040;8998;-401,823711340206;232,69175257732;958;255255000
vpja12;17;9084;9330;-457,623711340206;-218,60824742268;246;0
vpja12;17;9368;9551;-511,023711340206;-299,50824742268;183;0
vpja12;17;9601;9772;-309,123711340206;-325,60824742268;171;0
vpja12;17;9832;10000;2,37628865979377;-417,60824742268;168;0
vpja12;18;215;308;2,14650205761325;-7,18189300411518;93;2,55e+08
vpja12;18;346;504;-68,8534979423868;-80,5818930041152;158;2,55e+08
vpja12;18;519;688;-76,9534979423868;-111,481893004115;169;255000
vpja12;18;750;1024;-475,253497942387;134,018106995885;274;255
vpja12;18;1045;1271;-419,353497942387;153,618106995885;226;255
vpja12;18;1303;1984;-480,753497942387;147,218106995885;681;255
vpja12;18;2064;2320;142,646502057613;98,0181069958848;256;255255000
vpja12;18;2375;2515;-103,953497942387;-95,0818930041152;140;0
vpja12;18;2773;3578;-501,753497942387;158,918106995885;805;0
vpja12;18;3605;3834;-428,153497942387;126,218106995885;229;255
vpja12;18;3858;5180;-459,353497942387;149,618106995885;1322;255
vpja12;18;5453;6208;-443,953497942387;142,218106995885;755;255
vpja12;18;6226;7657;-469,053497942387;136,218106995885;1431;255
vpja12;18;7919;8895;-460,553497942387;136,618106995885;976;255
vpja12;18;8975;9358;145,146502057613;75,5181069958848;383;255255000
vpja12;18;9382;9667;78,0465020576133;75,7181069958848;285;255255000
vpja12;18;9690;9875;129,446502057613;115,218106995885;185;255255000
vpja12;18;9947;10000;-477,753497942387;136,018106995885;53;255
vpja12;19;79;270;-17;-19,6999999999999;191;0
vpja12;19;325;493;-367,9;-49,3;168;255000
vpja12;19;542;1205;-366;267,7;663;0
vpja12;19;1224;1503;-314;260,1;279;255
vpja12;19;1522;1919;-350,1;276,1;397;255
vpja12;19;1946;2178;-328,8;324,1;232;255
vpja12;19;2245;2774;152,2;176,6;529;255255000
vpja12;19;2955;3071;-438,1;238,1;116;2,55e+08
vpja12;19;3096;3741;-341,2;267,4;645;255
vpja12;19;3812;4293;193,9;173,7;481;255255000
vpja12;19;4329;4592;134,1;120,1;263;0
vpja12;19;4650;5017;-307;204,6;367;2,55e+08
vpja12;19;5079;5251;171,2;168,9;172;255255000
vpja12;19;5487;5693;-374,2;235,4;206;2,55e+08
vpja12;19;5717;6995;-285,8;253,8;1278;255
vpja12;19;7081;7732;167,9;144,7;651;255255000
vpja12;19;7801;8294;-293,9;228,9;493;0
vpja12;19;8360;8624;185,8;166,7;264;255255000
vpja12;19;8685;8899;-314,2;250,5;214;255
vpja12;19;9122;9377;-275,3;236,4;255;255
vpja12;19;9412;9730;-347,8;286,8;318;255
vpja12;19;9743;9934;-331,5;271,3;191;255
vpja12;20;234;398;56,8858131487889;-45,4266435986159;164;255000
vpja12;20;453;775;32,7858131487889;173,073356401384;322;255
vpja12;20;825;1130;52,5858131487889;-30,1266435986159;305;255000
vpja12;20;1178;1328;48,9858131487888;229,673356401384;150;0
vpja12;20;1377;1570;320,085813148789;154,273356401384;193;255255000
vpja12;20;1592;1962;283,185813148789;114,773356401384;370;255255000
vpja12;20;2177;2386;305,285813148789;112,473356401384;209;255255000
vpja12;20;2445;2769;36,8858131487889;176,973356401384;324;255
vpja12;20;2789;3178;73,5858131487889;190,573356401384;389;255
vpja12;20;3239;3623;273,385813148789;93,8733564013841;384;255255000
vpja12;20;3637;3780;297,985813148789;112,173356401384;143;255255000
vpja12;20;3836;4289;51,0858131487889;-27,4266435986159;453;255000
vpja12;20;4571;4856;326,285813148789;106,673356401384;285;255255000
vpja12;20;4875;5262;299,285813148789;117,773356401384;387;255255000
vpja12;20;5311;5498;120,585813148789;200,573356401384;187;0
vpja12;20;5546;5707;328,985813148789;127,173356401384;161;255255000
vpja12;20;5765;6043;51,785813148789;-17,9266435986159;278;255000
vpja12;20;6083;6285;24,1858131487888;144,973356401384;202;2,55e+08
vpja12;20;6336;6593;333,985813148789;122,773356401384;257;255255000
vpja12;20;6614;6878;288,385813148789;96,0733564013841;264;255255000
vpja12;20;6943;7108;168,485813148789;416,273356401384;165;0
vpja12;20;7128;7286;202,185813148789;445,873356401384;158;0
vpja12;20;7462;7593;50,8858131487889;16,6733564013841;131;2,55e+08
vpja12;20;7618;7941;80,4858131487888;-16,1266435986159;323;0
vpja12;20;7989;8271;35,9858131487888;218,373356401384;282;0
vpja12;20;8286;8522;62,1858131487888;202,873356401384;236;255
vpja12;20;8571;8938;317,885813148789;132,573356401384;367;255255000
vpja12;20;8956;9212;297,385813148789;109,273356401384;256;255255000
vpja12;20;9257;9483;131,885813148789;174,673356401384;226;255
vpja12;20;9517;10000;42,6858131487888;196,473356401384;483;255
vpja12;21;302;479;248,4;139,1;177;255
vpja12;21;682;771;215,1;157,8;89;255
vpja12;21;844;1175;-341,8;143;331;255255000
vpja12;21;1195;1308;-344,2;111,9;113;255255000
vpja12;21;1386;1731;26,4000000000001;-171,8;345;255000
vpja12;21;1808;2228;-367,3;138,5;420;0
vpja12;21;2420;2832;-367,9;135,4;412;0
vpja12;21;2860;3109;-286,8;191,6;249;255255000
vpja12;21;3341;3857;-323,8;172,2;516;255255000
vpja12;21;3871;4075;-325,6;150,8;204;255255000
vpja12;21;4149;4457;199,9;146,7;308;255
vpja12;21;4474;5040;230,5;165,6;566;255
vpja12;21;5049;5382;241,2;154,3;333;255
vpja12;21;5433;5762;117;61;329;2,55e+08
vpja12;21;5834;6052;-364,1;144,2;218;0
vpja12;21;6361;6773;-340,7;112,9;412;255255000
vpja12;21;6849;7081;264,8;173,2;232;255
vpja12;21;7103;7381;217,5;160,9;278;255
vpja12;21;7463;7740;3,80000000000007;-154,3;277;255000
vpja12;21;7760;8034;27,2;-181,5;274;255000
vpja12;21;8077;8542;-136;-194,8;465;0
vpja12;21;8571;8765;-193,5;-202,9;194;0
vpja12;21;8837;8995;-39,5;97,5;158;2,55e+08
vpja12;21;9229;9395;72;95,2;166;2,55e+08
vpja12;21;9435;9871;261,6;162,3;436;255
vpja12;21;9893;10000;304,9;210;107;0
vpja12;22;238;361;-85,6;-114,2;123;2,55e+08
vpja12;22;382;553;-111,1;-148,9;171;2,55e+08
vpja12;22;615;726;-518,6;32,9;111;255
vpja12;22;943;1226;-475,3;9,89999999999998;283;255
vpja12;22;1287;1554;-488;256,5;267;0
vpja12;22;1661;1964;422,2;289,4;303;255255000
vpja12;22;1982;2356;402,7;326,9;374;255255000
vpja12;22;2376;2711;368,1;358,6;335;0
vpja12;22;2732;2875;424,7;388,1;143;0
vpja12;22;2981;3195;-348,2;113,8;214;0
vpja12;22;3233;3463;-466,5;204,3;230;0
vpja12;22;3515;3772;-433,1;345,7;257;0
vpja12;22;3795;4084;-423,4;403,2;289;0
vpja12;22;4134;4372;-468,2;226,9;238;0
vpja12;22;4479;4612;-158,8;-123,6;133;2,55e+08
vpja12;22;4635;4914;-114,1;-159,4;279;255000
vpja12;22;4925;5142;-131,9;-162,7;217;255000
vpja12;22;5185;5401;-312,1;-168,5;216;0
vpja12;22;5443;5666;-133,1;-159,7;223;255000
vpja12;22;5729;5920;-502,3;-13,4;191;255
vpja12;22;5941;6297;-470,5;-63,1;356;255
vpja12;22;6467;6561;-472,4;-36,3;94;255
vpja12;22;6628;6841;-140,4;200,3;213;2,55e+08
vpja12;22;6866;7175;-174;269,2;309;2,55e+08
vpja12;22;7236;7484;-78,3;41,8000000000001;248;2,55e+08
vpja12;22;7503;7837;-109,7;72,9;334;2,55e+08
vpja12;22;7864;8145;-84,2;144,8;281;2,55e+08
vpja12;22;8199;8516;-404;91,2;317;0
vpja12;22;8535;8748;-430,8;105;213;0
vpja12;22;8817;9030;-329,1;-160,3;213;0
vpja12;22;9047;9460;-339,9;-184,7;413;0
vpja12;22;9479;9694;-348,6;-156,3;215;0
vpja12;22;9718;9881;-331,6;-213,3;163;0
vpja12;22;9943;10000;35,1;-351,9;57;0
vpja12;23;292;523;-71,5;-144,3;231;255000
vpja12;23;575;905;69,6999999999999;107,8;330;0
vpja12;23;933;1066;146,6;122,8;133;255
vpja12;23;1126;1393;-242,2;81;267;255255000
vpja12;23;1413;1652;-267,2;83,8;239;0
vpja12;23;1732;2011;297,3;5,79999999999995;279;0
vpja12;23;2036;2282;333,9;-53,6;246;0
vpja12;23;2352;2551;-63,1;-130,8;199;255000
vpja12;23;2570;2852;-70,4;-164,8;282;255000
vpja12;23;2893;3027;-143,7;-46;134;2,55e+08
vpja12;23;3293;3457;74,6999999999999;152;164;0
vpja12;23;3476;3717;91,1999999999999;127,4;241;0
vpja12;23;3777;4046;82,1;331,1;269;0
vpja12;23;4318;4480;19,9;95,8;162;0
vpja12;23;4506;4665;87,6;105,1;159;0
vpja12;23;4752;4919;621,2;-84,6;167;0
vpja12;23;4951;5198;574;-194,1;247;0
vpja12;23;5215;5573;581,3;-228,8;358;0
vpja12;23;5629;5847;580,4;81,3;218;0
vpja12;23;5891;6034;469,7;235,8;143;0
vpja12;23;6069;6364;593,6;340,9;295;0
vpja12;23;6385;6571;559;387;186;0
vpja12;23;6672;6796;-60,1;210,4;124;0
vpja12;23;6860;7140;-222,7;91,2;280;0
vpja12;23;7159;7367;-258,1;85,1;208;255255000
vpja12;23;7421;7640;49,8000000000001;105,8;219;0
vpja12;23;7662;7898;102;103,1;236;255
vpja12;23;7983;8104;-100,4;-44,3;121;2,55e+08
vpja12;23;8130;8624;-80,9;-150,5;494;255000
vpja12;23;8675;8863;61,1;61,6;188;0
vpja12;23;8888;9008;73,6;113,4;120;0
vpja12;23;9265;9505;149,7;115,2;240;255
vpja12;23;9521;9972;125,3;121,8;451;0
vpja12;24;280;403;-166,5;-186,9;123;2,55e+08
vpja12;24;423;653;-196,3;-229,9;230;255000
vpja12;24;708;972;-29,5;59,1;264;255
vpja12;24;1203;1386;-57,8;40,5;183;255
vpja12;24;1413;1657;18,1;65,8;244;255
vpja12;24;1674;2324;-2,59999999999991;39,8;650;255
vpja12;24;2336;2638;21;37,7;302;255
vpja12;24;2661;2896;-26,4;46,6;235;255
vpja12;24;2924;3150;-100,5;45;226;255
vpja12;24;3422;3730;-525,7;26,3;308;255255000
vpja12;24;3752;4023;-488,7;60,9;271;255255000
vpja12;24;4056;4393;-502,1;158,5;337;0
vpja12;24;4471;4673;-120,2;167,4;202;2,55e+08
vpja12;24;4700;4834;-89,9;254,2;134;2,55e+08
vpja12;24;4923;5089;422,1;-40,3;166;0
vpja12;24;5127;5352;570,6;-126,1;225;0
vpja12;24;5372;5554;572,5;-163,1;182;0
vpja12;24;5664;5793;-253,2;-97,8;129;2,55e+08
vpja12;24;5858;6180;-569,4;37,4;322;0
vpja12;24;6229;6458;-555,4;206,4;229;0
vpja12;24;6504;6762;-468;141,8;258;0
vpja12;24;6811;7013;-213,9;178,1;202;0
vpja12;24;7070;7286;-157,1;9,89999999999998;216;2,55e+08
vpja12;24;7314;7523;-225,2;-13,2;209;2,55e+08
vpja12;24;7546;7818;-164,8;-29,3;272;2,55e+08
vpja12;24;7834;8000;-167,3;-62,8;166;2,55e+08
vpja12;24;8072;8157;211,4;-1;85;0
vpja12;24;8422;8528;-232,6;200,2;106;0
vpja12;24;8585;8941;-502,1;81;356;255255000
vpja12;24;8960;9455;-521,9;31,8;495;255255000
vpja12;24;9476;10000;-572,3;79,8;524;0
vpja12;25;237;417;171,8;-134,1;180;255000
vpja12;25;490;580;-133,6;211,3;90;255
vpja12;25;813;1093;-143,5;265,7;280;255
vpja12;25;1122;1483;-209,3;264,3;361;255
vpja12;25;1509;2098;-122,1;248;589;255
vpja12;25;2114;2480;-120,3;281,1;366;255
vpja12;25;2491;2911;-141,6;282,5;420;255
vpja12;25;2934;3162;-90,5;236,4;228;255
vpja12;25;3175;3449;-95,1;219,7;274;255
vpja12;25;3510;3642;282,1;322,7;132;255255000
vpja12;25;3902;3929;273;322,5;27;255255000
vpja12;25;3942;4227;275,7;345,6;285;255255000
vpja12;25;4244;4614;290,9;374,5;370;255255000
vpja12;25;4666;5215;420,2;319,2;549;255255000
vpja12;25;5302;5454;297,2;42,3000000000001;152;2,55e+08
vpja12;25;5488;5709;196,5;55,3000000000001;221;2,55e+08
vpja12;25;5741;5967;155,4;129,4;226;2,55e+08
vpja12;25;6027;6300;149,2;-112,5;273;255000
vpja12;25;6313;6662;142,5;-126,6;349;255000
vpja12;25;6715;6917;-71,2;-111,9;202;0
vpja12;25;6965;7207;-190,6;-141,9;242;0
vpja12;25;7247;7433;-285;-203,7;186;0
vpja12;25;7480;7675;-462,4;-133,6;195;0
vpja12;25;7756;7876;105;46;120;2,55e+08
vpja12;25;8112;8377;37,9;-281,8;265;0
vpja12;25;8410;8547;119,4;-281,4;137;0
vpja12;25;8592;8819;-99,4;-267,9;227;0
vpja12;25;8894;9122;-178,4;241,6;228;255
vpja12;25;9144;9430;-136,6;257,1;286;255
vpja12;25;9505;9738;318,8;317,6;233;255255000
vpja12;25;9760;9968;280,9;342,1;208;255255000
vpja12;26;294;454;-416,09175257732;228,442268041237;160;0
vpja12;26;486;661;-486,79175257732;317,542268041237;175;255
vpja12;26;768;1046;-108,49175257732;-216,657731958763;278;255000
vpja12;26;1118;1303;-232,19175257732;118,042268041237;185;2,55e+08
vpja12;26;1351;1545;-485,29175257732;336,742268041237;194;255
vpja12;26;1793;2011;294,10824742268;299,742268041237;218;255255000
vpja12;26;2034;2245;250,10824742268;282,042268041237;211;0
vpja12;26;2297;2712;384,50824742268;114,742268041237;415;0
vpja12;26;2823;3055;-293,09175257732;270,742268041237;232;0
vpja12;26;3096;3411;-441,09175257732;330,642268041237;315;255
vpja12;26;3427;3658;-473,89175257732;342,342268041237;231;255
vpja12;26;3670;4119;-500,59175257732;340,642268041237;449;255
vpja12;26;4140;4345;-535,89175257732;381,142268041237;205;255
vpja12;26;4358;4619;-519,19175257732;397,242268041237;261;0
vpja12;26;4627;5949;-541,49175257732;393,842268041237;1322;0
vpja12;26;5968;6109;-504,39175257732;377,242268041237;141;255
vpja12;26;6132;6571;-444,19175257732;359,242268041237;439;255
vpja12;26;6593;6798;-489,19175257732;391,042268041237;205;0
vpja12;26;6816;6993;-522,89175257732;404,642268041237;177;0
vpja12;26;7113;7241;-122,29175257732;-159,557731958763;128;2,55e+08
vpja12;26;7262;7399;-113,59175257732;-195,457731958763;137;255000
vpja12;26;7418;7783;-144,09175257732;-237,257731958763;365;255000
vpja12;26;7841;8077;-101,79175257732;52,7422680412371;236;2,55e+08
vpja12;26;8102;8306;-32,1917525773196;104,742268041237;204;2,55e+08
vpja12;26;8552;8785;308,00824742268;300,942268041237;233;0
vpja12;26;8805;9630;282,10824742268;311,842268041237;825;0
vpja12;26;9691;9843;113,40824742268;186,342268041237;152;0
vpja12;26;9913;10000;421,60824742268;138,242268041237;87;0
