vp;trial;timest;timeend;x;y;duration;roi
vpja45;1;255;447;78,3000000000001;-85,8;192;255000
vpja45;1;459;1120;76,9;-82,5999999999999;661;255000
vpja45;1;1178;1395;350,4;318,8;217;255
vpja45;1;1421;1550;369,1;400,4;129;255
vpja45;1;1614;1814;-187;197,2;200;255255000
vpja45;1;1876;2149;-217,6;-236,1;273;0
vpja45;1;2185;2324;-166,5;-312,8;139;0
vpja45;1;2369;2672;-420,9;-334,8;303;0
vpja45;1;2758;3160;479,4;-157,4;402;0
vpja45;1;3202;3308;401,3;-267,6;106;0
vpja45;1;3352;3567;89,6;-128,2;215;255000
vpja45;1;3588;3768;78,5000000000001;-96,3;180;255000
vpja45;1;3833;4261;-461,2;36,9000000000001;428;0
vpja45;1;4324;4441;121,6;-101,8;117;255000
vpja45;1;4461;4763;93,0000000000001;-96,6;302;255000
vpja45;1;4784;5029;82,4;-142,9;245;255000
vpja45;1;5077;5329;358;122,7;252;0
vpja45;1;5346;5493;375,2;150,2;147;0
vpja45;1;5521;5763;409,5;241,3;242;0
vpja45;1;5803;5984;560,3;403,4;181;0
vpja45;1;6015;6223;388,4;379;208;255
vpja45;1;6233;6398;372,8;382,8;165;255
vpja45;1;6456;6587;203,2;25,1;131;0
vpja45;1;6621;6797;112,8;-107,3;176;255000
vpja45;1;6816;6942;85,1;-107,8;126;255000
vpja45;1;6968;7309;161,2;-166,9;341;0
vpja45;1;7337;7493;50,5000000000001;-99,3;156;255000
vpja45;1;7548;7831;-423;5,80000000000007;283;0
vpja45;1;7854;8151;-477,3;-20,0999999999999;297;0
vpja45;1;8199;8412;-349,1;-197,1;213;0
vpja45;1;8449;8584;-462,8;-260,1;135;0
vpja45;1;8610;8891;-523,5;-204,8;281;0
vpja45;1;8934;9434;-476,6;-414,5;500;0
vpja45;1;9474;9688;-246,1;-396,5;214;0
vpja45;1;9715;10000;-170,7;-327,3;285;0
vpja45;2;232;357;0,600000000000023;-127,4;125;255000
vpja45;2;376;925;-50,9;-76,7;549;2,55e+08
vpja45;2;988;1236;-35;343,8;248;255255000
vpja45;2;1294;1438;-456,9;167,9;144;255
vpja45;2;1463;1709;-528,1;150,7;246;255
vpja45;2;1767;1935;-138,7;-110,3;168;0
vpja45;2;1980;2140;-39,4;-306,3;160;0
vpja45;2;2199;2376;460,5;-233,1;177;0
vpja45;2;2400;2684;365,5;-265,5;284;0
vpja45;2;2692;2902;352,8;-278,3;210;0
vpja45;2;2970;3337;456,4;218,5;367;0
vpja45;2;3381;3540;141,5;187,3;159;2,55e+08
vpja45;2;3593;3728;14,4000000000001;-135,2;135;255000
vpja45;2;3755;4364;-67,1999999999999;-114,8;609;255000
vpja45;2;4381;4998;-51,0999999999999;-153;617;255000
vpja45;2;5036;5243;56,8;-261;207;255000
vpja45;2;5269;5402;141,8;-266,1;133;255000
vpja45;2;5461;5634;86,5;195,1;173;2,55e+08
vpja45;2;5663;5793;-49,5999999999999;164,4;130;2,55e+08
vpja45;2;5854;6026;-503,4;178;172;255
vpja45;2;6046;6252;-523,7;127,9;206;255
vpja45;2;6275;6658;-484,1;87,8;383;0
vpja45;2;6687;6788;-360,8;60,8;101;0
vpja45;2;6840;7110;-568,7;-253,7;270;0
vpja45;2;7163;7480;-84,5999999999999;-248,8;317;0
vpja45;2;7505;7653;-164,1;-312,5;148;0
vpja45;2;7667;8017;-169,4;-339,5;350;0
vpja45;2;8099;8334;-145,6;378,5;235;0
vpja45;2;8358;8655;-69,3;312,7;297;255255000
vpja45;2;8666;8994;-53,8;302,7;328;255255000
vpja45;2;9022;9179;52,8;214,2;157;2,55e+08
vpja45;2;9237;9440;424,1;417;203;0
vpja45;2;9469;9912;509,3;452,4;443;0
vpja45;2;9931;10000;550,3;469,3;69;0
vpja45;3;253;388;114,4;-237,9;135;2,55e+08
vpja45;3;408;620;141,3;-251,2;212;255000
vpja45;3;630;984;149,2;-256;354;255000
vpja45;3;998;1166;146,9;-287,5;168;255000
vpja45;3;1176;1340;149,7;-306,2;164;255000
vpja45;3;1402;1650;-19;43,2;248;255255000
vpja45;3;1698;2051;352,7;106,1;353;255
vpja45;3;2238;2472;-97,1;40,2;234;255255000
vpja45;3;2527;2710;-455,5;86,6;183;0
vpja45;3;2744;2934;-587,3;-4,60000000000002;190;0
vpja45;3;2973;3152;-517,1;-157,4;179;0
vpja45;3;3183;3320;-325,5;-61,1999999999999;137;0
vpja45;3;3340;3542;-295,5;-22,3;202;0
vpja45;3;3614;3746;410,4;-95,6999999999999;132;0
vpja45;3;3786;4061;597,1;-28,6999999999999;275;0
vpja45;3;4120;4228;373,9;-342,3;108;0
vpja45;3;4265;4750;153,5;-321,5;485;255000
vpja45;3;4766;5435;149;-287,2;669;255000
vpja45;3;5457;5690;140,1;-255;233;255000
vpja45;3;5885;5954;178,3;-293,5;69;255000
vpja45;3;5963;6299;159,6;-290,1;336;255000
vpja45;3;6323;6894;171;-332,9;571;255000
vpja45;3;6938;7287;104,8;-113,2;349;2,55e+08
vpja45;3;7332;8677;355,2;103,9;1345;255
vpja45;3;8730;9361;-53,7;47;631;255255000
vpja45;3;9402;9868;-12,8;229,2;466;0
vpja45;3;9910;10000;142,7;107,9;90;0
vpja45;4;209;383;-56,2937931034484;-149,327586206897;174;255000
vpja45;4;395;841;-76,6937931034483;-164,127586206897;446;255000
vpja45;4;893;1241;-2,9937931034483;131,272413793104;348;0
vpja45;4;1263;1424;13,0062068965517;194,272413793104;161;255
vpja45;4;1433;1645;-2,69379310344834;197,472413793103;212;255
vpja45;4;1666;1870;50,6062068965517;192,872413793103;204;0
vpja45;4;1924;2255;-294,393793103448;139,372413793103;331;255255000
vpja45;4;2297;2520;-182,793793103448;359,072413793103;223;0
vpja45;4;2541;2707;-204,193793103448;390,672413793103;166;0
vpja45;4;2730;2950;-150,193793103448;358,372413793103;220;0
vpja45;4;2975;3332;-216,193793103448;358,172413793103;357;0
vpja45;4;3376;3658;-450,593793103448;226,172413793103;282;0
vpja45;4;3710;3983;-430,193793103448;-89,3275862068965;273;0
vpja45;4;4008;4115;-436,993793103448;-153,627586206897;107;0
vpja45;4;4177;4650;65,6062068965517;-351,227586206897;473;0
vpja45;4;4669;4894;72,3062068965518;-295,927586206897;225;0
vpja45;4;4930;5295;50,6062068965517;-435,927586206897;365;0
vpja45;4;5359;5692;406,706206896552;-57,9275862068965;333;0
vpja45;4;5746;6355;-71,1937931034483;-173,427586206897;609;255000
vpja45;4;6398;6697;-1,39379310344827;35,8724137931034;299;2,55e+08
vpja45;4;6720;7080;-32,6937931034483;75,8724137931034;360;2,55e+08
vpja45;4;7096;7201;-14,4937931034483;57,7724137931035;105;2,55e+08
vpja45;4;7224;7506;-68,6937931034483;55,1724137931035;282;2,55e+08
vpja45;4;7525;7678;-63,0937931034483;11,6724137931035;153;2,55e+08
vpja45;4;7719;8084;-104,793793103448;143,272413793104;365;0
vpja45;4;8113;8628;7,70620689655163;185,172413793103;515;0
vpja45;4;8665;8990;-15,8937931034483;332,072413793103;325;0
vpja45;4;9027;9427;-195,893793103448;362,672413793103;400;0
vpja45;4;9438;9538;-213,893793103448;359,372413793103;100;0
vpja45;4;9564;9761;-126,893793103448;343,572413793103;197;0
vpja45;4;9783;10000;-121,193793103448;293,972413793103;217;0
vpja45;5;228;350;-292,3;-191,5;122;2,55e+08
vpja45;5;376;653;-392,9;-192,7;277;255000
vpja45;5;665;1051;-419,9;-180,1;386;2,55e+08
vpja45;5;1072;1259;-415,6;-239,8;187;255000
vpja45;5;1330;1576;92,1999999999999;237;246;255255000
vpja45;5;1594;1864;104,9;201,8;270;255255000
vpja45;5;1924;2238;-479,7;368,3;314;255
vpja45;5;2261;2974;-499,1;300,5;713;255
vpja45;5;3063;3277;457,8;22,4;214;0
vpja45;5;3321;3722;425,3;-161,7;401;0
vpja45;5;3763;4160;255,4;-7,60000000000002;397;0
vpja45;5;4194;4344;227,3;100,7;150;0
vpja45;5;4423;4542;-365,3;-298,2;119;255000
vpja45;5;4589;4791;-548,6;-270,3;202;0
vpja45;5;4870;5076;-485,4;429,7;206;255
vpja45;5;5108;5276;-470,7;343,7;168;255
vpja45;5;5337;5643;69,3000000000001;269,6;306;255255000
vpja45;5;5678;5832;-118,7;285,4;154;0
vpja45;5;5845;6382;-146,5;298;537;0
vpja45;5;6423;6568;65,9999999999999;231;145;255255000
vpja45;5;6624;6829;497;333,1;205;0
vpja45;5;6894;7510;409,4;-177,1;616;0
vpja45;5;7550;7822;241,5;-46,9;272;0
vpja45;5;7871;8054;87,8000000000001;-254;183;0
vpja45;5;8084;8208;-12,1;-221,1;124;0
vpja45;5;8257;8490;-398,9;-290;233;255000
vpja45;5;8513;8977;-403,9;-236,5;464;255000
vpja45;5;8997;9478;-395,3;-283,8;481;255000
vpja45;5;9498;9757;-400,2;-237,6;259;255000
vpja45;5;9812;10000;-213,1;167,3;188;0
vpja45;6;227;520;33,0275862068967;1,38103448275865;293;2,55e+08
vpja45;6;532;1339;45,9275862068965;4,68103448275861;807;2,55e+08
vpja45;6;1379;1704;-60,2724137931034;126,781034482759;325;255255000
vpja45;6;1750;2276;273,227586206896;172,281034482759;526;255
vpja45;6;2285;2451;290,127586206897;175,281034482759;166;255
vpja45;6;2653;2820;-35,4724137931034;-159,818965517241;167;0
vpja45;6;2838;3034;-36,5724137931035;-195,618965517241;196;0
vpja45;6;3069;3199;109,827586206897;-247,918965517241;130;0
vpja45;6;3240;3445;363,527586206897;-172,618965517241;205;0
vpja45;6;3466;3882;394,127586206897;-140,718965517241;416;0
vpja45;6;3934;4127;465,827586206897;179,981034482759;193;0
vpja45;6;4165;4286;257,727586206896;266,881034482759;121;0
vpja45;6;4325;4528;113,627586206897;421,781034482759;203;0
vpja45;6;4575;4748;-80,1724137931034;206,581034482759;173;0
vpja45;6;4772;5032;-33,8724137931034;131,181034482759;260;255255000
vpja45;6;5071;5365;-248,972413793103;86,4810344827586;294;0
vpja45;6;5409;5548;-491,672413793103;85,8810344827587;139;0
vpja45;6;5574;5983;-570,772413793103;157,481034482759;409;0
vpja45;6;6023;6175;-540,372413793103;315,381034482759;152;0
vpja45;6;6189;6390;-565,072413793103;329,881034482759;201;0
vpja45;6;6432;6731;-566,572413793103;136,481034482759;299;0
vpja45;6;6747;6910;-576,172413793103;161,081034482759;163;0
vpja45;6;6973;7208;46,7275862068965;-44,2189655172414;235;255000
vpja45;6;7222;7902;42,4275862068965;-8,01896551724144;680;255000
vpja45;6;7931;8126;-34,3724137931034;39,8810344827587;195;2,55e+08
vpja45;6;8169;8358;-17,5724137931035;-145,318965517241;189;0
vpja45;6;8373;8817;-29,1724137931034;-178,718965517241;444;0
vpja45;6;8864;9070;272,527586206897;-203,218965517241;206;0
vpja45;6;9097;9368;373,527586206897;-149,918965517241;271;0
vpja45;6;9388;9546;328,627586206897;-143,918965517241;158;0
vpja45;6;9580;9834;170,227586206896;-176,218965517241;254;0
vpja45;6;9878;10000;485,927586206897;-164,418965517241;122;0
vpja45;7;210;414;-92,2;-156,4;204;255000
vpja45;7;421;648;-122,3;-135,6;227;255000
vpja45;7;656;855;-130,1;-150,2;199;255000
vpja45;7;864;989;-120,9;-163,7;125;255000
vpja45;7;1040;1294;87,1999999999999;98,8;254;255255000
vpja45;7;1342;1727;-281,9;112,4;385;255
vpja45;7;1747;2226;-336,2;102,5;479;0
vpja45;7;2283;2429;239,5;75,6999999999999;146;0
vpja45;7;2466;2721;319,5;-35,1;255;0
vpja45;7;2733;2938;330,8;-58,6;205;0
vpja45;7;2984;3295;597,9;-210,6;311;0
vpja45;7;3311;3742;591,5;-252,6;431;0
vpja45;7;3788;3943;398,4;-362,6;155;0
vpja45;7;3994;4145;1,5;-373;151;0
vpja45;7;4179;4357;-150,7;-389,7;178;0
vpja45;7;4381;5007;-168,8;-440,7;626;0
vpja45;7;5055;5268;-465;-346,7;213;0
vpja45;7;5346;5539;-340,5;236,1;193;0
vpja45;7;5595;5994;94,4;421,4;399;0
vpja45;7;6058;6180;-77,3000000000001;-150,7;122;255000
vpja45;7;6203;6602;-115,9;-182,7;399;255000
vpja45;7;6613;6855;-123,1;-213,7;242;255000
vpja45;7;6868;7379;-99,9;-214,6;511;255000
vpja45;7;7423;7668;-83,8000000000001;0,799999999999955;245;2,55e+08
vpja45;7;7729;8228;497,7;15,9;499;0
vpja45;7;8267;8735;349,8;-27,1;468;0
vpja45;7;8746;9030;334,3;-31,6;284;0
vpja45;7;9085;9287;603,8;307,8;202;0
vpja45;7;9317;9552;509,8;370,1;235;0
vpja45;7;9588;9699;526,7;185,4;111;0
vpja45;7;9748;9902;598,2;-152,7;154;0
vpja45;7;9926;10000;608,4;-235,5;74;0
vpja45;8;199;391;-0,5;-204,2;192;255000
vpja45;8;405;621;-15,4;-207,8;216;255000
vpja45;8;648;1227;-22,9;-291;579;255000
vpja45;8;1253;1484;-27,6;-217,2;231;255000
vpja45;8;1529;1784;234,8;-100,4;255;0
vpja45;8;1827;2140;449,6;54,9000000000001;313;0
vpja45;8;2159;2566;401;61,1;407;0
vpja45;8;2593;2798;270,8;45,5;205;0
vpja45;8;2838;2969;22,5;112,3;131;2,55e+08
vpja45;8;3033;3425;-463;311,2;392;255255000
vpja45;8;3475;3602;-408,2;89;127;0
vpja45;8;3656;3948;-409,9;-266,7;292;0
vpja45;8;3968;4585;-383,5;-236;617;0
vpja45;8;4632;4939;-79,5;-245,3;307;255000
vpja45;8;4968;5151;16,3000000000001;-233,9;183;255000
vpja45;8;5171;5413;-10;-266,5;242;255000
vpja45;8;5439;5694;-1,10000000000002;-330,5;255;255000
vpja45;8;5774;6060;293,5;348,6;286;0
vpja45;8;6071;6326;307,8;345,6;255;255
vpja45;8;6349;6538;269,6;289,2;189;255
vpja45;8;6583;6942;511,5;118,2;359;0
vpja45;8;6965;7168;449,7;88,5;203;0
vpja45;8;7195;7382;554,7;43;187;0
vpja45;8;7416;7610;412,6;95;194;0
vpja45;8;7622;7971;403,4;73,7;349;0
vpja45;8;8012;8306;554,7;-17,5999999999999;294;0
vpja45;8;8320;8503;567,9;0,300000000000068;183;0
vpja45;8;8557;8841;489,3;-346,5;284;0
vpja45;8;8869;9153;448,3;-416,4;284;0
vpja45;8;9211;9340;284;-90,9;129;0
vpja45;8;9396;9732;425,6;-427,9;336;0
vpja45;8;9785;9927;311,4;-146,5;142;0
vpja45;8;9948;10000;273,2;-109,1;52;0
vpja45;9;209;321;-6,70000000000005;-242,8;112;255000
vpja45;9;341;758;-26,9;-262;417;255000
vpja45;9;771;1501;-41,3;-244,1;730;0
vpja45;9;1560;1707;-469,3;-238,1;147;0
vpja45;9;1738;1908;-541,8;-196,6;170;0
vpja45;9;1960;2060;-308,6;23;100;0
vpja45;9;2093;2246;-352,3;102,2;153;255
vpja45;9;2301;2444;182;111,7;143;0
vpja45;9;2468;2701;231,7;107,8;233;0
vpja45;9;2750;2931;568,6;4,69999999999993;181;0
vpja45;9;2969;3340;532,3;-136,2;371;0
vpja45;9;3363;3699;589,6;-88,3000000000001;336;0
vpja45;9;3738;3878;561,4;-244,5;140;0
vpja45;9;3955;4151;385,2;419,5;196;0
vpja45;9;4190;4436;115,5;448,5;246;2,55e+08
vpja45;9;4492;4878;-4,60000000000002;86,9;386;0
vpja45;9;4908;5482;-8,89999999999998;18,8;574;2,55e+08
vpja45;9;5572;6054;-138,9;427,4;482;0
vpja45;9;6104;6209;-369,1;241,1;105;0
vpja45;9;6257;6459;-557,1;321;202;0
vpja45;9;6503;6754;-602,9;82,1999999999999;251;0
vpja45;9;6764;7013;-618,6;78,1999999999999;249;0
vpja45;9;7030;7808;-582;59,1999999999999;778;0
vpja45;9;7866;8041;-48,2;-261,6;175;0
vpja45;9;8061;8644;-30,9;-285,7;583;255000
vpja45;9;8659;9339;-36,7;-306,7;680;255000
vpja45;9;9361;9654;-22,8;-271,8;293;255000
vpja45;9;9679;9800;-5,89999999999998;-320,3;121;255000
vpja45;9;9869;9999;342,7;169;130;0
vpja45;10;197;361;-14,1999999999999;-224,5;164;255000
vpja45;10;380;1263;-57,3;-231,9;883;0
vpja45;10;1309;1547;153,7;-142,6;238;2,55e+08
vpja45;10;1620;1849;235,7;303,1;229;255255000
vpja45;10;1871;2470;159,8;288,8;599;255255000
vpja45;10;2543;2821;-504,7;216,2;278;255
vpja45;10;2842;3221;-539,8;248,4;379;255
vpja45;10;3251;3590;-546;134,8;339;255
vpja45;10;3644;3910;-486,4;-155,9;266;0
vpja45;10;3963;4358;-329,2;168,4;395;0
vpja45;10;4369;4559;-337,4;146,5;190;0
vpja45;10;4580;4760;-404,4;142,2;180;0
vpja45;10;4833;5265;363;206,2;432;0
vpja45;10;5290;5451;420,2;123,8;161;0
vpja45;10;5522;5631;489;-275,6;109;0
vpja45;10;5672;6494;595,8;-434,5;822;0
vpja45;10;6550;6660;49,8000000000001;-332;110;255000
vpja45;10;6688;7116;-50,6999999999999;-258,8;428;255000
vpja45;10;7139;7360;-79,8;-311,5;221;0
vpja45;10;7370;7633;-90,5;-320,7;263;0
vpja45;10;7662;7846;-37,3;-241,6;184;255000
vpja45;10;7862;8398;-61,5;-235,3;536;0
vpja45;10;8408;8701;-58,6;-255,9;293;255000
vpja45;10;8775;8969;-94,1;269,2;194;2,55e+08
vpja45;10;9004;9238;-284,8;317,6;234;0
vpja45;10;9270;9398;-350,1;405,1;128;0
vpja45;10;9438;9636;-539,9;326;198;255
vpja45;10;9673;9890;-478;224,1;217;255
vpja45;10;9913;10000;-427;162,4;87;0
vpja45;11;209;331;-173,8;-191,3;122;2,55e+08
vpja45;11;354;1334;-203,2;-219,5;980;2,55e+08
vpja45;11;1386;1527;-405,9;3,5;141;255255000
vpja45;11;1557;1703;-506,6;17;146;255255000
vpja45;11;1736;2147;-622,3;80,3;411;0
vpja45;11;2164;2367;-574,4;63,1999999999999;203;0
vpja45;11;2483;2623;-528,7;-62,2;140;255255000
vpja45;11;2647;2742;-515,9;-117,2;95;255255000
vpja45;11;2803;3076;-53,4000000000001;79,1999999999999;273;255
vpja45;11;3097;3373;-75,4000000000001;41,5999999999999;276;255
vpja45;11;3399;3734;11,5999999999999;54,1999999999999;335;255
vpja45;11;3748;4197;-7;36,8;449;255
vpja45;11;4242;4407;220,8;-39,5;165;0
vpja45;11;4457;4685;588,3;-181,3;228;0
vpja45;11;4695;4873;597,1;-188,2;178;0
vpja45;11;4893;5076;563,3;-149;183;0
vpja45;11;5123;5381;558,8;-400;258;0
vpja45;11;5401;5609;509,3;-389,5;208;0
vpja45;11;5671;5782;-93,5;-372,3;111;0
vpja45;11;5830;6045;-417,9;-362,6;215;0
vpja45;11;6082;6406;-214,4;-274,3;324;255000
vpja45;11;6427;6857;-205,4;-227,4;430;255000
vpja45;11;6917;7218;118,4;152,7;301;0
vpja45;11;7256;7365;273,5;249;109;0
vpja45;11;7420;7972;-86,4000000000001;252,5;552;2,55e+08
vpja45;11;8166;8437;-547;328,2;271;0
vpja45;11;8483;8860;-524,8;104,3;377;255255000
vpja45;11;8911;9147;-32,1;57,6999999999999;236;255
vpja45;11;9194;9304;-179,1;-175,3;110;2,55e+08
vpja45;11;9327;9695;-192,5;-229,4;368;255000
vpja45;11;9745;10000;-65,4000000000001;16,3;255;255
vpja45;12;202;350;-58;-79;148;2,55e+08
vpja45;12;367;1048;-93,4;-72,8;681;0
vpja45;12;1099;1511;-89,1;-349,7;412;0
vpja45;12;1560;1839;254,3;-305;279;0
vpja45;12;1896;2105;597,7;-39,6999999999999;209;0
vpja45;12;2145;2358;335,9;9;213;0
vpja45;12;2393;3266;170,7;84,2;873;255255000
vpja45;12;3432;3614;70,4;47,8000000000001;182;0
vpja45;12;3642;4259;154,2;93,7;617;255255000
vpja45;12;4320;4426;-259,8;199,1;106;0
vpja45;12;4463;5012;-430,3;172,9;549;0
vpja45;12;5072;5302;-460,8;-234,2;230;0
vpja45;12;5329;5601;-449,9;-346,8;272;0
vpja45;12;5647;5812;-141,9;-333,1;165;0
vpja45;12;5837;6107;-72,7;-360,9;270;0
vpja45;12;6162;6389;362,5;-305,1;227;0
vpja45;12;6438;6618;605,1;-124,1;180;0
vpja45;12;6663;6792;486,9;96,4;129;0
vpja45;12;6821;7157;334,1;35,4;336;0
vpja45;12;7185;7384;352,3;130,1;199;0
vpja45;12;7403;7605;388,1;96,6;202;0
vpja45;12;7655;7878;623,4;395;223;0
vpja45;12;7921;8101;301,1;457,3;180;0
vpja45;12;8141;8339;28,5;421,3;198;0
vpja45;12;8367;8666;-70,9;337,4;299;0
vpja45;12;8760;9000;-395,3;400,4;240;0
vpja45;12;9028;9548;-467,9;424,2;520;0
vpja45;12;9608;9725;-81,3000000000001;78,7;117;2,55e+08
vpja45;12;9760;10000;-76,1;-81,6;240;255000
vpja45;13;211;349;6,69999999999993;-230,2;138;255000
vpja45;13;371;1030;-0,800000000000068;-244,4;659;255000
vpja45;13;1067;1206;180,7;-128,6;139;0
vpja45;13;1227;1362;217,7;-93,8000000000001;135;0
vpja45;13;1427;1572;-318,1;-56;145;0
vpja45;13;1607;2154;-476,4;-75,7;547;0
vpja45;13;2208;2544;-265,4;132,5;336;255255000
vpja45;13;2609;2887;298;132,1;278;255
vpja45;13;3063;3288;459,4;-80,4000000000001;225;0
vpja45;13;3318;3506;556,6;-45,2;188;0
vpja45;13;3553;3729;499,2;-258,3;176;0
vpja45;13;3788;4055;38;-294,4;267;255000
vpja45;13;4069;4588;13,4;-274,7;519;255000
vpja45;13;4626;4882;-26,3000000000001;-381,4;256;0
vpja45;13;4900;5421;-59,1;-384,6;521;0
vpja45;13;5451;5619;4;-316,2;168;255000
vpja45;13;5645;5983;-48,3000000000001;-389,1;338;0
vpja45;13;6046;6306;531,9;-307,6;260;0
vpja45;13;6347;6488;444,3;-145,9;141;0
vpja45;13;6508;6753;468,4;-104,7;245;0
vpja45;13;6795;7010;271,8;-92;215;0
vpja45;13;7025;7201;250,1;-97,8000000000001;176;0
vpja45;13;7260;7407;-168,9;-103,4;147;0
vpja45;13;7434;7681;-243;-106,8;247;0
vpja45;13;7719;7888;-365;12;169;0
vpja45;13;7936;8137;-273,3;263,9;201;0
vpja45;13;8163;8398;-262,9;177,6;235;255255000
vpja45;13;8460;8737;-4,70000000000005;-264,7;277;255000
vpja45;13;8745;9326;8,29999999999995;-255,7;581;255000
vpja45;13;9345;9480;7,5;-300,8;135;255000
vpja45;13;9546;10000;-425,6;-262,4;454;0
vpja45;14;202;341;7,04962121212122;-186,095833333333;139;255000
vpja45;14;356;1148;-38,1503787878788;-164,195833333333;792;2,55e+08
vpja45;14;1168;1378;-43,5503787878788;-219,495833333333;210;0
vpja45;14;1390;1621;-47,9503787878788;-236,995833333333;231;0
vpja45;14;1641;1905;-41,0503787878788;-188,595833333333;264;0
vpja45;14;1973;2222;-357,750378787879;226,104166666667;249;0
vpja45;14;2234;2383;-351,050378787879;203,904166666667;149;0
vpja45;14;2453;2933;297,649621212121;220,804166666667;480;255255000
vpja45;14;3104;3376;-151,050378787879;-318,795833333333;272;0
vpja45;14;3400;3690;-110,550378787879;-384,495833333333;290;0
vpja45;14;3724;3937;-25,5503787878788;-235,195833333333;213;255000
vpja45;14;3959;4185;-38,4503787878788;-185,495833333333;226;0
vpja45;14;4193;4411;-45,6503787878788;-189,695833333333;218;0
vpja45;14;4486;4759;573,049621212121;39,2041666666667;273;0
vpja45;14;4790;5012;421,149621212121;66,3041666666667;222;0
vpja45;14;5063;5216;123,049621212121;333,304166666667;153;0
vpja45;14;5276;5494;-323,950378787879;221,904166666667;218;0
vpja45;14;5515;5668;-345,050378787879;189,204166666667;153;255
vpja45;14;5709;5882;-434,250378787879;46,3041666666667;173;0
vpja45;14;5941;6111;-42,0503787878788;-161,295833333333;170;2,55e+08
vpja45;14;6125;6332;-40,3503787878788;-179,295833333333;207;0
vpja45;14;6355;6664;-42,8503787878788;-243,395833333333;309;255000
vpja45;14;6692;7210;-96,8503787878788;-355,495833333333;518;0
vpja45;14;7251;7471;-37,0503787878788;-174,495833333333;220;0
vpja45;14;7484;7715;-30,3503787878788;-193,395833333333;231;0
vpja45;14;7739;8088;-31,0503787878788;-250,295833333333;349;255000
vpja45;14;8109;8567;-22,4503787878788;-193,695833333333;458;255000
vpja45;14;8588;8895;-28,0503787878788;-239,095833333333;307;255000
vpja45;14;8950;9158;210,549621212121;150,404166666667;208;0
vpja45;14;9210;9324;21,8496212121212;-154,695833333333;114;2,55e+08
vpja45;14;9348;9643;-15,5503787878788;-220,595833333333;295;255000
vpja45;14;9655;9893;-24,2503787878788;-198,595833333333;238;255000
vpja45;14;9914;10000;-31,0503787878788;-241,495833333333;86;255000
vpja45;15;217;358;15,3535665880946;-218,144719641597;141;2,55e+08
vpja45;15;379;936;-22,1464334119054;-227,044719641597;557;0
vpja45;15;964;1386;-178,846433411905;-199,444719641597;422;0
vpja45;15;1443;1706;-515,346433411905;73,8552803584025;263;0
vpja45;15;1731;1922;-580,946433411905;62,7552803584025;191;0
vpja45;15;1976;2369;-251,046433411905;176,855280358403;393;0
vpja45;15;2406;2590;-223,946433411905;39,3552803584025;184;255
vpja45;15;2623;2798;-56,7464334119054;13,7552803584025;175;255255000
vpja45;15;2821;3227;-37,1464334119054;-60,9447196415974;406;255255000
vpja45;15;3273;3427;275,853566588095;1,45528035840255;154;0
vpja45;15;3467;3720;497,053566588095;-25,2447196415975;253;0
vpja45;15;3759;4091;497,153566588095;-150,444719641597;332;0
vpja45;15;4109;4352;456,753566588095;-185,644719641597;243;0
vpja45;15;4378;4616;428,053566588095;-254,944719641597;238;0
vpja45;15;4623;4797;429,153566588095;-272,044719641597;174;0
vpja45;15;4845;5239;456,053566588095;-5,7447196415975;394;0
vpja45;15;5256;5522;484,753566588095;9,05528035840257;266;0
vpja45;15;5562;5857;291,453566588095;6,55528035840257;295;0
vpja45;15;5880;6189;298,753566588095;59,7552803584025;309;0
vpja45;15;6212;6401;248,453566588095;26,5552803584026;189;0
vpja45;15;6423;6537;249,853566588095;-21,5447196415975;114;0
vpja45;15;6597;6741;233,253566588095;411,155280358403;144;0
vpja45;15;6781;7010;51,8535665880946;425,455280358403;229;2,55e+08
vpja45;15;7052;7277;48,1535665880946;183,155280358403;225;2,55e+08
vpja45;15;7313;7710;34,3535665880946;369,755280358403;397;0
vpja45;15;7725;8634;60,9535665880945;365,855280358403;909;2,55e+08
vpja45;15;8674;9021;-88,2464334119054;505,355280358403;347;NA
vpja45;15;9040;9185;-87,0464334119054;460,755280358403;145;0
vpja45;15;9236;9455;-340,346433411905;438,255280358403;219;0
vpja45;15;9474;9667;-363,846433411905;446,155280358403;193;0
vpja45;15;9706;9878;-508,846433411905;299,155280358403;172;0
vpja45;15;9925;10000;-593,346433411905;52,4552803584025;75;0
vpja45;16;309;419;-20,9;-287,8;110;2,55e+08
vpja45;16;440;955;-18,2;-326,1;515;255000
vpja45;16;1032;1178;266,8;262,5;146;255
vpja45;16;1205;1612;358,8;321,2;407;255
vpja45;16;1672;1804;425,7;-64,6;132;0
vpja45;16;1851;2023;164,2;-226,2;172;0
vpja45;16;2055;2275;140,7;-339,1;220;0
vpja45;16;2325;2452;83,2;-169,9;127;0
vpja45;16;2518;2770;-423,5;-250,2;252;0
vpja45;16;2794;2980;-462,7;-313;186;0
vpja45;16;3017;3212;-471,1;-410,1;195;0
vpja45;16;3231;3507;-500,1;-438,3;276;0
vpja45;16;3540;3732;-528,7;-314,7;192;0
vpja45;16;3758;3968;-458,9;-250,5;210;0
vpja45;16;3987;4254;-496,9;-276,4;267;0
vpja45;16;4310;4550;-391,3;9;240;255255000
vpja45;16;4583;4782;-292,5;135,6;199;255255000
vpja45;16;4802;5059;-252;140,1;257;255255000
vpja45;16;5090;5214;-98,9;125,7;124;0
vpja45;16;5283;5412;496;-7,70000000000005;129;0
vpja45;16;5436;5743;505,2;-111,2;307;0
vpja45;16;5792;6085;154;-190,6;293;0
vpja45;16;6124;6398;17,4;-278,5;274;255000
vpja45;16;6435;6834;157,5;-313,3;399;0
vpja45;16;6866;6996;233,5;-222,4;130;0
vpja45;16;7063;7380;357,4;265,4;317;255
vpja45;16;7407;7552;283,8;240,9;145;255
vpja45;16;7623;7734;10,4;-281,8;111;255000
vpja45;16;7759;8376;-9,39999999999998;-349,3;617;255000
vpja45;16;8412;8753;-42,2;-224,6;341;2,55e+08
vpja45;16;8791;9078;-100,2;-66,9;287;2,55e+08
vpja45;16;9122;9311;-30,4;162,7;189;2,55e+08
vpja45;16;9358;9516;318,6;247,5;158;255
vpja45;16;9540;9827;358,9;301,7;287;255
vpja45;16;9850;10000;358,3;236,3;150;255
vpja45;17;202;329;46,5;-233;127;255000
vpja45;17;341;931;57,1;-198,5;590;255000
vpja45;17;952;1125;66,4999999999999;-256,5;173;255000
vpja45;17;1182;1983;276;148,2;801;255
vpja45;17;2059;2520;-298,3;148,3;461;255255000
vpja45;17;2592;3320;-206,9;-287;728;0
vpja45;17;3374;3592;222,8;-310,6;218;0
vpja45;17;3651;4042;589,6;-102,8;391;0
vpja45;17;4191;4484;327,8;-342,5;293;0
vpja45;17;4545;4905;-128,1;-381;360;0
vpja45;17;4945;5173;-320,8;-311,8;228;0
vpja45;17;5244;5665;-476,2;112,7;421;0
vpja45;17;5692;5851;-369,1;50,5;159;0
vpja45;17;5912;6047;2,79999999999995;-169,5;135;2,55e+08
vpja45;17;6073;6166;73,3000000000001;-215,4;93;255000
vpja45;17;6218;6541;516,6;-132,5;323;0
vpja45;17;6582;6720;400,6;-279,1;138;0
vpja45;17;6771;7022;86,1999999999999;-249,7;251;255000
vpja45;17;7042;7480;59,9999999999999;-226;438;255000
vpja45;17;7502;7829;78,4;-273,3;327;255000
vpja45;17;7896;8306;286;117,5;410;0
vpja45;17;8358;8412;330;-127,5;54;0
vpja45;17;8457;8804;286,4;-406,4;347;0
vpja45;17;8826;8996;230,7;-357,5;170;0
vpja45;17;9055;9546;-198,3;-362,2;491;0
vpja45;17;9591;10000;-450,9;-305,8;409;0
vpja45;18;196;303;-136,4;-244;107;0
vpja45;18;327;1002;-240,6;-237,7;675;0
vpja45;18;1016;1248;-233,9;-273,7;232;255000
vpja45;18;1261;1611;-241,2;-284,7;350;255000
vpja45;18;1659;1862;-184,3;-36,9000000000001;203;2,55e+08
vpja45;18;1897;2004;-208,6;71;107;2,55e+08
vpja45;18;2067;2208;275,5;-48,1;141;0
vpja45;18;2236;2408;283,5;-168,2;172;0
vpja45;18;2455;2682;-45,1;-226,1;227;0
vpja45;18;2701;2999;-79,9;-220,1;298;0
vpja45;18;3025;3312;-130,6;-302,6;287;0
vpja45;18;3330;3534;-119;-334,6;204;0
vpja45;18;3553;3715;-138,2;-302,8;162;255000
vpja45;18;3795;4055;-462,2;278,3;260;255255000
vpja45;18;4097;4832;-139,4;282;735;255
vpja45;18;4844;4976;-123,7;268,5;132;255
vpja45;18;5027;5281;-416,8;271,7;254;255255000
vpja45;18;5329;5479;-554,6;68,9;150;0
vpja45;18;5529;5732;-554,8;-178,4;203;0
vpja45;18;5765;5942;-659,8;-149,8;177;NA
vpja45;18;6019;6226;210;-142,1;207;0
vpja45;18;6263;6422;390;-24,2;159;0
vpja45;18;6444;6725;430,9;0,199999999999932;281;0
vpja45;18;6778;6942;261,2;-231,2;164;0
vpja45;18;6985;7182;-33,1999999999999;-288,9;197;0
vpja45;18;7205;7375;-73,8;-253,3;170;0
vpja45;18;7401;7939;0,300000000000068;-303,8;538;0
vpja45;18;7981;8371;212,6;-303,8;390;0
vpja45;18;8410;8602;337,6;-397,8;192;0
vpja45;18;8649;9022;-30,6;-298,9;373;0
vpja45;18;9046;9439;-68,3;-254,2;393;0
vpja45;18;9606;9753;-245,6;-253,7;147;0
vpja45;18;9770;10000;-221,1;-265,3;230;255000
vpja45;19;225;329;-365,629963898917;-84,1898916967508;104;0
vpja45;19;354;530;-442,329963898917;-76,4898916967509;176;255000
vpja45;19;540;984;-458,029963898917;-99,1898916967508;444;255000
vpja45;19;1036;1271;8,77003610108318;45,1101083032491;235;255
vpja45;19;1316;1542;-293,029963898917;49,0101083032491;226;255255000
vpja45;19;1592;1773;-164,429963898917;-248,789891696751;181;0
vpja45;19;1820;2010;66,8700361010831;-420,289891696751;190;0
vpja45;19;2031;2437;32,3700361010831;-391,289891696751;406;0
vpja45;19;2466;2598;-95,0299638989169;-416,389891696751;132;0
vpja45;19;2636;2772;-282,829963898917;-428,389891696751;136;0
vpja45;19;2811;3150;-182,329963898917;-278,589891696751;339;0
vpja45;19;3181;3647;-44,7299638989168;-223,889891696751;466;0
vpja45;19;3707;4009;-280,229963898917;-503,089891696751;302;NA
vpja45;19;4062;4221;-90,3299638989168;-240,789891696751;159;0
vpja45;19;4245;4440;-31,9299638989169;-223,889891696751;195;0
vpja45;19;4477;4678;-232,529963898917;-244,889891696751;201;0
vpja45;19;4754;5127;518,270036101083;-251,089891696751;373;0
vpja45;19;5154;5444;448,370036101083;-160,789891696751;290;0
vpja45;19;5506;5672;445,770036101083;221,110108303249;166;0
vpja45;19;5745;5839;-167,729963898917;401,410108303249;94;0
vpja45;19;5895;6108;-579,729963898917;443,710108303249;213;0
vpja45;19;6155;6342;-491,629963898917;202,710108303249;187;2,55e+08
vpja45;19;6392;6581;-413,629963898917;-51,6898916967508;189;0
vpja45;19;6606;7119;-448,029963898917;-126,089891696751;513;255000
vpja45;19;7156;7315;-382,529963898917;-209,589891696751;159;0
vpja45;19;7343;7521;-442,829963898917;-320,889891696751;178;0
vpja45;19;7563;7853;-156,129963898917;-286,489891696751;290;0
vpja45;19;7875;8004;-190,329963898917;-266,989891696751;129;0
vpja45;19;8033;8284;-70,4299638989169;-251,589891696751;251;0
vpja45;19;8329;8584;65,9700361010832;-392,389891696751;255;0
vpja45;19;8621;9199;-26,7299638989168;-228,889891696751;578;0
vpja45;19;9211;9347;-20,1299638989169;-246,489891696751;136;0
vpja45;19;9387;9670;58,4700361010832;-399,389891696751;283;0
vpja45;19;9706;9944;210,170036101083;-424,889891696751;238;0
vpja45;20;194;345;-70,6999999999999;-228,2;151;255000
vpja45;20;359;754;-65,9;-192,6;395;255000
vpja45;20;767;1076;-64,5;-214,7;309;255000
vpja45;20;1139;1542;166,1;157,5;403;255
vpja45;20;1596;1760;-164,7;222,4;164;0
vpja45;20;1778;2087;-193,8;236,4;309;255255000
vpja45;20;2119;2372;-210,6;119,7;253;2,55e+08
vpja45;20;2408;2537;-334,4;86,0999999999999;129;2,55e+08
vpja45;20;2573;3250;-128;116,7;677;2,55e+08
vpja45;20;3293;3481;-302;4,89999999999998;188;0
vpja45;20;3530;3757;-516,1;-27,3000000000001;227;0
vpja45;20;3807;4027;-440,2;-252,9;220;0
vpja45;20;4075;4257;-76,5;-300,8;182;255000
vpja45;20;4279;4431;-57,5;-249,9;152;255000
vpja45;20;4448;4706;-64;-215,5;258;255000
vpja45;20;4783;4985;297,6;337,3;202;0
vpja45;20;5032;5131;230,7;94,4;99;0
vpja45;20;5180;5407;394,9;-117,1;227;0
vpja45;20;5441;5569;255,6;-100,4;128;0
vpja45;20;5621;5775;62,1000000000001;120,5;154;0
vpja45;20;5810;6053;-100;156,1;243;2,55e+08
vpja45;20;6097;6288;-246;266,7;191;0
vpja45;20;6308;6493;-206,3;250;185;255255000
vpja45;20;6510;6590;-185;245,9;80;255255000
vpja45;20;6636;6956;161,5;146,9;320;255
vpja45;20;6966;7095;175,8;153,3;129;255
vpja45;20;7144;7414;-182,5;236,9;270;255255000
vpja45;20;7477;7671;-178,3;-195,7;194;2,55e+08
vpja45;20;7713;8049;-197,8;-363,5;336;0
vpja45;20;8090;8300;-75,3;-212,3;210;255000
vpja45;20;8365;8816;149;201;451;0
vpja45;20;8835;9143;166,5;161,9;308;255
vpja45;20;9370;9469;18;111,5;99;0
vpja45;20;9516;9767;-200,8;210,2;251;0
vpja45;20;9781;10000;-179,7;229,6;219;255255000
vpja45;21;200;1084;-269;-114,6;884;255000
vpja45;21;1141;1458;259,8;26,1;317;255
vpja45;21;1524;1879;-180,1;337,2;355;255255000
vpja45;21;1897;2011;-153,7;302,2;114;255255000
vpja45;21;2073;2324;260,8;20,6999999999999;251;255
vpja45;21;2362;2502;209;-132,4;140;0
vpja45;21;2542;2953;9,10000000000002;-168,8;411;0
vpja45;21;3001;3186;-288;-164,8;185;255000
vpja45;21;3222;3397;-442,1;-230,3;175;0
vpja45;21;3409;3662;-460,7;-230,9;253;0
vpja45;21;3688;4032;-511,9;-283,8;344;0
vpja45;21;4063;4244;-335,8;-290,1;181;0
vpja45;21;4291;4466;-597,3;-157,1;175;0
vpja45;21;4591;4800;-613;-238,9;209;0
vpja45;21;4824;4998;-561,1;-301,9;174;0
vpja45;21;5024;5335;-452,3;-233,6;311;0
vpja45;21;5362;5629;-321,7;-296,2;267;0
vpja45;21;5661;5934;-216,3;-195,6;273;255000
vpja45;21;5971;6142;-45,3000000000001;-161,6;171;0
vpja45;21;6167;6374;11,8;-174,9;207;0
vpja45;21;6439;6601;-485,5;-241,1;162;0
vpja45;21;6611;6859;-476,7;-229,9;248;0
vpja45;21;6898;7126;-601,8;-364,6;228;0
vpja45;21;7156;7378;-656,6;-256,4;222;NA
vpja45;21;7461;7678;191,8;-137,9;217;0
vpja45;21;7724;8332;512,6;-104,7;608;0
vpja45;21;8375;8576;276,1;-136,9;201;0
vpja45;21;8619;8773;72,9;-154,4;154;0
vpja45;21;8796;9096;27,1999999999999;-182,9;300;0
vpja45;21;9151;9598;517;-99,2;447;0
vpja45;21;9623;9752;406,6;-77,8000000000001;129;0
vpja45;21;9806;9972;469,2;340,6;166;0
vpja45;22;115;221;1,19999999999993;-72,1;106;2,55e+08
vpja45;22;260;369;69,2;-216,6;109;255000
vpja45;22;383;611;71,0999999999999;-178,4;228;255000
vpja45;22;625;889;62,0999999999999;-205,1;264;255000
vpja45;22;955;1270;315,6;205,8;315;255
vpja45;22;1292;1586;324,9;269,1;294;255
vpja45;22;1661;2012;-386,1;187,1;351;255255000
vpja45;22;2029;2182;-382,1;153,9;153;255255000
vpja45;22;2221;2406;-505,8;94,8;185;0
vpja45;22;2437;2728;-404,9;-5,20000000000005;291;0
vpja45;22;2751;3150;-434,4;-52,3000000000001;399;0
vpja45;22;3160;3434;-424,6;-38,4000000000001;274;0
vpja45;22;3451;3729;-397,4;-33;278;0
vpja45;22;3779;3992;-493,1;-245,6;213;0
vpja45;22;4036;4418;-420,6;-424,6;382;0
vpja45;22;4439;4570;-377,4;-414,9;131;0
vpja45;22;4631;4857;-550,4;20,0999999999999;226;0
vpja45;22;4880;5030;-549,4;86,1999999999999;150;0
vpja45;22;5066;5195;-628,8;187,7;129;0
vpja45;22;5295;5462;522,7;-51;167;0
vpja45;22;5503;5930;574,6;-205,6;427;0
vpja45;22;5952;6478;529,8;-168,5;526;0
vpja45;22;6522;6962;512,8;35,9;440;0
vpja45;22;7003;7162;367,8;136,3;159;0
vpja45;22;7185;7387;349;199;202;255
vpja45;22;7412;7550;298;249,3;138;255
vpja45;22;7725;7875;57,5999999999999;-183,6;150;255000
vpja45;22;7894;8137;50,3;-193,5;243;255000
vpja45;22;8158;8405;45,3;-229,4;247;255000
vpja45;22;8451;8732;52,0999999999999;-20,3000000000001;281;2,55e+08
vpja45;22;8772;9662;52,5;-198,3;890;255000
vpja45;22;9680;9820;56,0999999999999;-227;140;255000
vpja45;22;9890;10000;336,3;254,6;110;255
vpja45;23;204;388;156,7;-171,8;184;255000
vpja45;23;401;763;177,1;-156,7;362;255000
vpja45;23;773;1186;172,5;-172,4;413;255000
vpja45;23;1237;1432;407;-301,6;195;0
vpja45;23;1451;1672;431,1;-330,5;221;0
vpja45;23;1688;1861;434,2;-356,8;173;0
vpja45;23;1921;2026;7,29999999999995;-302,4;105;0
vpja45;23;2098;2493;359,5;279,9;395;255
vpja45;23;2652;2999;-334,5;87,5;347;255255000
vpja45;23;3019;3186;-338,7;42,5;167;255255000
vpja45;23;3232;3537;-442,1;-172,9;305;0
vpja45;23;3581;3856;-112,2;-155,5;275;0
vpja45;23;3901;4070;-111,9;-365,8;169;0
vpja45;23;4088;4409;-82,2;-378,4;321;0
vpja45;23;4443;4669;-204,9;-294,6;226;0
vpja45;23;4708;4983;-26,6;-297,7;275;0
vpja45;23;4998;5126;2,69999999999993;-294,2;128;0
vpja45;23;5168;5555;-140,8;-139,5;387;0
vpja45;23;5608;5765;-424,4;-72,4000000000001;157;0
vpja45;23;5812;6029;-624;-62,8000000000001;217;0
vpja45;23;6053;6222;-633,2;-112;169;0
vpja45;23;6321;6586;515,1;-265,5;265;0
vpja45;23;6613;7459;437,6;-353,9;846;0
vpja45;23;7495;7683;525,8;-278,3;188;0
vpja45;23;7700;8070;554,2;-274,2;370;0
vpja45;23;8101;8328;439,3;-339,5;227;0
vpja45;23;8344;8608;417,6;-340,7;264;0
vpja45;23;8645;8929;604,5;-362,8;284;0
vpja45;23;9092;9255;606,8;-361,7;163;0
vpja45;23;9263;9483;609,1;-379;220;0
vpja45;23;9516;9810;445;-375;294;0
vpja45;23;9827;10000;432,5;-413,1;173;0
vpja45;24;205;361;-12,1;-201,1;156;255000
vpja45;24;377;758;-45,5;-192,4;381;255000
vpja45;24;775;949;-58,1;-236,8;174;255000
vpja45;24;960;1581;-77,8000000000001;-266,2;621;0
vpja45;24;1658;1899;-389,4;263,7;241;255
vpja45;24;1919;2286;-420,1;216;367;255
vpja45;24;2362;2536;339,4;218,9;174;255255000
vpja45;24;2560;2730;393;241;170;255255000
vpja45;24;2753;2993;448,2;264,7;240;255255000
vpja45;24;3014;3392;403,2;285,4;378;255255000
vpja45;24;3401;3729;417,7;289,6;328;255255000
vpja45;24;3743;3881;399,7;286,6;138;255255000
vpja45;24;4066;4193;177,2;-199,3;127;0
vpja45;24;4231;4467;94,3999999999999;-359,5;236;0
vpja45;24;4503;4787;187,2;-413;284;0
vpja45;24;4833;4958;-71,7;-405,8;125;0
vpja45;24;4994;5181;-188,9;-340,8;187;0
vpja45;24;5246;5520;-447,4;61,8;274;0
vpja45;24;5549;5748;-341,2;23,9;199;0
vpja45;24;5796;5947;6,29999999999995;-20;151;2,55e+08
vpja45;24;6005;6488;438,9;44,6;483;0
vpja45;24;6535;6711;408,6;276,9;176;255255000
vpja45;24;6748;6901;216,1;322;153;0
vpja45;24;6970;7113;-357,1;175;143;0
vpja45;24;7149;7254;-460,1;62,5;105;0
vpja45;24;7303;7430;-566,4;-254,1;127;0
vpja45;24;7449;7654;-589,6;-226,2;205;0
vpja45;24;7724;7847;-19,8000000000001;-271;123;255000
vpja45;24;7871;8319;-60,6;-236,8;448;255000
vpja45;24;8341;8853;-81;-284,4;512;0
vpja45;24;8879;9160;-69,5;-220,9;281;0
vpja45;24;9207;9527;150,2;-394;320;0
vpja45;24;9596;9925;444,1;-8,10000000000002;329;0
vpja45;24;9966;10000;359,7;219,3;34;255255000
vpja45;25;214;356;-34,8;-292,5;142;255000
vpja45;25;377;1041;-56,3;-324,6;664;255000
vpja45;25;1083;1467;126,2;-280,1;384;0
vpja45;25;1543;1819;300,9;284,1;276;255
vpja45;25;1905;2037;-451,6;335,2;132;0
vpja45;25;2065;3059;-557,4;381,3;994;255255000
vpja45;25;3083;3307;-533,8;310,7;224;255255000
vpja45;25;3363;3462;-74,5;222,7;99;0
vpja45;25;3503;3614;196,2;234,1;111;255
vpja45;25;3675;3975;576,9;-25,4;300;0
vpja45;25;4025;4156;386,3;-199,3;131;0
vpja45;25;4187;4521;216;-249,4;334;0
vpja45;25;4567;4700;-21,2;-316,1;133;255000
vpja45;25;4749;5621;-281,9;-323,7;872;0
vpja45;25;5655;6114;-402,3;-332,1;459;0
vpja45;25;6135;6311;-351,3;-334,5;176;0
vpja45;25;6329;6466;-385,8;-361,8;137;0
vpja45;25;6505;6885;-577,6;-319,8;380;0
vpja45;25;6913;7208;-443,9;-271,4;295;0
vpja45;25;7243;7379;-479,5;-137,8;136;0
vpja45;25;7393;7926;-470,5;-115,9;533;0
vpja45;25;7936;8111;-466,9;-133,1;175;0
vpja45;25;8154;8329;-502,4;-304;175;0
vpja45;25;8354;8526;-554,9;-350,4;172;0
vpja45;25;8555;8759;-435;-364,8;204;0
vpja45;25;8784;9047;-343,9;-382,1;263;0
vpja45;25;9073;9178;-268;-376,7;105;0
vpja45;25;9240;9557;218,8;-283,8;317;0
vpja45;25;9583;10000;322,7;-298,2;417;0
vpja45;26;197;326;-136,114285714286;-146,185714285714;129;255000
vpja45;26;344;916;-192,314285714286;-129,485714285714;572;255000
vpja45;26;961;999;17,8857142857142;-236,285714285714;38;0
vpja45;26;1048;1204;307,285714285714;-15,6857142857142;156;255
vpja45;26;1241;1388;270,785714285714;130,414285714286;147;0
vpja45;26;1418;1709;320,885714285714;213,914285714286;291;0
vpja45;26;1735;1863;299,985714285714;137,214285714286;128;0
vpja45;26;1947;2188;-405,714285714286;347,014285714286;241;255255000
vpja45;26;2212;2445;-450,814285714286;286,214285714286;233;255255000
vpja45;26;2479;2672;-535,814285714286;380,914285714286;193;0
vpja45;26;2728;2972;-472,514285714286;44,7142857142858;244;0
vpja45;26;2989;3105;-461,014285714286;79,3142857142858;116;0
vpja45;26;3174;3332;179,085714285714;285,814285714286;158;0
vpja45;26;3373;3653;364,985714285714;180,614285714286;280;255
vpja45;26;3695;3855;363,285714285714;12,3142857142858;160;255
vpja45;26;3893;4101;194,685714285714;-14,7857142857142;208;0
vpja45;26;4132;4261;1,88571428571424;-37,1857142857142;129;0
vpja45;26;4309;4555;-200,914285714286;-167,485714285714;246;255000
vpja45;26;4594;4739;-97,7142857142858;-297,285714285714;145;0
vpja45;26;4761;5095;-59,7142857142858;-362,485714285714;334;0
vpja45;26;5126;5269;43,3857142857144;-375,985714285714;143;0
vpja45;26;5315;5547;377,385714285714;-420,285714285714;232;0
vpja45;26;5560;5698;398,585714285714;-423,885714285714;138;0
vpja45;26;5783;5914;-334,214285714286;-211,085714285714;131;0
vpja45;26;5940;6163;-392,514285714286;-163,785714285714;223;0
vpja45;26;6209;6496;-452,914285714286;58,1142857142858;287;0
vpja45;26;6520;6797;-504,714285714286;93,4142857142857;277;0
vpja45;26;6820;7091;-446,314285714286;109,714285714286;271;0
vpja45;26;7114;7512;-403,414285714286;79,4142857142857;398;0
vpja45;26;7530;8013;-365,614285714286;79,4142857142857;483;0
vpja45;26;8024;8258;-377,714285714286;79,5142857142857;234;0
vpja45;26;8288;8671;-464,914285714286;85,2142857142858;383;0
vpja45;26;8685;8952;-489,014285714286;89,9142857142857;267;0
vpja45;26;8980;9254;-470,714285714286;197,714285714286;274;0
vpja45;26;9294;9509;-670,314285714286;171,414285714286;215;NA
vpja45;26;9521;9648;-650,814285714286;182,814285714286;127;NA
vpja45;26;9687;9955;-499,314285714286;65,0142857142857;268;0
vpja45;26;9968;10000;-484,414285714286;54,1142857142858;32;0
