vp;trial;timest;timeend;x;y;duration;roi
vpja16;1;367;525;-12,4;-203,8;158;255000
vpja16;1;553;995;-20,8;-255,6;442;255000
vpja16;1;1233;1277;-400,1;187,2;44;0
vpja16;1;1589;1907;394,2;226,7;318;255255000
vpja16;1;1934;2276;426,5;277,3;342;255255000
vpja16;1;2704;2724;1186,6;-892,3;20;NA
vpja16;1;3026;3127;-11,5;-99;101;2,55e+08
vpja16;1;3180;3607;-12,1;-228,9;427;255000
vpja16;1;3629;3774;-19,8;-256,5;145;255000
vpja16;1;3812;3947;-25;-210,8;135;255000
vpja16;1;3982;4331;97,8000000000001;-366,3;349;0
vpja16;1;4378;4542;2,30000000000007;-287,2;164;255000
vpja16;1;4579;4771;-28,9;-256,4;192;255000
vpja16;1;4844;5377;-385,8;-1,10000000000002;533;0
vpja16;1;5417;5679;-426,4;36,5999999999999;262;0
vpja16;1;5729;5968;-399,8;199,1;239;0
vpja16;1;6010;6235;-392;264,7;225;255
vpja16;1;6580;6755;360,1;215,3;175;255255000
vpja16;1;6782;6997;408,6;255,1;215;255255000
vpja16;1;7048;7279;425,4;124;231;0
vpja16;1;7329;7503;388,7;7,29999999999995;174;0
vpja16;1;7578;7760;95,1;-313,2;182;0
vpja16;1;7806;8238;87,8000000000001;-404,1;432;0
vpja16;1;8290;8406;-12,8;-295,7;116;255000
vpja16;1;8448;8696;-28,5;-240,5;248;255000
vpja16;1;8718;8911;-25,3;-211,2;193;255000
vpja16;1;8924;9370;-18,9;-225;446;255000
vpja16;1;9563;9831;-31,8;-255,3;268;255000
vpja16;1;9904;10000;-470,3;-189,9;96;0
vpja16;2;332;662;-81,2;-141,5;330;255000
vpja16;2;721;841;-155,9;61,8;120;2,55e+08
vpja16;2;889;1161;-284,3;136,6;272;255255000
vpja16;2;1184;1586;-303,1;160,7;402;0
vpja16;2;1646;1875;27,6;123,6;229;255
vpja16;2;1899;2143;28,3;155,7;244;255
vpja16;2;2348;2503;-342,8;160,4;155;0
vpja16;2;2542;2852;-290,1;159,5;310;0
vpja16;2;2875;3158;-315,2;176,3;283;255255000
vpja16;2;3341;3411;-294,2;136,3;70;255255000
vpja16;2;3467;3815;11,1;107,8;348;255
vpja16;2;3873;4050;-271,5;163,3;177;0
vpja16;2;4088;4466;-315,6;164,6;378;0
vpja16;2;4494;4669;-277,8;138,9;175;255255000
vpja16;2;4736;4884;-96,8000000000001;-183,9;148;255000
vpja16;2;4905;5115;-89,4;-158,3;210;255000
vpja16;2;5172;5455;62;-312,7;283;0
vpja16;2;5490;5757;35,8;-412,7;267;0
vpja16;2;5838;6254;-445;-127,6;416;0
vpja16;2;6296;6495;-464;-71,8000000000001;199;0
vpja16;2;6536;6715;-457,3;-15,1;179;0
vpja16;2;6841;7111;-476,3;8,79999999999995;270;0
vpja16;2;7166;7439;-476,1;200,2;273;0
vpja16;2;7466;7624;-495,8;246,6;158;0
vpja16;2;7695;7991;-457;-138;296;0
vpja16;2;8015;8434;-473,3;-134,4;419;0
vpja16;2;8468;8668;-447,3;-195,5;200;0
vpja16;2;8927;9217;316,5;59,3;290;0
vpja16;2;9245;9438;285,7;92,1;193;0
vpja16;2;9632;9834;105,3;-324,1;202;0
vpja16;2;9880;10000;88,9;-400,7;120;0
vpja16;3;365;603;2,58500216762309;-372,403358299568;238;255000
vpja16;3;839;865;1185,98500216762;-901,503358299568;26;NA
vpja16;3;942;1039;1213,18500216762;-882,403358299568;97;NA
vpja16;3;1060;1161;1187,78500216762;-917,103358299568;101;NA
vpja16;3;1253;1411;408,085002167623;343,296641700432;158;255255000
vpja16;3;1453;1663;438,685002167623;400,696641700432;210;255255000
vpja16;3;1685;1925;420,085002167623;422,996641700432;240;0
vpja16;3;1968;2217;492,285002167623;416,996641700432;249;0
vpja16;3;2303;2486;310,685002167623;-114,203358299568;183;0
vpja16;3;2534;2899;317,085002167623;-205,703358299568;365;0
vpja16;3;3089;3267;-42,7149978323769;-350,803358299568;178;255000
vpja16;3;3319;3549;-190,214997832377;-272,303358299568;230;0
vpja16;3;3604;3981;-3,61499783237696;-365,303358299568;377;255000
vpja16;3;4002;4247;10,4850021676231;-379,203358299568;245;255000
vpja16;3;4293;4452;-1,61499783237696;-302,403358299568;159;255000
vpja16;3;4514;4824;-262,214997832377;-401,903358299568;310;0
vpja16;3;4877;5185;-295,414997832377;-252,603358299568;308;0
vpja16;3;5243;5506;-495,714997832377;-282,903358299568;263;0
vpja16;3;5547;5833;-482,214997832377;-437,303358299568;286;0
vpja16;3;5907;6117;10,1850021676231;-395,903358299568;210;255000
vpja16;3;6157;6273;18,2850021676231;-355,603358299568;116;255000
vpja16;3;6348;6586;451,385002167623;-179,303358299568;238;0
vpja16;3;6617;7045;422,085002167623;-240,603358299568;428;0
vpja16;3;7094;7395;570,785002167623;-171,403358299568;301;0
vpja16;3;7592;7678;343,185002167623;-246,703358299568;86;0
vpja16;3;7720;7993;279,485002167623;-206,003358299568;273;0
vpja16;3;8024;8287;270,985002167623;-261,603358299568;263;0
vpja16;3;8326;8511;386,085002167623;-250,703358299568;185;0
vpja16;3;8595;8996;360,685002167623;281,596641700432;401;0
vpja16;3;9078;9229;-261,114997832377;238,296641700432;151;255
vpja16;3;9279;9599;-375,914997832377;4,59664170043209;320;0
vpja16;3;9633;10000;-333,014997832377;-69,803358299568;367;0
vpja16;4;311;595;-56,8267326732672;-224,335643564356;284;255000
vpja16;4;676;829;-427,526732673267;161,364356435644;153;255
vpja16;4;870;1193;-467,526732673267;206,764356435644;323;255
vpja16;4;1282;1653;334,373267326733;185,864356435644;371;255255000
vpja16;4;1678;1972;362,973267326733;212,464356435644;294;255255000
vpja16;4;2021;2179;350,373267326733;128,564356435644;158;255255000
vpja16;4;2398;2485;185,073267326733;82,2643564356435;87;0
vpja16;4;2554;2716;-19,3267326732672;-207,535643564356;162;255000
vpja16;4;2743;3172;-58,1267326732673;-210,435643564356;429;255000
vpja16;4;3219;3353;-42,5267326732672;-95,6356435643564;134;2,55e+08
vpja16;4;3427;3850;-480,426732673267;-21,4356435643564;423;0
vpja16;4;3888;4119;-394,726732673267;-85,5356435643564;231;0
vpja16;4;4138;4540;-405,226732673267;-56,9356435643564;402;0
vpja16;4;4597;4917;-45,9267326732672;-218,735643564356;320;255000
vpja16;4;4931;5175;-51,1267326732673;-204,435643564356;244;255000
vpja16;4;5197;5558;-42,7267326732672;-233,335643564356;361;255000
vpja16;4;5571;5735;-50,3267326732672;-219,735643564356;164;255000
vpja16;4;5922;6117;484,673267326733;-111,535643564356;195;0
vpja16;4;6143;6309;525,173267326733;-91,3356435643564;166;0
vpja16;4;6387;6541;-22,9267326732672;-177,135643564356;154;255000
vpja16;4;6571;6748;-51,6267326732673;-210,135643564356;177;255000
vpja16;4;6804;7050;-6,22673267326718;-31,3356435643564;246;2,55e+08
vpja16;4;7074;7487;7,47326732673275;2,26435643564355;413;2,55e+08
vpja16;4;7503;7657;12,5732673267328;0,66435643564364;154;2,55e+08
vpja16;4;7847;8069;-493,226732673267;-67,8356435643564;222;0
vpja16;4;8110;8524;-521,026732673267;-5,33564356435636;414;0
vpja16;4;8576;8776;-463,826732673267;-114,735643564356;200;0
vpja16;4;8815;9035;-414,026732673267;-103,535643564356;220;0
vpja16;4;9103;9521;-417,426732673267;-375,235643564356;418;0
vpja16;4;9547;9741;-372,826732673267;-343,235643564356;194;0
vpja16;4;9949;10000;456,773267326733;-236,935643564356;51;0
vpja16;5;288;523;61,3;-40,2;235;255000
vpja16;5;575;732;83,9;138,6;157;2,55e+08
vpja16;5;787;1071;296,8;123,8;284;255
vpja16;5;1333;1527;268,5;110,6;194;255
vpja16;5;1540;1759;283,3;112,4;219;255
vpja16;5;1800;2034;163,7;13,6999999999999;234;0
vpja16;5;2086;2287;296;92;201;255
vpja16;5;2310;2591;297,8;123,5;281;255
vpja16;5;2648;2987;66,9;171,5;339;255255000
vpja16;5;3045;3280;67,1;-27,1;235;255000
vpja16;5;3317;3604;126,5;-83,9000000000001;287;0
vpja16;5;3643;4002;70,3000000000001;-54,8000000000001;359;255000
vpja16;5;4012;4266;66,6999999999999;-43,7;254;255000
vpja16;5;4283;4497;68,8000000000001;-51,8000000000001;214;255000
vpja16;5;4551;4715;-1,30000000000007;-170,1;164;0
vpja16;5;4732;5263;-19,8000000000001;-190,7;531;0
vpja16;5;5324;5627;310,2;-165,3;303;0
vpja16;5;5642;5855;320,6;-150,1;213;0
vpja16;5;5884;6145;389,7;-155,9;261;0
vpja16;5;6304;6641;-561;163,4;337;0
vpja16;5;6662;7049;-578,7;137,9;387;0
vpja16;5;7097;7128;-562,4;265,7;31;0
vpja16;5;7455;7591;46,1999999999999;100;136;2,55e+08
vpja16;5;7641;7789;44;-32,4000000000001;148;255000
vpja16;5;7809;7990;69,1;-41,5;181;255000
vpja16;5;8223;8297;66,1999999999999;-38,4000000000001;74;255000
vpja16;5;8355;8623;273,2;128,7;268;0
vpja16;5;8664;8791;261,5;179,2;127;255
vpja16;5;8866;9307;129,9;-220;441;0
vpja16;5;9337;9510;150,9;-282,4;173;0
vpja16;5;9545;10000;276;-304,5;455;0
vpja16;6;350;493;167;158,1;143;255
vpja16;6;519;745;192,1;194,5;226;255
vpja16;6;920;954;1173,2;-893,6;34;NA
vpja16;6;1071;1101;1171,7;-896,7;30;NA
vpja16;6;1146;1212;1180,1;-886;66;NA
vpja16;6;1233;1274;1174,4;-893,5;41;NA
vpja16;6;1381;1476;1168;-909,1;95;NA
vpja16;6;1498;1682;1166,4;-908,7;184;NA
vpja16;6;1703;1753;1177,8;-892,7;50;NA
vpja16;6;1792;1815;1176,5;-893,7;23;NA
vpja16;6;1875;1906;1179;-890,2;31;NA
vpja16;6;1990;2405;-331,6;-188,5;415;255000
vpja16;6;2423;2827;-316,4;-175,8;404;255000
vpja16;6;2835;3052;-316,8;-181,5;217;255000
vpja16;6;3120;3255;85,7;-105,6;135;0
vpja16;6;3304;3598;253,5;-56,3;294;0
vpja16;6;3655;3870;187,2;166;215;255
vpja16;6;4126;4279;186,2;176,1;153;255
vpja16;6;4302;4712;191,2;210,8;410;255
vpja16;6;4755;4983;196;278;228;0
vpja16;6;5017;5265;201,7;188,2;248;255
vpja16;6;5284;5510;191,5;167,3;226;255
vpja16;6;5524;5722;194,9;186,9;198;255
vpja16;6;6470;6510;1304,1;-673,3;40;NA
vpja16;6;6866;6908;-149,1;283,4;42;0
vpja16;6;6979;7027;-436,9;369,6;48;255255000
vpja16;6;7068;7287;-429,9;366,1;219;255255000
vpja16;6;7378;7620;-311,4;-192,5;242;255000
vpja16;6;7635;8022;-315,7;-175,6;387;255000
vpja16;6;8051;8344;-331;-132,2;293;2,55e+08
vpja16;6;8375;8643;-316,5;-195,6;268;255000
vpja16;6;8670;8807;-304,7;-239,4;137;255000
vpja16;6;8867;9109;-540,1;-160,7;242;0
vpja16;6;9206;9556;259,4;-33,5;350;0
vpja16;6;9583;9694;291,4;0,400000000000091;111;0
vpja16;6;9909;10000;419,5;-212,7;91;0
vpja16;7;313;586;11,03698630137;-265,116438356165;273;255000
vpja16;7;601;888;-4,46301369862999;-287,916438356164;287;255000
vpja16;7;906;1143;-9,86301369863008;-257,616438356165;237;255000
vpja16;7;1167;1333;-3,86301369863008;-282,916438356164;166;255000
vpja16;7;1519;1682;-388,66301369863;103,383561643835;163;0
vpja16;7;1707;2189;-380,86301369863;133,683561643836;482;0
vpja16;7;2268;2447;246,73698630137;89,3835616438355;179;255255000
vpja16;7;2466;2722;269,13698630137;110,983561643836;256;255255000
vpja16;7;2926;2954;-364,16301369863;76,3835616438355;28;0
vpja16;7;2960;3100;-363,06301369863;112,583561643836;140;255
vpja16;7;3122;3506;-375,86301369863;144,083561643836;384;0
vpja16;7;3527;3804;-372,56301369863;115,883561643835;277;255
vpja16;7;4038;4207;-28,7630136986301;9,58356164383554;169;2,55e+08
vpja16;7;4271;4493;-0,763013698630061;-237,216438356164;222;255000
vpja16;7;4516;4652;-6,16301369863004;-264,116438356165;136;255000
vpja16;7;4722;4925;539,13698630137;-56,7164383561645;203;0
vpja16;7;5004;5217;13,1369863013699;-262,916438356164;213;255000
vpja16;7;5240;5628;-12,16301369863;-252,916438356164;388;255000
vpja16;7;5825;6060;-424,06301369863;-31,9164383561645;235;0
vpja16;7;6111;6519;-551,66301369863;56,2835616438355;408;0
vpja16;7;6608;6710;-146,16301369863;519,883561643836;102;NA
vpja16;7;6742;6872;-80,3630136986301;461,483561643836;130;0
vpja16;7;6922;7064;88,1369863013699;437,383561643836;142;0
vpja16;7;7150;7332;-4,56301369863002;-223,016438356164;182;255000
vpja16;7;7358;7788;-11,7630136986301;-271,816438356164;430;255000
vpja16;7;7985;8139;-33,96301369863;-266,416438356164;154;255000
vpja16;7;8152;9278;-12,2630136986301;-265,716438356164;1126;255000
vpja16;7;9288;9580;1,23698630136994;-268,016438356164;292;255000
vpja16;7;9819;9968;-11,46301369863;-231,316438356164;149;255000
vpja16;8;296;509;-87,9;-148,2;213;255000
vpja16;8;559;668;-217,6;41,1;109;2,55e+08
vpja16;8;705;1133;-258,1;80,4;428;255
vpja16;8;1193;1402;78,8;92,1;209;0
vpja16;8;1425;1644;111,5;115,9;219;0
vpja16;8;1666;2118;143,7;119;452;255255000
vpja16;8;2129;2330;136,9;103,6;201;255255000
vpja16;8;2561;2732;128,1;101,8;171;255255000
vpja16;8;2753;3046;146,9;119;293;255255000
vpja16;8;3062;3302;139,7;103,7;240;255255000
vpja16;8;3318;3580;149,6;123,1;262;255255000
vpja16;8;3814;3955;126,1;109,9;141;255255000
vpja16;8;4021;4216;-251,5;91,7;195;255
vpja16;8;4239;4468;-265,8;105,4;229;255
vpja16;8;4490;4728;-260,7;74,8;238;0
vpja16;8;4792;5033;-93,2;-161,8;241;255000
vpja16;8;5044;5300;-93,5;-146,9;256;255000
vpja16;8;5321;5677;-93,7;-171,4;356;255000
vpja16;8;5706;5825;-95;-123,4;119;2,55e+08
vpja16;8;6031;6156;-90,9;-91,5;125;2,55e+08
vpja16;8;6204;6289;-67,8;-164,9;85;255000
vpja16;8;6362;6562;360,1;37,8;200;0
vpja16;8;6594;6834;329,6;-30,2;240;0
vpja16;8;6884;7151;558,7;-165,9;267;0
vpja16;8;7180;7491;573,1;-218,4;311;0
vpja16;8;7512;7798;589,4;-223,2;286;0
vpja16;8;7843;7985;586,6;-128,7;142;0
vpja16;8;8040;8459;339,7;-54,5;419;0
vpja16;8;8530;8692;-66;-150,3;162;255000
vpja16;8;8708;9414;-90,8;-169;706;255000
vpja16;8;9614;9727;-104,4;-155,8;113;255000
vpja16;8;9774;10000;-207,2;-64,9;226;0
vpja16;9;282;446;4,89999999999998;-209,1;164;255000
vpja16;9;489;633;3,79999999999995;-274,9;144;255000
vpja16;9;709;964;-347,8;111,2;255;0
vpja16;9;987;1374;-365,1;130,8;387;0
vpja16;9;1447;1615;228,8;143,4;168;255255000
vpja16;9;1641;1850;283,8;152,5;209;255255000
vpja16;9;1874;2043;240,9;149,9;169;255255000
vpja16;9;2061;2229;217,4;147,6;168;255255000
vpja16;9;2301;2417;29,3;-225,2;116;255000
vpja16;9;2447;2745;8,29999999999995;-277;298;255000
vpja16;9;2770;3017;2,20000000000005;-236,5;247;255000
vpja16;9;3049;3246;5,60000000000002;-290,8;197;255000
vpja16;9;3317;3565;-340,3;-115;248;0
vpja16;9;3616;3780;-473,8;-56,8;164;0
vpja16;9;3854;4061;-4,60000000000002;-251,7;207;255000
vpja16;9;4086;4366;14,4;-283,4;280;255000
vpja16;9;4393;4559;1,10000000000002;-236,5;166;255000
vpja16;9;4780;4863;1,70000000000005;86,3000000000001;83;0
vpja16;9;4926;5171;292;199,6;245;0
vpja16;9;5195;5470;265,6;158,3;275;255255000
vpja16;9;5552;5969;-345,8;127,8;417;255
vpja16;9;6165;6188;125,1;-103;23;2,55e+08
vpja16;9;6205;6280;98,5;-38,6999999999999;75;2,55e+08
vpja16;9;6338;6481;248,2;119,5;143;0
vpja16;9;6557;6756;15,8;-277,5;199;255000
vpja16;9;6775;7433;-1,39999999999998;-272,9;658;255000
vpja16;9;7451;7675;1,29999999999995;-292,5;224;255000
vpja16;9;7897;8109;94,8;-342,3;212;255000
vpja16;9;8157;8505;0,700000000000045;-269,8;348;255000
vpja16;9;8523;8807;11,1;-243,2;284;255000
vpja16;9;8831;9069;31,4;-246,2;238;255000
vpja16;9;9274;9512;15,6;-255,6;238;255000
vpja16;9;9533;9804;10,1;-282,6;271;255000
vpja16;9;9851;10000;3,79999999999995;-193,1;149;2,55e+08
vpja16;10;257;565;129,7;-231,5;308;255000
vpja16;10;638;899;153,5;229,6;261;255
vpja16;10;1626;1653;1190,4;-882,5;27;NA
vpja16;10;1759;1935;164,7;224,1;176;255
vpja16;10;1979;2224;175,2;306,6;245;255
vpja16;10;2631;2898;-286,6;-138,1;267;0
vpja16;10;2946;3206;-25,8;-220;260;0
vpja16;10;3281;3753;-486,2;-256,9;472;0
vpja16;10;3797;4094;-566,4;-153,4;297;0
vpja16;10;4184;4400;162,6;-284,3;216;255000
vpja16;10;4438;4723;157,2;-230,7;285;255000
vpja16;10;4741;5100;162,1;-209,8;359;255000
vpja16;10;5131;5301;174,3;-274,4;170;255000
vpja16;10;5322;5544;194,6;-277,7;222;255000
vpja16;10;5641;6021;513;275,8;380;0
vpja16;10;6043;6257;519,7;300,2;214;0
vpja16;10;6558;6672;468,8;278;114;0
vpja16;10;6711;6907;525,9;194,8;196;0
vpja16;10;6960;7297;259,8;365,8;337;2,55e+08
vpja16;10;7358;7650;484,2;286,9;292;0
vpja16;10;7691;7940;546,7;183,3;249;0
vpja16;10;8013;8294;69,5;171,1;281;2,55e+08
vpja16;10;8343;8492;17,9000000000001;287,2;149;0
vpja16;10;8550;8816;-180,6;144,3;266;0
vpja16;10;9243;9418;135,1;224,9;175;255
vpja16;10;9492;9710;140,2;-212,6;218;255000
vpja16;10;9741;9960;158,3;-268,8;219;255000
vpja16;11;291;792;-202,3;-192,2;501;255000
vpja16;11;838;968;-280,3;-101,8;130;2,55e+08
vpja16;11;1025;1419;-490,9;51,5999999999999;394;255255000
vpja16;11;1438;1768;-510,5;45,5999999999999;330;255255000
vpja16;11;1798;2159;-442,8;43,5;361;255255000
vpja16;11;2224;2551;-49,8;20,0999999999999;327;255
vpja16;11;2789;2939;-45,6999999999999;88,4;150;255
vpja16;11;2966;3239;-14,1;147,6;273;255
vpja16;11;3288;3643;-66;271,4;355;2,55e+08
vpja16;11;3689;3964;35,5;186,5;275;0
vpja16;11;4011;4178;196;99,5;167;0
vpja16;11;4222;4751;336,9;2,19999999999993;529;0
vpja16;11;4774;4910;313,5;-7,70000000000005;136;0
vpja16;11;4956;5182;551;-118,1;226;0
vpja16;11;5243;5450;278,4;-335,4;207;0
vpja16;11;5524;5651;-182,3;-179,4;127;2,55e+08
vpja16;11;5680;5981;-212,2;-195,5;301;255000
vpja16;11;5990;6189;-203,2;-204;199;255000
vpja16;11;6425;6609;-481;-67,5;184;0
vpja16;11;6665;6983;-212,6;-183,1;318;2,55e+08
vpja16;11;7236;7522;203,5;-72,5;286;0
vpja16;11;7555;7908;345,4;-44,2;353;0
vpja16;11;7933;8067;364,4;-37,8000000000001;134;0
vpja16;11;8153;8293;-227;-208,6;140;255000
vpja16;11;8312;8982;-206,6;-201,6;670;255000
vpja16;11;9167;9325;-215,5;-194,4;158;2,55e+08
vpja16;11;9337;9516;-203,1;-190,2;179;255000
vpja16;11;9572;9771;-71,6999999999999;-45,2;199;255
vpja16;11;9811;10000;-36;7,59999999999991;189;255
vpja16;12;320;588;125,7;-165,3;268;255000
vpja16;12;642;776;250,7;114,7;134;255
vpja16;12;1008;1056;186,2;164,6;48;255
vpja16;12;1140;1582;-455;123,9;442;255255000
vpja16;12;1599;1769;-453,2;133,7;170;255255000
vpja16;12;1821;2179;-419,1;-98,4;358;0
vpja16;12;2236;2425;-121,4;-107,2;189;0
vpja16;12;2482;2629;-140,6;-263,4;147;0
vpja16;12;2662;2944;-120,2;-333,8;282;0
vpja16;12;3012;3240;96,4;-70,1;228;2,55e+08
vpja16;12;3278;3721;146,1;-162,2;443;255000
vpja16;12;3798;3996;228,1;248,3;198;255
vpja16;12;4048;4269;17,5;334,8;221;255
vpja16;12;4319;4549;175,5;190,4;230;255
vpja16;12;4615;4729;135,5;-94,3000000000001;114;2,55e+08
vpja16;12;4761;5094;140,2;-164;333;255000
vpja16;12;5144;5355;27,4;-389,9;211;0
vpja16;12;5406;5611;-127,3;-356,1;205;0
vpja16;12;5668;5815;-147,5;-129,9;147;0
vpja16;12;5866;6210;-233,1;-230,5;344;0
vpja16;12;6265;6596;-430,4;-102,6;331;0
vpja16;12;6622;6779;-447,2;-73,4000000000001;157;0
vpja16;12;6840;6949;-86,6999999999999;-123,5;109;0
vpja16;12;7004;7162;123,5;-188,9;158;255000
vpja16;12;7187;7613;142;-158,6;426;255000
vpja16;12;7657;7908;353;-273,9;251;0
vpja16;12;7965;8233;444,5;-92,2;268;0
vpja16;12;8298;8453;311,3;-354,6;155;0
vpja16;12;8541;8762;271,5;147,7;221;255
vpja16;12;8802;8921;169,3;223,3;119;255
vpja16;12;9146;9238;-531,6;398,3;92;0
vpja16;12;9276;9574;-561,1;449,8;298;0
vpja16;12;9634;10000;-459,5;125,5;366;255255000
vpja16;13;329;707;-75,6576923076922;-286,365384615385;378;255000
vpja16;13;734;1007;-84,1576923076922;-314,965384615385;273;255000
vpja16;13;1025;1349;-74,7576923076922;-325,065384615385;324;255000
vpja16;13;1398;1567;-95,8576923076922;-228,265384615385;169;255000
vpja16;13;1805;1907;-506,257692307692;289,834615384615;102;0
vpja16;13;1947;2373;-544,357692307692;350,534615384615;426;0
vpja16;13;2404;2749;-506,357692307692;286,534615384615;345;0
vpja16;13;2843;2982;294,542307692308;307,834615384615;139;0
vpja16;13;3021;3306;361,042307692308;334,634615384615;285;255255000
vpja16;13;3327;3622;385,842307692308;365,234615384615;295;255255000
vpja16;13;3693;3848;304,142307692308;22,8346153846153;155;0
vpja16;13;3879;4147;319,342307692308;-37,3653846153846;268;0
vpja16;13;4199;4644;477,842307692308;79,1346153846154;445;0
vpja16;13;4680;4983;323,442307692308;40,4346153846153;303;0
vpja16;13;5003;5266;304,342307692308;44,0346153846153;263;0
vpja16;13;5281;5657;303,242307692308;67,8346153846153;376;0
vpja16;13;5710;5814;466,142307692308;-202,065384615385;104;0
vpja16;13;5854;6212;520,442307692308;-304,365384615385;358;0
vpja16;13;6323;6625;-379,957692307692;-220,665384615385;302;0
vpja16;13;6667;6957;-319,157692307692;-197,765384615385;290;0
vpja16;13;7003;7152;-92,2576923076922;-248,265384615385;149;255000
vpja16;13;7498;7609;-35,6576923076922;-52,7653846153846;111;2,55e+08
vpja16;13;7627;7765;-24,2576923076922;-69,8653846153846;138;2,55e+08
vpja16;13;7826;8103;-98,2576923076922;-281,165384615385;277;255000
vpja16;13;8128;8361;-87,7576923076922;-319,665384615385;233;255000
vpja16;13;8372;8630;-76,8576923076922;-311,465384615385;258;255000
vpja16;13;8678;8848;15,0423076923078;-288,465384615385;170;255000
vpja16;13;9256;9284;347,442307692308;297,434615384615;28;255255000
vpja16;13;9313;9596;376,942307692308;364,334615384615;283;255255000
vpja16;13;9656;10000;365,642307692308;104,434615384615;344;0
vpja16;14;311;800;-164,767918088737;-136,984641638225;489;2,55e+08
vpja16;14;881;1161;373,532081911263;-22,0846416382253;280;255
vpja16;14;1216;1535;422,932081911263;204,415358361775;319;0
vpja16;14;1596;1771;405,832081911263;5,31535836177466;175;255
vpja16;14;1850;2062;-19,1679180887371;275,615358361775;212;0
vpja16;14;2087;2299;-62,1679180887371;303,715358361775;212;2,55e+08
vpja16;14;2368;2478;-135,367918088737;-86,5846416382253;110;2,55e+08
vpja16;14;2522;2698;-161,867918088737;-150,884641638225;176;255000
vpja16;14;2740;2914;-330,667918088737;-165,984641638225;174;0
vpja16;14;3103;3237;-434,367918088737;269,915358361775;134;255255000
vpja16;14;3866;4220;318,432081911263;59,3153583617747;354;255
vpja16;14;4276;4530;411,532081911263;240,215358361775;254;0
vpja16;14;4558;4845;371,832081911263;301,515358361775;287;0
vpja16;14;4872;5072;418,532081911263;335,915358361775;200;0
vpja16;14;5095;5334;379,232081911263;316,115358361775;239;0
vpja16;14;5384;5615;248,532081911263;109,115358361775;231;0
vpja16;14;5632;5819;260,832081911263;100,315358361775;187;0
vpja16;14;5874;6343;42,632081911263;9,61535836177472;469;0
vpja16;14;6369;6498;50,9320819112629;49,6153583617747;129;0
vpja16;14;6564;6910;-174,867918088737;-158,884641638225;346;255000
vpja16;14;6969;7160;-392,067918088737;-51,2846416382253;191;0
vpja16;14;7192;7413;-426,367918088737;53,5153583617747;221;0
vpja16;14;7440;7808;-446,567918088737;85,6153583617747;368;0
vpja16;14;7851;7998;-357,667918088737;38,0153583617747;147;0
vpja16;14;8214;8376;-105,867918088737;48,1153583617747;162;2,55e+08
vpja16;14;8422;8616;12,9320819112629;-3,4846416382253;194;0
vpja16;14;8679;8855;-264,567918088737;-181,784641638225;176;0
vpja16;14;8918;9245;4,63208191126296;-355,584641638225;327;0
vpja16;14;9286;9676;71,9320819112629;-357,284641638225;390;0
vpja16;14;9865;10000;-324,967918088737;-173,084641638225;135;0
vpja16;15;269;387;-18,1;-290,6;118;2,55e+08
vpja16;15;410;732;-8;-337,6;322;255000
vpja16;15;788;1034;-18,8;-106,5;246;2,55e+08
vpja16;15;1097;1316;-15,5;-336,4;219;255000
vpja16;15;1674;1808;347,2;263,7;134;255
vpja16;15;1836;2370;370,2;321,7;534;255
vpja16;15;2460;2669;-291;104,6;209;255255000
vpja16;15;2727;3055;-315,9;-182,2;328;0
vpja16;15;3092;3359;-400;-239,1;267;0
vpja16;15;3434;3634;-145,9;95,0999999999999;200;0
vpja16;15;3848;4151;96,5999999999999;-211,8;303;0
vpja16;15;4207;4503;338,6;-174,2;296;0
vpja16;15;4555;4818;188,1;-256,8;263;0
vpja16;15;4900;5072;290,1;242,3;172;255
vpja16;15;5116;5277;357,4;301,1;161;255
vpja16;15;5285;5414;366,2;307,4;129;255
vpja16;15;5501;5694;-55,9;-305,8;193;2,55e+08
vpja16;15;5722;5952;-4,79999999999995;-345,3;230;255000
vpja16;15;5960;6117;-0,5;-337,9;157;255000
vpja16;15;6184;6432;-390,7;-246,9;248;0
vpja16;15;6485;6815;-415,9;-396,8;330;0
vpja16;15;6835;7000;-398,9;-433,8;165;0
vpja16;15;7075;7378;143,1;-352,1;303;0
vpja16;15;7409;7728;164,3;-392,4;319;0
vpja16;15;7764;7882;279,5;-305;118;0
vpja16;15;8086;8285;515,9;-165,3;199;0
vpja16;15;8306;8643;516,5;-141,1;337;0
vpja16;15;8696;9052;145,2;-204,1;356;0
vpja16;15;9088;9306;113,3;-269,9;218;0
vpja16;15;9359;9460;-64,9;-261,3;101;2,55e+08
vpja16;15;9495;9749;-12,5;-340,7;254;255000
vpja16;15;9843;10000;316;237,7;157;255
vpja16;16;281;489;23,4;-175,2;208;255000
vpja16;16;552;774;237,3;142,3;222;255
vpja16;16;798;959;253,1;177;161;255
vpja16;16;1038;1260;-308,6;135,5;222;255255000
vpja16;16;1286;1525;-338,6;134,9;239;255255000
vpja16;16;1806;1947;52,3;-164,7;141;255000
vpja16;16;1972;2176;38,5;-185,2;204;255000
vpja16;16;2200;2372;31,7;-149,9;172;255000
vpja16;16;2435;2674;100,9;133,9;239;2,55e+08
vpja16;16;2741;3029;29,7;-166,1;288;255000
vpja16;16;3037;3261;40;-167,2;224;255000
vpja16;16;3279;3557;42,1;-190;278;255000
vpja16;16;3795;3950;428,9;-58,9;155;0
vpja16;16;3991;4190;237,8;-196,1;199;0
vpja16;16;4426;4655;26,3;-160,1;229;255000
vpja16;16;4673;4864;29,2;-188,5;191;255000
vpja16;16;4909;5098;-38,8;-172,1;189;0
vpja16;16;5125;5398;29,1;-185,7;273;255000
vpja16;16;5422;5677;28,9;-155,4;255;255000
vpja16;16;5736;5917;92,8;103,3;181;2,55e+08
vpja16;16;5968;6298;265,3;172,5;330;255
vpja16;16;6346;6557;517,7;15,1;211;0
vpja16;16;6603;6803;424,8;-172,6;200;0
vpja16;16;6874;7020;-4;-238,1;146;255000
vpja16;16;7078;7318;-268,3;-207,9;240;0
vpja16;16;7371;7792;-430,9;-192,2;421;0
vpja16;16;7860;8045;-328;94,2;185;255255000
vpja16;16;8083;8588;-348,1;136,2;505;255255000
vpja16;16;8638;8859;-34,2;53,2;221;2,55e+08
vpja16;16;8912;9151;27,3;-162,3;239;255000
vpja16;16;9171;9422;34,8;-186,1;251;255000
vpja16;16;9440;9771;31,1;-156,4;331;255000
vpja16;17;246;523;-129,6;-102,4;277;255000
vpja16;17;571;873;48,5;96,4;302;0
vpja16;17;914;1208;122,3;80,0999999999999;294;255
vpja16;17;1234;1415;144;109,1;181;255
vpja16;17;1492;1606;-388,7;120,2;114;0
vpja16;17;1650;2455;-475,6;136,5;805;255255000
vpja16;17;2491;2916;-443,8;131,4;425;255255000
vpja16;17;2978;3168;-107,9;-110;190;255000
vpja16;17;3184;3328;-115,5;-96,7;144;255000
vpja16;17;3388;3630;132,4;93;242;255
vpja16;17;3663;3843;205,5;99,1999999999999;180;255
vpja16;17;3864;4223;240,3;104;359;0
vpja16;17;4248;4349;210,9;126,6;101;0
vpja16;17;4629;4808;306,3;28,8;179;0
vpja16;17;4867;5072;-98,8;-90,5;205;255000
vpja16;17;5090;5504;-121;-106,4;414;255000
vpja16;17;5540;5769;-202,8;-11,9000000000001;229;0
vpja16;17;5817;6216;-96,5999999999999;73,3;399;2,55e+08
vpja16;17;6268;6404;-136,3;213,6;136;2,55e+08
vpja16;17;6468;6629;-107,7;-87,5;161;2,55e+08
vpja16;17;6646;6805;-119,9;-112,5;159;255000
vpja16;17;6868;7414;-80,1999999999999;-389,3;546;0
vpja16;17;7481;7777;-412;-401;296;0
vpja16;17;7838;8084;-427,2;-96,1;246;0
vpja16;17;8142;8310;-120,3;-105,4;168;255000
vpja16;17;8374;8544;-459;-30,5;170;0
vpja16;17;8570;9075;-476;-1,30000000000007;505;0
vpja16;17;9297;9325;-89,5999999999999;-108;28;255000
vpja16;17;9336;9387;-105,8;-77;51;2,55e+08
vpja16;17;9404;10000;-113,7;-96,2;596;255000
vpja16;18;302;481;-68,1;-213;179;255000
vpja16;18;758;974;169,4;155,5;216;255
vpja16;18;989;1193;182,7;169,4;204;255
vpja16;18;1221;1394;133,8;159,3;173;0
vpja16;18;1962;2207;191,1;156,1;245;255
vpja16;18;3323;3459;-107;-185;136;255000
vpja16;18;3484;3676;-57,6999999999999;-205,9;192;255000
vpja16;18;3697;3983;-67,9;-177,1;286;255000
vpja16;18;4043;4207;-86;54,6;164;2,55e+08
vpja16;18;4249;4473;-82,1;119;224;2,55e+08
vpja16;18;4493;4683;-70,3;118,8;190;2,55e+08
vpja16;18;4724;4914;-133,6;120,1;190;2,55e+08
vpja16;18;4983;5211;-141,1;-179,8;228;2,55e+08
vpja16;18;5231;5534;-151,7;-213,7;303;2,55e+08
vpja16;18;5562;5787;-68,8;-240,3;225;255000
vpja16;18;5828;5941;-256,6;-217,8;113;0
vpja16;18;6002;6148;-503,4;-116,1;146;0
vpja16;18;6226;6564;-513,5;334,1;338;0
vpja16;18;6632;6692;1200,7;-891,2;60;NA
vpja16;18;6714;6771;1204,9;-882,4;57;NA
vpja16;18;6856;7025;283,4;46,4;169;0
vpja16;18;7060;7447;270,8;-41,2;387;0
vpja16;18;7478;7682;408,2;-42;204;0
vpja16;18;7724;7874;209,8;129,9;150;0
vpja16;18;7912;8128;177,9;156,4;216;255
vpja16;18;8183;8487;-72,6999999999999;100,8;304;2,55e+08
vpja16;18;8512;8703;-119,5;122,1;191;2,55e+08
vpja16;18;9428;9635;-131,4;-36,8;207;2,55e+08
vpja16;18;9692;9916;-73,5;-213,9;224;255000
vpja16;18;9939;10000;-53,6999999999999;-234,4;61;255000
vpja16;19;259;379;-312,2;-21,5;120;255000
vpja16;19;404;628;-355;-29,1;224;255000
vpja16;19;1097;1282;-355;-49;185;255000
vpja16;19;1305;1461;-367,8;-26,2;156;255000
vpja16;19;1537;1727;167,3;154,7;190;255255000
vpja16;19;1753;1926;170,7;203,3;173;255255000
vpja16;19;2529;2738;155,3;186,2;209;255255000
vpja16;19;2764;3043;207,8;204,4;279;255255000
vpja16;19;3057;3283;214,1;225,1;226;255255000
vpja16;19;3594;3724;195,5;168,5;130;255255000
vpja16;19;3751;3885;198,1;213,1;134;255255000
vpja16;19;3945;4185;226,5;3,59999999999991;240;0
vpja16;19;4230;4439;-27,8;-53,2;209;0
vpja16;19;4499;4748;190,6;189,8;249;255255000
vpja16;19;4768;4902;182,3;221,7;134;255255000
vpja16;19;5472;5630;-333,5;-42,8000000000001;158;255000
vpja16;19;5670;5994;-376,9;-34,1;324;255000
vpja16;19;6045;6422;-201,8;-81,3000000000001;377;0
vpja16;19;6448;6615;-244,3;-76,1;167;0
vpja16;19;6663;6864;-369,6;-33,7;201;255000
vpja16;19;6881;7259;-374,2;-53;378;255000
vpja16;19;7312;7447;-182,3;27,9;135;0
vpja16;19;7506;7690;105,6;-29,7;184;0
vpja16;19;7736;7868;230,3;6,09999999999991;132;0
vpja16;19;7912;8189;517;55,4;277;0
vpja16;19;8228;8484;535,2;-70,3000000000001;256;0
vpja16;19;8508;8781;526,8;-105,9;273;0
vpja16;19;8895;9081;-446;-166,7;186;0
vpja16;19;9129;9337;-365,3;-52,2;208;255000
vpja16;19;9358;9466;-383,1;-35,8000000000001;108;255000
vpja16;19;9513;9866;-544,1;-201,4;353;0
vpja16;19;9911;10000;-297,4;-69;89;255000
vpja16;20;294;540;-317,1;-130,5;246;255000
vpja16;20;755;954;-299,7;100,2;199;255
vpja16;20;1013;1283;5,70000000000005;30,9;270;255255000
vpja16;20;1307;1395;6,20000000000005;-3,5;88;255255000
vpja16;20;1455;1944;-287,5;77,2;489;255
vpja16;20;2187;2354;10,7;12,9;167;255255000
vpja16;20;2380;2729;22,6;-24,9;349;255255000
vpja16;20;2749;2978;11,9;-44,4;229;255255000
vpja16;20;3005;3272;-23,9;-60,1;267;0
vpja16;20;3492;3679;-31,7;-49,6;187;0
vpja16;20;3720;3955;17,4;-31;235;255255000
vpja16;20;3983;4283;-28,8;-22,4;300;0
vpja16;20;4322;4556;21,2;-34,1;234;255255000
vpja16;20;4781;4819;53,1;-73,3;38;0
vpja16;20;4837;4984;21,6;-18,8;147;255255000
vpja16;20;5013;5288;24,8;32,5;275;255255000
vpja16;20;5314;5559;22;78,8000000000001;245;255255000
vpja16;20;5594;5811;28,2;-14,4;217;255255000
vpja16;20;6020;6204;-233,3;69,8000000000001;184;255
vpja16;20;6260;6688;29,8;-8,89999999999998;428;255255000
vpja16;20;6716;6888;28,4;35,9;172;255255000
vpja16;20;6943;7138;-321;-125,8;195;255000
vpja16;20;7156;7627;-342,8;-138,9;471;255000
vpja16;20;7679;7939;-145,2;-251;260;0
vpja16;20;7983;8175;-36;-238,3;192;0
vpja16;20;8224;8556;95,2;-410,5;332;0
vpja16;20;8605;8783;365,5;-314,8;178;0
vpja16;20;8827;9115;471,4;-166,4;288;0
vpja16;20;9172;9371;595,4;37,3000000000001;199;0
vpja16;20;9427;9838;302,6;288,3;411;0
vpja16;21;336;573;43,4;-256,8;237;255000
vpja16;21;1048;1099;1361;-603,6;51;NA
vpja16;21;1376;1598;-375,8;194,6;222;255255000
vpja16;21;1643;1966;-474,1;257,2;323;255255000
vpja16;21;2401;2655;321,2;213,7;254;255
vpja16;21;2679;2981;343,5;231,8;302;255
vpja16;21;3008;3348;367,5;191,2;340;255
vpja16;21;3404;3532;302,6;48,8000000000001;128;0
vpja16;21;3572;3838;253,4;-69,8;266;0
vpja16;21;4049;4180;-260,5;164,6;131;255255000
vpja16;21;4232;4545;-423,6;275,7;313;255255000
vpja16;21;4606;4952;-278,1;81;346;0
vpja16;21;5247;5359;243,2;191,2;112;0
vpja16;21;5399;5659;294,3;207,1;260;0
vpja16;21;5682;5871;251,5;225,2;189;0
vpja16;21;5896;6185;288,3;240,3;289;255
vpja16;21;6623;6818;-182,1;187,1;195;255255000
vpja16;21;6907;7040;43,3;-303,3;133;255000
vpja16;21;7066;7328;34,9;-277,7;262;255000
vpja16;21;7355;7559;34,7;-244,8;204;255000
vpja16;21;7622;7755;-250,7;-131,6;133;0
vpja16;21;7789;8060;-295,6;-92,9;271;0
vpja16;21;8122;8341;41,7;-290,2;219;255000
vpja16;21;8361;8580;37,9;-263,4;219;255000
vpja16;21;8606;8840;40,2;-302,4;234;255000
vpja16;21;8884;9198;-114,1;-372,1;314;0
vpja16;21;9249;9442;35,5;-296,1;193;255000
vpja16;21;9502;9707;257,7;-101,8;205;0
vpja16;21;9754;10000;46;-281,4;246;255000
vpja16;22;275;478;-35,6;-100,2;203;255000
vpja16;22;577;689;-79,4;227,4;112;0
vpja16;22;719;758;-80,3000000000001;228,5;39;0
vpja16;22;831;1102;-528,2;170,4;271;255
vpja16;22;1123;1394;-546,8;163,6;271;255
vpja16;22;1473;1673;-72,2;-64,9;200;2,55e+08
vpja16;22;1700;1821;-52;-92,5;121;255000
vpja16;22;1892;2096;-80,9;283,9;204;255255000
vpja16;22;2122;2374;-86,2;320,7;252;255255000
vpja16;22;2416;2645;-76,9;256,1;229;255255000
vpja16;22;2668;2862;-79,2;286,6;194;255255000
vpja16;22;3216;3312;-81,5;321,9;96;255255000
vpja16;22;3332;3512;-77,1;346,8;180;255255000
vpja16;22;3575;3837;-548,7;197,8;262;255
vpja16;22;3858;4444;-548,2;169,6;586;255
vpja16;22;4719;5104;-77,8000000000001;267,8;385;255255000
vpja16;22;5175;5329;-2,70000000000005;-115,9;154;255000
vpja16;22;5356;5618;-35,2;-112;262;255000
vpja16;22;5659;5969;69,5;-217,3;310;255000
vpja16;22;6023;6265;106,3;-16,8000000000001;242;2,55e+08
vpja16;22;6323;6485;177,3;172,8;162;2,55e+08
vpja16;22;6518;6691;326,5;314,3;173;0
vpja16;22;6751;7046;11,1;187,7;295;255255000
vpja16;22;7079;7260;-87,2;261,6;181;255255000
vpja16;22;7337;7484;-504;207,8;147;255
vpja16;22;7515;7624;-520,3;145,8;109;255
vpja16;22;7694;7904;-39,4;-119,6;210;255000
vpja16;22;7924;8175;-47,3000000000001;-98,1;251;255000
vpja16;22;8388;8484;-146;-139,5;96;0
vpja16;22;8527;8701;-168,6;-272;174;0
vpja16;22;8777;8964;-291,9;84,8;187;0
vpja16;22;8988;9105;-319,1;80,6999999999999;117;0
vpja16;22;9163;9473;-91,6;261,8;310;255255000
vpja16;22;9491;9668;-91,8000000000001;293,7;177;255255000
vpja16;22;9738;9830;-21,4;-30,7;92;2,55e+08
vpja16;22;9866;10000;-45,4;-118,8;134;255000
vpja16;23;348;597;-36,1;-246,5;249;0
vpja16;23;622;1158;-20,6;-281;536;255000
vpja16;23;1193;1391;6;-167,7;198;2,55e+08
vpja16;23;1441;1618;-27,2;-16;177;255255000
vpja16;23;1670;2028;-214;-19;358;255
vpja16;23;2076;2451;-68,9000000000001;-20,1;375;255255000
vpja16;23;2497;2867;-36,6;-82,5;370;255255000
vpja16;23;2879;3073;-34,9000000000001;-70,3;194;255255000
vpja16;23;3111;3252;-106;-167,1;141;0
vpja16;23;3303;3483;-226,3;-51,8;180;0
vpja16;23;3507;3878;-234,6;-30,6;371;255
vpja16;23;3941;4148;-144,8;-253,5;207;0
vpja16;23;4194;4348;-15,5;-277;154;255000
vpja16;23;4418;4935;280,1;-39,1999999999999;517;0
vpja16;23;4956;5159;293,7;-21,8;203;0
vpja16;23;5208;5591;437,5;-27,8;383;0
vpja16;23;5613;5828;493,4;-2,5;215;0
vpja16;23;5914;6045;78,2;226;131;2,55e+08
vpja16;23;6096;6268;60,8;407,3;172;2,55e+08
vpja16;23;6307;6526;28,4;440,7;219;2,55e+08
vpja16;23;6631;6939;-235,5;198,7;308;0
vpja16;23;6985;7225;-562,1;94,1;240;0
vpja16;23;7310;7439;-91,2;-245,1;129;0
vpja16;23;7480;7701;-27,8000000000001;-267,1;221;0
vpja16;23;7729;8005;-19,6;-287,4;276;255000
vpja16;23;8062;8266;-36,9000000000001;-65,8;204;255255000
vpja16;23;8459;8491;-24,5;-81,6999999999999;32;255255000
vpja16;23;8499;8734;-48,8000000000001;-49,5;235;255255000
vpja16;23;8762;8947;-49,9000000000001;13;185;255255000
vpja16;23;8998;9294;-233,8;-19,6999999999999;296;255
vpja16;23;9360;9627;-192,5;-230,8;267;0
vpja16;23;9665;9832;-139,7;-304,4;167;0
vpja16;24;462;749;289,777397260274;120,557876712329;287;255
vpja16;24;788;981;373,377397260274;69,4578767123288;193;255
vpja16;24;1060;1221;-50,222602739726;42,4578767123288;161;255255000
vpja16;24;1258;1481;-100,622602739726;61,4578767123288;223;255255000
vpja16;24;1549;1847;154,077397260274;-273,442123287671;298;255000
vpja16;24;1866;2046;150,377397260274;-247,342123287671;180;2,55e+08
vpja16;24;2118;2348;-83,4226027397259;41,0578767123287;230;255255000
vpja16;24;2372;2541;-111,122602739726;75,1578767123287;169;255255000
vpja16;24;2580;2776;-285,322602739726;2,55787671232872;196;0
vpja16;24;2964;3152;-400,722602739726;73,8578767123288;188;0
vpja16;24;3210;3351;-76,1226027397259;84,1578767123287;141;255255000
vpja16;24;3424;3604;120,577397260274;-247,742123287671;180;2,55e+08
vpja16;24;3627;3882;149,977397260274;-259,842123287671;255;255000
vpja16;24;3932;4099;119,877397260274;-133,142123287671;167;2,55e+08
vpja16;24;4134;4377;128,077397260274;-205,642123287671;243;2,55e+08
vpja16;24;4410;4743;163,977397260274;-274,042123287671;333;255000
vpja16;24;4756;4950;155,177397260274;-257,942123287671;194;255000
vpja16;24;4987;5312;167,577397260274;-327,042123287671;325;255000
vpja16;24;5518;5543;153,277397260274;-303,842123287671;25;255000
vpja16;24;5564;5793;138,077397260274;-232,842123287671;229;2,55e+08
vpja16;24;5843;6386;144,777397260274;-109,342123287671;543;2,55e+08
vpja16;24;6408;6763;128,577397260274;-133,842123287671;355;2,55e+08
vpja16;24;7065;7181;299,877397260274;79,7578767123288;116;255
vpja16;24;7206;7520;281,277397260274;124,157876712329;314;255
vpja16;24;7547;7774;333,177397260274;111,757876712329;227;255
vpja16;24;7806;8084;416,577397260274;47,1578767123287;278;0
vpja16;24;8105;8283;448,877397260274;27,3578767123288;178;255
vpja16;24;8341;8528;134,277397260274;-232,642123287671;187;2,55e+08
vpja16;24;8558;8780;160,577397260274;-285,542123287671;222;255000
vpja16;24;8791;9017;158,977397260274;-274,942123287671;226;255000
vpja16;24;9066;9193;-15,1226027397259;-67,6421232876712;127;0
vpja16;24;9236;9446;-70,8226027397259;5,35787671232879;210;255255000
vpja16;24;9476;9788;-100,522602739726;59,9578767123288;312;255255000
vpja16;24;9843;10000;132,877397260274;132,057876712329;157;0
vpja16;25;295;404;-171,93698630137;179,160273972603;109;2,55e+08
vpja16;25;764;1083;-238,73698630137;-184,439726027397;319;2,55e+08
vpja16;25;1186;1225;-445,93698630137;271,360273972603;39;255255000
vpja16;25;1249;1282;-444,23698630137;272,860273972603;33;255255000
vpja16;25;1333;1670;-489,53698630137;298,060273972603;337;0
vpja16;25;1687;2080;-489,03698630137;277,260273972603;393;0
vpja16;25;3364;3542;156,36301369863;87,7602739726027;178;0
vpja16;25;3601;3795;136,66301369863;-124,339726027397;194;0
vpja16;25;3841;3962;-155,33698630137;-186,839726027397;121;0
vpja16;25;4002;4309;-230,33698630137;-184,139726027397;307;2,55e+08
vpja16;25;4328;4604;-234,03698630137;-205,639726027397;276;255000
vpja16;25;4621;4764;-236,43698630137;-189,739726027397;143;255000
vpja16;25;4812;5381;-101,53698630137;-191,039726027397;569;0
vpja16;25;5407;5652;-89,93698630137;-154,339726027397;245;0
vpja16;25;5721;5897;-266,23698630137;64,1602739726027;176;2,55e+08
vpja16;25;5948;6235;-123,43698630137;-174,339726027397;287;0
vpja16;25;6258;6382;-149,43698630137;-182,239726027397;124;0
vpja16;25;6432;6621;-271,93698630137;8,86027397260273;189;2,55e+08
vpja16;25;6672;6894;-269,23698630137;173,060273972603;222;2,55e+08
vpja16;25;6968;7194;-236,23698630137;-208,339726027397;226;255000
vpja16;25;7213;7367;-244,33698630137;-203,939726027397;154;255000
vpja16;25;7419;7605;-42,1369863013699;-236,639726027397;186;0
vpja16;25;7812;7909;172,96301369863;-252,139726027397;97;0
vpja16;25;7948;8152;278,56301369863;-322,439726027397;204;0
vpja16;25;8324;8497;-238,43698630137;-180,039726027397;173;2,55e+08
vpja16;25;8524;8754;-234,13698630137;-222,939726027397;230;255000
vpja16;25;8768;9478;-236,73698630137;-205,939726027397;710;255000
vpja16;25;9528;9559;-66,7369863013699;-188,239726027397;31;0
vpja16;25;9730;9867;-61,43698630137;-153,639726027397;137;0
vpja16;25;9918;10000;-222,63698630137;-204,639726027397;82;255000
vpja16;26;244;538;143,9;-93;294;2,55e+08
vpja16;26;645;692;-116,2;214,6;47;255
vpja16;26;1074;1363;-197,9;-159,5;289;0
vpja16;26;1413;1796;-38;-210,5;383;0
vpja16;26;1832;1976;-134,5;-223,5;144;0
vpja16;26;2035;2301;-402,7;-80,9;266;0
vpja16;26;2385;2488;-152,6;188,5;103;0
vpja16;26;2573;2598;1181,7;-870,3;25;NA
vpja16;26;3043;3271;325,6;380,6;228;255255000
vpja16;26;3298;3553;287,3;383,6;255;255255000
vpja16;26;5073;5296;101,4;122,7;223;2,55e+08
vpja16;26;5357;5584;156,3;-88,3;227;2,55e+08
vpja16;26;5603;5929;152,5;-121,7;326;255000
vpja16;26;5992;6202;397,6;56,3000000000001;210;0
vpja16;26;6232;6450;424,4;107,1;218;0
vpja16;26;6511;6800;362,2;-64,3;289;0
vpja16;26;6842;7115;97,8999999999999;-114,3;273;0
vpja16;26;7154;7443;149,4;-107,8;289;255000
vpja16;26;7455;7619;146,2;-122,7;164;255000
vpja16;26;7688;7897;-222,3;-15,9;209;0
vpja16;26;7957;8082;116,1;-99,9;125;2,55e+08
vpja16;26;8108;8432;142,5;-113,7;324;255000
vpja16;26;8462;8619;71,0999999999999;-32,8;157;2,55e+08
vpja16;26;8821;8909;71,8;-22,3;88;2,55e+08
vpja16;26;8947;9188;139,2;-118,9;241;255000
vpja16;26;9211;9514;151,3;-117,3;303;255000
vpja16;26;9523;9761;154;-106;238;255000
vpja16;26;9772;10000;154,7;-119,5;228;255000
