vp;trial;timest;timeend;x;y;duration;roi
vpja59;1;416;470;88,8000000000001;-255,7;54;2,55e+08
vpja59;1;492;669;96,9;-295;177;255000
vpja59;1;681;1709;90,9999999999999;-284,9;1028;255000
vpja59;1;1716;2061;105,2;-290,1;345;255000
vpja59;1;2073;2420;94,8000000000001;-292,7;347;255000
vpja59;1;2495;2598;420,2;27,8;103;255
vpja59;1;2635;2838;441,3;106,8;203;255
vpja59;1;2854;4142;461,2;76,8;1288;255
vpja59;1;4221;5376;103,4;-303,2;1155;255000
vpja59;1;5385;6149;91,9;-315,6;764;255000
vpja59;1;6179;6612;115,4;-311;433;255000
vpja59;1;6627;6765;95,1999999999999;-314,3;138;255000
vpja59;1;6844;6997;414,5;17,5999999999999;153;255
vpja59;1;7022;7233;447,5;68,5;211;255
vpja59;1;7439;7494;478,8;64,6999999999999;55;255
vpja59;1;7517;8354;451,8;64,5999999999999;837;255
vpja59;1;8366;9387;454,9;86,5;1021;255
vpja59;1;9412;9560;441,8;35,9;148;255
vpja59;1;9640;9784;123,6;-294,7;144;255000
vpja59;1;9805;10000;112,7;-308,9;195;255000
vpja59;2;294;403;-34,6999999999999;-244,1;109;255000
vpja59;2;418;725;-44,6999999999999;-250,1;307;255000
vpja59;2;745;900;-9,39999999999998;-252,6;155;255000
vpja59;2;978;1144;411,4;228,9;166;255
vpja59;2;1167;1436;426,6;274,7;269;255
vpja59;2;1457;1943;397,8;227,9;486;255
vpja59;2;1967;2303;464,3;269,2;336;255
vpja59;2;2325;2553;444,7;312,5;228;255
vpja59;2;2568;3117;424,5;316,8;549;255
vpja59;2;3150;3311;469,3;226,1;161;255
vpja59;2;3407;3506;21,2;-246,3;99;0
vpja59;2;3531;3776;-31;-252,5;245;255000
vpja59;2;3795;4238;-53,6999999999999;-255,5;443;255000
vpja59;2;4258;4511;-18,0999999999999;-251,7;253;255000
vpja59;2;4530;4839;-54,8;-248,9;309;255000
vpja59;2;4861;5162;-20,6999999999999;-243,3;301;255000
vpja59;2;5250;5497;392,1;240,6;247;255
vpja59;2;5523;5780;445,8;282,3;257;255
vpja59;2;5795;6019;421,6;298,2;224;255
vpja59;2;6034;6257;407,5;333,6;223;0
vpja59;2;6267;6655;404,3;352;388;0
vpja59;2;6758;6878;-367;303;120;255255000
vpja59;2;6905;7160;-413,5;267,8;255;255255000
vpja59;2;7174;7335;-422,7;243,9;161;255255000
vpja59;2;7507;7652;-36;-283,4;145;255000
vpja59;2;7663;8253;-54,8;-269,4;590;255000
vpja59;2;8276;8563;-12;-264,3;287;255000
vpja59;2;8582;9160;-47,0999999999999;-265;578;255000
vpja59;2;9172;9433;-58,4;-268,8;261;255000
vpja59;2;9455;9627;-13,9;-259,4;172;255000
vpja59;2;9637;9958;-2,59999999999991;-261,9;321;255000
vpja59;3;272;469;120,1;-110,3;197;255000
vpja59;3;481;1194;121,7;-106,6;713;255000
vpja59;3;1202;1540;105,2;-101,1;338;255000
vpja59;3;1609;1820;-188,6;308,6;211;255
vpja59;3;1838;2028;-220;295,7;190;255
vpja59;3;2045;2198;-236,3;294,8;153;255
vpja59;3;2278;2421;126,6;-126,3;143;255000
vpja59;3;2439;2752;107,5;-99,4999999999999;313;255000
vpja59;3;2768;2999;129,3;-104,6;231;255000
vpja59;3;3010;3698;116,3;-106,5;688;255000
vpja59;3;3746;4210;-19,7;62,7;464;0
vpja59;3;4273;4488;413,8;205,2;215;0
vpja59;3;4500;5078;404,3;191,6;578;0
vpja59;3;5135;5250;365,3;456,1;115;255255000
vpja59;3;5267;5552;387,3;439,5;285;255255000
vpja59;3;5574;6016;354,2;383,5;442;255255000
vpja59;3;6044;6618;446,8;282;574;0
vpja59;3;6653;6855;399,9;192,1;202;0
vpja59;3;6873;7111;401,7;152,5;238;0
vpja59;3;7176;7335;313,4;-212,9;159;0
vpja59;3;7411;7537;-95,2;-272,1;126;0
vpja59;3;7610;8242;-494,4;-246,4;632;0
vpja59;3;8265;8668;-521,4;-252;403;0
vpja59;3;8738;9043;-463,5;54,6;305;0
vpja59;3;9136;9248;112,9;-142,1;112;255000
vpja59;3;9273;9800;118,7;-105,3;527;255000
vpja59;3;9818;9999;111,1;-111,9;181;255000
vpja59;4;256;1223;-98,3;-152;967;255000
vpja59;4;1232;1450;-83,1;-168,3;218;255000
vpja59;4;1524;1698;7,70000000000005;145,6;174;255
vpja59;4;1713;2734;9,70000000000005;115,5;1021;255
vpja59;4;2779;3652;-82,2;-171,5;873;255000
vpja59;4;3659;4366;-77,8;-178;707;255000
vpja59;4;4429;4752;-259,9;142;323;255255000
vpja59;4;4777;4844;-217,4;132,7;67;0
vpja59;4;4937;5141;36,2;-357,8;204;0
vpja59;4;5168;5414;127,2;-380,7;246;0
vpja59;4;5453;5813;226,5;-388,5;360;0
vpja59;4;5833;6048;175;-395,8;215;0
vpja59;4;6092;6729;-2,29999999999995;-372;637;0
vpja59;4;6786;6932;-80,7;-146,2;146;255000
vpja59;4;6949;7680;-72,3;-180,8;731;255000
vpja59;4;7867;7929;-106,1;-205,3;62;255000
vpja59;4;7953;9187;-65;-196,7;1234;255000
vpja59;4;9204;9484;-43;-182,6;280;0
vpja59;4;9537;10000;68,8;-392,7;463;0
vpja59;5;274;459;-43;-269;185;255000
vpja59;5;472;971;-66,1;-257,5;499;255000
vpja59;5;985;1297;-68,7;-226,1;312;0
vpja59;5;1309;1740;-80;-248,7;431;0
vpja59;5;1756;2169;-72,8000000000001;-265,7;413;255000
vpja59;5;2185;3327;-104,8;-263;1142;0
vpja59;5;3335;3535;-93,3000000000001;-265,2;200;0
vpja59;5;3556;3802;-53,6;-267,9;246;255000
vpja59;5;3826;4171;-69,9;-232,1;345;255000
vpja59;5;4189;4844;-67,5;-276,1;655;255000
vpja59;5;4858;5530;-80,9;-279,6;672;255000
vpja59;5;5540;5764;-88,8000000000001;-276,8;224;255000
vpja59;5;5782;6388;-56,6;-277,7;606;255000
vpja59;5;6473;6651;-269,6;108,5;178;255
vpja59;5;6698;7239;-349,6;164,9;541;255
vpja59;5;7325;7866;-72,3000000000001;-273,1;541;255000
vpja59;5;7945;8250;335;193,5;305;255255000
vpja59;5;8272;8535;362,9;224,8;263;255255000
vpja59;5;8585;8955;468,2;-70,2;370;0
vpja59;5;8997;9124;304,6;-65,2;127;0
vpja59;5;9140;9908;284,7;-67,6;768;0
vpja59;5;9928;10000;266,4;-70,1;72;0
vpja59;6;317;474;-61;-214,6;157;255000
vpja59;6;490;621;-57,8;-223,8;131;255000
vpja59;6;917;1255;-74,6999999999999;-222;338;255000
vpja59;6;1274;1531;-79,3;-187,9;257;255000
vpja59;6;1550;1811;-70,1999999999999;-233,1;261;255000
vpja59;6;1843;2034;-61,4;-246,6;191;255000
vpja59;6;2047;2544;-48,1;-248,1;497;255000
vpja59;6;2612;2726;108,5;184,3;114;0
vpja59;6;2749;2979;150,2;159,3;230;255
vpja59;6;2996;3390;175,3;169,6;394;255
vpja59;6;3407;3621;157,1;168,1;214;255
vpja59;6;3685;3840;-247,7;275,1;155;0
vpja59;6;3860;4162;-223,2;265,5;302;0
vpja59;6;4185;4567;-289,6;249,4;382;0
vpja59;6;4591;5165;-221,3;272,6;574;0
vpja59;6;5172;6024;-210,8;265,9;852;0
vpja59;6;6032;6258;-186,7;257,6;226;255255000
vpja59;6;6325;6524;-246,5;-81,7;199;2,55e+08
vpja59;6;6570;6711;-99,4;-247,6;141;255000
vpja59;6;6737;7092;-59,6;-227,6;355;255000
vpja59;6;7134;7332;-176,6;-57,7;198;2,55e+08
vpja59;6;7351;7858;-156,8;-65,2;507;2,55e+08
vpja59;6;7893;8357;-193,8;-208,7;464;255000
vpja59;6;8426;8663;-458,3;49,1;237;0
vpja59;6;8704;8971;-549,7;156;267;0
vpja59;6;9175;9250;-226,4;218,5;75;255255000
vpja59;6;9292;9470;-203,4;263,5;178;0
vpja59;6;9481;10000;-195,6;270,5;519;0
vpja59;7;276;499;114,9;-247,7;223;255000
vpja59;7;512;852;98,1999999999999;-244,7;340;255000
vpja59;7;863;1062;89,6999999999999;-228,9;199;255000
vpja59;7;1073;1290;92,1999999999999;-238,6;217;255000
vpja59;7;1297;1433;97,8000000000001;-247,2;136;255000
vpja59;7;1526;1785;-449,6;81,5;259;255
vpja59;7;1811;2397;-411,5;96,7;586;255
vpja59;7;2419;2552;-439,4;101,6;133;255
vpja59;7;2643;3411;250,1;197,7;768;255255000
vpja59;7;3493;3651;386,3;-267,6;158;0
vpja59;7;3674;3839;423,1;-297,7;165;0
vpja59;7;3866;4036;494,7;-367,8;170;0
vpja59;7;4064;4212;380,4;-401,2;148;0
vpja59;7;4227;4390;392;-419,3;163;0
vpja59;7;4407;4646;378,8;-395,5;239;0
vpja59;7;4664;5017;386,5;-362,3;353;0
vpja59;7;5040;5255;387,3;-423,9;215;0
vpja59;7;5266;5396;398,6;-434,8;130;0
vpja59;7;5441;5811;566,2;-414,6;370;0
vpja59;7;6008;6103;538,8;-358,9;95;0
vpja59;7;6119;6445;536,2;-333,5;326;0
vpja59;7;6470;6694;506,9;-313,5;224;0
vpja59;7;6714;6955;536,5;-329;241;0
vpja59;7;7001;7184;391,3;-409,6;183;0
vpja59;7;7207;7603;390,4;-368,4;396;0
vpja59;7;7621;7825;394,4;-405,8;204;0
vpja59;7;7833;8494;394,5;-424;661;0
vpja59;7;8546;8770;369,8;-428,5;224;0
vpja59;7;8805;9358;441,8;-453,7;553;0
vpja59;7;9402;9493;414,8;-345,3;91;0
vpja59;7;9510;9750;407,5;-364;240;0
vpja59;7;9761;9931;400,1;-382,5;170;0
vpja59;8;288;403;-12,6;-244;115;255000
vpja59;8;416;980;-34,8;-252,1;564;255000
vpja59;8;1049;1261;-354,8;92,1999999999999;212;255
vpja59;8;1279;2275;-370,4;119;996;255
vpja59;8;2362;3347;263,8;170,5;985;0
vpja59;8;3429;3599;-380;139,1;170;0
vpja59;8;3620;4078;-403,9;137,6;458;0
vpja59;8;4151;4311;-54,6;-234;160;0
vpja59;8;4323;4874;-48;-255,6;551;0
vpja59;8;4887;5279;-33,4;-254,2;392;255000
vpja59;8;5372;5575;557,7;21,6;203;0
vpja59;8;5598;5817;537,4;-26,7;219;0
vpja59;8;5841;6089;577;-75,9;248;0
vpja59;8;6133;6559;491,1;-268,1;426;0
vpja59;8;6582;6876;549,3;-283,5;294;0
vpja59;8;6975;7084;-41,5;-268,3;109;0
vpja59;8;7098;7549;-55,5;-261,2;451;0
vpja59;8;7642;7878;-353,4;126,1;236;255
vpja59;8;7901;8911;-372,5;118,4;1010;255
vpja59;8;8927;9327;-384,9;104,7;400;0
vpja59;8;9346;9627;-402,3;130,6;281;0
vpja59;8;9643;9752;-397,8;162,5;109;0
vpja59;9;265;712;-47;-189,3;447;255000
vpja59;9;725;999;-32,9;-192,3;274;255000
vpja59;9;1017;1364;-44,7;-163,4;347;255000
vpja59;9;1386;1435;-89,6;-157,6;49;0
vpja59;9;1458;1664;-46,6;-195;206;255000
vpja59;9;1675;1848;-26,7;-198,3;173;255000
vpja59;9;1868;1994;-62,5;-196,8;126;255000
vpja59;9;2010;2276;-78,6;-190,2;266;255000
vpja59;9;2346;2585;-387,6;204,7;239;255
vpja59;9;2609;3248;-333,4;157,2;639;255
vpja59;9;3330;4029;376,4;254;699;255255000
vpja59;9;4117;4221;-15,9;-177,2;104;255000
vpja59;9;4243;4610;-52;-191,2;367;255000
vpja59;9;4621;5223;-78,2;-188,3;602;255000
vpja59;9;5240;5562;-50,5;-184,5;322;255000
vpja59;9;5579;5817;-65,2;-193,1;238;255000
vpja59;9;5829;6022;-38,7;-191,5;193;255000
vpja59;9;6029;6220;-31;-194,2;191;255000
vpja59;9;6235;6965;-42,7;-187,2;730;255000
vpja59;9;6977;7134;-30,5;-191,6;157;255000
vpja59;9;7197;7318;-29,8000000000001;-190,1;121;255000
vpja59;9;7337;7963;-77,6;-188,5;626;255000
vpja59;9;7984;8452;-38,1;-184,3;468;255000
vpja59;9;8525;8753;-534,2;13,9;228;0
vpja59;9;8778;8893;-515,7;62,4;115;0
vpja59;9;8923;9180;-403;-34,9;257;0
vpja59;9;9199;9723;-410,5;-9,10000000000002;524;0
vpja59;9;9749;10000;-414,7;-77,6999999999999;251;0
vpja59;10;312;446;-159,4;-236;134;255000
vpja59;10;470;1961;-212,9;-226,6;1491;255000
vpja59;10;2021;2197;-65;46,6999999999999;176;255
vpja59;10;2217;2451;-44,1999999999999;63;234;255
vpja59;10;2470;3276;-74,1;63,6999999999999;806;255
vpja59;10;3294;3523;-41,8;64;229;255
vpja59;10;3536;3939;-57,8;64,6;403;255
vpja59;10;3960;4187;-25,8;79,4;227;255
vpja59;10;4206;4579;-48,9;69,1;373;255
vpja59;10;4603;4834;-10,4;73,6;231;255
vpja59;10;4903;5182;-193,3;-229,4;279;255000
vpja59;10;5193;5572;-199;-219;379;2,55e+08
vpja59;10;5581;5885;-213,2;-225,1;304;255000
vpja59;10;5892;6060;-221,8;-224;168;0
vpja59;10;6069;6708;-213,5;-219,6;639;0
vpja59;10;6722;6951;-197;-226,5;229;255000
vpja59;10;6963;7255;-213;-225,5;292;255000
vpja59;10;7262;7468;-216,5;-221,1;206;0
vpja59;10;7479;7813;-207,3;-208,5;334;2,55e+08
vpja59;10;7823;8755;-225,4;-225,5;932;0
vpja59;10;8842;9111;345,7;-409,2;269;0
vpja59;10;9143;9330;521,8;-379,8;187;0
vpja59;10;9378;9650;582,4;-173,7;272;0
vpja59;10;9708;10000;358,7;-77,3000000000001;292;0
vpja59;11;237;500;-360,1;-48,5;263;255000
vpja59;11;517;947;-414,2;-12,6999999999999;430;0
vpja59;11;968;1032;-420,9;-5,09999999999991;64;0
vpja59;11;1943;2072;-419,9;-4,79999999999995;129;0
vpja59;11;2130;2470;-336,1;331,7;340;255
vpja59;11;2532;2741;-375,1;-49,6999999999999;209;255000
vpja59;11;2763;2952;-388,2;-13,0999999999999;189;2,55e+08
vpja59;11;2963;3203;-398,6;-21,9;240;0
vpja59;11;3234;3456;-489,7;-89,8;222;0
vpja59;11;3470;3634;-472,1;-85,9;164;0
vpja59;11;3695;4259;-640,7;-338,7;564;NA
vpja59;11;4308;4415;-634;-153,9;107;0
vpja59;11;4437;4673;-654;-130,2;236;NA
vpja59;11;4701;5003;-550,6;-166,2;302;0
vpja59;11;5051;5155;-374,5;-56,4;104;255000
vpja59;11;5180;5355;-378,4;-31,3;175;255000
vpja59;11;5371;5832;-390,7;-33,9;461;255000
vpja59;11;5849;6148;-379,7;-23,6999999999999;299;255000
vpja59;11;6162;6371;-387,2;-3,39999999999998;209;2,55e+08
vpja59;11;6385;6619;-398,1;-28,8;234;0
vpja59;11;6639;6924;-383,4;6,90000000000009;285;2,55e+08
vpja59;11;6992;7259;-331,3;313,7;267;255
vpja59;11;7323;7706;42,8;-37,1999999999999;383;0
vpja59;11;7728;7846;-5,70000000000005;-47,9;118;0
vpja59;11;7926;8283;534;-54,0999999999999;357;0
vpja59;11;8469;8595;-418,8;1;126;2,55e+08
vpja59;11;8608;9462;-406,7;-27,9;854;0
vpja59;11;9482;9621;-377,8;-17,5;139;255000
vpja59;11;9661;9825;-478,3;-94,9999999999999;164;0
vpja59;11;9833;10000;-462,2;-95,4999999999999;167;0
vpja59;12;267;391;158,3;-271,6;124;255000
vpja59;12;413;785;161,1;-292,5;372;255000
vpja59;12;800;1133;179,2;-291,8;333;255000
vpja59;12;1155;1452;122,5;-297,2;297;255000
vpja59;12;1462;2256;109,5;-299,5;794;255000
vpja59;12;2279;2429;148,1;-289,8;150;255000
vpja59;12;2448;2979;188,8;-296,7;531;255000
vpja59;12;3073;3190;174,1;222,4;117;255
vpja59;12;3222;3452;178,3;330,3;230;255
vpja59;12;3470;4330;209,9;328,2;860;255
vpja59;12;4429;4658;174,7;-293,6;229;255000
vpja59;12;4679;5149;205,2;-307,8;470;255000
vpja59;12;5174;5503;170,6;-247,2;329;255000
vpja59;12;5527;5720;160,1;-310,2;193;255000
vpja59;12;5743;6033;195,9;-303,3;290;255000
vpja59;12;6055;6238;129,4;-303,1;183;255000
vpja59;12;6253;6960;107,6;-297,9;707;255000
vpja59;12;6981;7676;174,3;-279,6;695;255000
vpja59;12;7693;8096;158,6;-297,9;403;255000
vpja59;12;8116;8548;130;-316,2;432;255000
vpja59;12;8679;9098;-356,4;279,2;419;255255000
vpja59;12;9122;9289;-393,2;263,3;167;255255000
vpja59;12;9580;9683;-349,5;260,2;103;255255000
vpja59;12;9758;9976;-422,4;-158,7;218;0
vpja59;13;239;367;-102,5;-250,2;128;255000
vpja59;13;390;883;-146,9;-296,8;493;255000
vpja59;13;903;1045;-130;-308,8;142;255000
vpja59;13;1067;1316;-176,9;-305,8;249;255000
vpja59;13;1340;1639;-118,8;-302,8;299;255000
vpja59;13;1664;1900;-130,4;-241,1;236;255000
vpja59;13;1917;2119;-133,6;-225,3;202;255000
vpja59;13;2217;2929;-441,4;313,9;712;255
vpja59;13;3024;3203;324,7;314,8;179;0
vpja59;13;3224;3452;297,9;312;228;255255000
vpja59;13;3470;3737;321,3;337,8;267;255255000
vpja59;13;3748;3978;311,6;324,2;230;255255000
vpja59;13;4081;4223;-99,7;-271,3;142;255000
vpja59;13;4244;4589;-132,8;-283;345;255000
vpja59;13;4610;4809;-120,5;-281,2;199;255000
vpja59;13;4836;5440;-126,1;-237,6;604;255000
vpja59;13;5460;5952;-110,7;-287,3;492;255000
vpja59;13;5961;6229;-108;-304,8;268;255000
vpja59;13;6311;6499;290;-107,1;188;0
vpja59;13;6534;6692;302,8;-59,8000000000001;158;0
vpja59;13;6745;6974;490,9;42,0999999999999;229;0
vpja59;13;6999;7248;430,5;42,4;249;0
vpja59;13;7272;7483;453,8;79,5999999999999;211;0
vpja59;13;7508;7736;397,1;44,3;228;0
vpja59;13;7786;7991;585,5;59,8;205;0
vpja59;13;8014;8170;557;24,8;156;0
vpja59;13;8188;8349;563,9;-7;161;0
vpja59;13;8410;8677;507,4;-342,4;267;0
vpja59;13;8700;8911;517,1;-322,8;211;0
vpja59;13;9018;9291;-165,2;-294,4;273;255000
vpja59;13;9324;9662;-105,4;-305,3;338;255000
vpja59;13;9685;9999;-151,7;-305;314;255000
vpja59;14;203;430;-71;-83,3;227;255000
vpja59;14;439;1268;-98,9;-65,4;829;0
vpja59;14;1353;1636;138,4;186,7;283;0
vpja59;14;1649;1869;139,9;167,1;220;0
vpja59;14;1962;2323;-514,2;204,3;361;0
vpja59;14;2825;3255;-544,1;192,3;430;255
vpja59;14;3284;3578;-440,1;171;294;255
vpja59;14;3603;4007;-497,9;179;404;255
vpja59;14;4036;4376;-541,7;191,7;340;255
vpja59;14;4410;4916;-450,4;174,9;506;255
vpja59;14;4937;5089;-499,9;166,5;152;255
vpja59;14;5165;5292;-107;-87,1999999999999;127;0
vpja59;14;5315;5932;-99,0999999999999;-71,6;617;255000
vpja59;14;5990;6124;-101,3;-311,6;134;0
vpja59;14;6140;6548;-125,9;-333,7;408;0
vpja59;14;6561;6840;-131,4;-312,1;279;0
vpja59;14;6858;7245;-124,2;-341,3;387;0
vpja59;14;7390;7640;-125,9;-324,8;250;0
vpja59;14;7704;7823;-95,1999999999999;-53,3;119;2,55e+08
vpja59;14;7836;9161;-99,1999999999999;-74,3;1325;255000
vpja59;14;9168;9578;-103,7;-81,1999999999999;410;0
vpja59;14;9625;9680;77,7;-48,9;55;0
vpja59;14;9708;9877;-57;-66,6;169;2,55e+08
vpja59;14;9902;10000;-89,8;-78,1;98;255000
vpja59;15;219;457;-22,5999999999999;-127,3;238;255000
vpja59;15;465;761;-38,4;-117,5;296;255000
vpja59;15;782;903;-46,6999999999999;-96,4;121;255000
vpja59;15;987;1204;-519,3;174,7;217;255
vpja59;15;1226;1550;-530;175,4;324;255
vpja59;15;1621;1966;-83,4;277,4;345;255255000
vpja59;15;1987;2401;-85,4;318,3;414;255255000
vpja59;15;2473;2684;-35,1999999999999;-105,8;211;255000
vpja59;15;2703;4521;-47,9;-111,9;1818;255000
vpja59;15;4536;4746;-55,5;-106,7;210;255000
vpja59;15;4762;4993;-50,0999999999999;-111,9;231;255000
vpja59;15;5033;5235;28,3000000000001;-189,2;202;255000
vpja59;15;5263;5428;-38,5999999999999;-144,1;165;255000
vpja59;15;5445;5950;-43,5;-128;505;255000
vpja59;15;6012;7005;58,5;92,4;993;2,55e+08
vpja59;15;7032;7203;27,7;163,1;171;2,55e+08
vpja59;15;7224;7893;31,6;178,7;669;255255000
vpja59;15;7937;8319;-70,0999999999999;250;382;255255000
vpja59;15;8404;8626;-503,7;189,5;222;255
vpja59;15;8649;9237;-528,7;179,5;588;255
vpja59;15;9334;9422;-267,2;-264,1;88;0
vpja59;15;9462;9657;-112,4;-304,7;195;0
vpja59;15;9723;9969;360,3;-235,9;246;0
vpja59;16;217;339;0,700000000000045;-169,5;122;255000
vpja59;16;359;932;16,6;-167,2;573;255000
vpja59;16;951;1084;37,6;-172,7;133;255000
vpja59;16;1149;1591;244,9;212,8;442;0
vpja59;16;1599;1946;240;198,1;347;255
vpja59;16;1967;2254;274,4;204,4;287;255
vpja59;16;2354;2693;-341,7;176,2;339;255255000
vpja59;16;2708;3213;-356,4;163,1;505;0
vpja59;16;3299;3463;271,4;224,2;164;0
vpja59;16;3483;3732;248;197,5;249;255
vpja59;16;3752;4103;221,1;196;351;255
vpja59;16;4171;4307;48,5;-181,9;136;255000
vpja59;16;4330;4507;26;-170,1;177;255000
vpja59;16;4522;4838;11,7;-175,3;316;255000
vpja59;16;4853;5115;35,9;-175,4;262;255000
vpja59;16;5135;5471;21,4;-139,8;336;255000
vpja59;16;5482;5685;10,8;-126,6;203;2,55e+08
vpja59;16;5710;5876;25,5;-178,2;166;255000
vpja59;16;5894;6246;45,9000000000001;-175,2;352;255000
vpja59;16;6264;6637;18,9;-173,9;373;255000
vpja59;16;6655;6911;48;-173,7;256;255000
vpja59;16;6926;7180;25,8;-171,6;254;255000
vpja59;16;7196;7565;4,39999999999998;-166;369;255000
vpja59;16;7580;7866;-3,20000000000005;-145,2;286;2,55e+08
vpja59;16;7883;8075;9,10000000000002;-169,2;192;255000
vpja59;16;8098;8458;39,5;-173,9;360;255000
vpja59;16;8520;8630;154,2;122,7;110;0
vpja59;16;8657;9306;202;177,5;649;255
vpja59;16;9330;9604;231,5;196;274;255
vpja59;16;9617;9726;209,6;201,3;109;255
vpja59;16;9795;9999;-3,89999999999998;-185,8;204;255000
vpja59;17;291;415;-399,3;-222,6;124;255000
vpja59;17;435;816;-433,5;-248,7;381;255000
vpja59;17;836;1087;-414,9;-256,9;251;255000
vpja59;17;1111;1528;-428,1;-244,3;417;255000
vpja59;17;1614;1720;-496,2;253,8;106;255
vpja59;17;1759;1934;-515,4;306,3;175;255
vpja59;17;2027;2191;100,6;164,4;164;255255000
vpja59;17;2215;2710;76,5;184;495;255255000
vpja59;17;2732;3051;109,6;212,1;319;255255000
vpja59;17;3075;3478;49,6000000000001;200,6;403;255255000
vpja59;17;3502;3761;87,1000000000001;218,9;259;255255000
vpja59;17;3785;4135;47;212,6;350;255255000
vpja59;17;4157;4634;71,7;195,8;477;255255000
vpja59;17;4681;4876;76,8;-31;195;0
vpja59;17;4938;5136;406,7;-168;198;0
vpja59;17;5146;5945;405,6;-169;799;0
vpja59;17;6021;6215;35,7;176,6;194;255255000
vpja59;17;6240;6603;64,9000000000001;188,7;363;255255000
vpja59;17;6652;7018;34,1;-66;366;0
vpja59;17;7110;7368;-439;-259,8;258;255000
vpja59;17;7400;8133;-400,4;-276,3;733;255000
vpja59;17;8157;9002;-408,3;-287,8;845;255000
vpja59;17;9024;9298;-379,5;-295,6;274;255000
vpja59;17;9320;9718;-409,2;-295,7;398;255000
vpja59;17;9807;9960;-510,3;215,7;153;0
vpja59;18;327;506;-58;-362,3;179;255000
vpja59;18;517;763;-69,3;-368;246;255000
vpja59;18;785;1118;-39;-366,5;333;255000
vpja59;18;1228;1398;479,8;358,5;170;255
vpja59;18;1433;1600;451,4;388,6;167;255
vpja59;18;1660;1825;225,5;282,6;165;255
vpja59;18;1934;2103;-581,2;411,2;169;255255000
vpja59;18;2136;2388;-606,9;436,1;252;255255000
vpja59;18;2503;2623;-130,7;-382,9;120;255000
vpja59;18;2661;2910;-75,5;-372,4;249;255000
vpja59;18;2934;3168;-46,7;-374,8;234;255000
vpja59;18;3193;3438;-71,8;-377,9;245;255000
vpja59;18;3462;3643;-71,5;-326,5;181;255000
vpja59;18;3659;4089;-65,2;-305;430;255000
vpja59;18;4113;4355;-72;-375,5;242;255000
vpja59;18;4397;4465;64;-339,8;68;0
vpja59;18;4495;4728;164,8;-243,4;233;0
vpja59;18;4751;4948;189,3;-237,3;197;0
vpja59;18;4995;5484;308,5;-329,2;489;0
vpja59;18;5589;5861;-374;-296,7;272;0
vpja59;18;5886;6094;-408,8;-271,1;208;0
vpja59;18;6164;6480;-62,2;-372,2;316;255000
vpja59;18;6503;6694;-32,5;-382,9;191;255000
vpja59;18;6717;6974;-60,1;-346,5;257;255000
vpja59;18;6992;7216;-70,4;-376,6;224;255000
vpja59;18;7238;7360;-30,6;-386,8;122;255000
vpja59;18;7464;7769;602,5;2,10000000000002;305;0
vpja59;18;7799;8139;595,3;120,8;340;0
vpja59;18;8165;8511;544,2;183;346;0
vpja59;18;8680;8869;-21,3;-370,8;189;255000
vpja59;18;8895;9105;-59;-377,7;210;255000
vpja59;18;9125;9384;-88,1;-386,9;259;255000
vpja59;18;9408;9837;-34,9;-386,4;429;255000
vpja59;18;9863;10000;-87;-384,2;137;255000
vpja59;19;19;198;11,1791970802921;-3,2580291970803;179;0
vpja59;19;260;1396;-181,020802919708;-225,25802919708;1136;255000
vpja59;19;1488;1706;-511,420802919708;270,54197080292;218;255
vpja59;19;1742;2062;-489,720802919708;329,04197080292;320;255
vpja59;19;2087;2346;-434,320802919708;316,84197080292;259;255
vpja59;19;2376;2618;-520,020802919708;385,44197080292;242;0
vpja59;19;2647;2894;-419,920802919708;308,64197080292;247;255
vpja59;19;2930;3246;-476,620802919708;331,04197080292;316;255
vpja59;19;3271;3480;-444,220802919708;298,34197080292;209;255
vpja59;19;3508;3687;-512,520802919708;295,74197080292;179;255
vpja59;19;3731;3999;-506,020802919708;102,94197080292;268;0
vpja59;19;4047;4415;-527,420802919708;335,44197080292;368;255
vpja59;19;4480;4655;-198,720802919708;372,94197080292;175;0
vpja59;19;4731;4916;-173,920802919708;-222,55802919708;185;255000
vpja59;19;4936;5282;-185,420802919708;-223,95802919708;346;255000
vpja59;19;5333;5648;-44,1208029197079;-375,65802919708;315;0
vpja59;19;5671;6219;35,0791970802921;-378,65802919708;548;0
vpja59;19;6236;6535;61,479197080292;-394,45802919708;299;0
vpja59;19;6580;7290;-92,0208029197079;-403,25802919708;710;0
vpja59;19;7327;7608;50,5791970802921;-380,45802919708;281;0
vpja59;19;7659;7791;-161,220802919708;-226,15802919708;132;255000
vpja59;19;7813;7960;-178,520802919708;-225,15802919708;147;255000
vpja59;19;7972;9509;-187,720802919708;-224,05802919708;1537;255000
vpja59;19;9516;10000;-185,620802919708;-221,05802919708;484;255000
vpja59;20;234;321;-129,7;-286,6;87;2,55e+08
vpja59;20;350;484;-109,3;-349,2;134;255000
vpja59;20;508;1345;-90,1;-369,9;837;255000
vpja59;20;1438;2173;334,5;100;735;255
vpja59;20;2197;2971;358,1;131,3;774;255
vpja59;20;3063;3182;-60,9;-350,5;119;255000
vpja59;20;3206;4241;-82,9;-352,1;1035;255000
vpja59;20;4249;5754;-79,9;-366,5;1505;255000
vpja59;20;5770;6009;-80,3;-370,3;239;255000
vpja59;20;6079;6465;-74,1999999999999;-88,5;386;2,55e+08
vpja59;20;6509;6660;-105,2;65,8;151;2,55e+08
vpja59;20;6686;6799;-97,5;115,3;113;2,55e+08
vpja59;20;6867;7088;-431,3;198,9;221;255255000
vpja59;20;7123;7859;-470,8;241;736;255255000
vpja59;20;7973;8689;320,9;97,3;716;255
vpja59;20;8714;8885;319,1;197,8;171;255
vpja59;20;8991;9122;-97,6999999999999;-345,8;131;255000
vpja59;20;9146;9428;-75,5;-365,5;282;255000
vpja59;20;9444;9999;-77;-363,6;555;255000
vpja59;21;236;353;-207,5;-184,3;117;255000
vpja59;21;375;624;-262,1;-185,4;249;0
vpja59;21;632;892;-281;-187,2;260;0
vpja59;21;979;1651;-487,1;344,4;672;255
vpja59;21;1733;1946;-299,7;-184,8;213;0
vpja59;21;1965;2685;-272,9;-187,5;720;0
vpja59;21;2778;3048;-471;324,1;270;255
vpja59;21;3078;3397;-457,5;356,4;319;255
vpja59;21;3482;3631;-268,5;-196,1;149;0
vpja59;21;3652;4311;-270,7;-180,6;659;0
vpja59;21;4342;4557;-256,7;-70,6999999999999;215;2,55e+08
vpja59;21;4592;4835;-256,3;-198,2;243;255000
vpja59;21;4849;5122;-241,3;-197;273;255000
vpja59;21;5176;5453;-16,9;-215,8;277;0
vpja59;21;5490;5643;-178,2;-212,4;153;255000
vpja59;21;5689;6221;-2,30000000000007;-219,2;532;0
vpja59;21;6244;6383;-2,20000000000005;-182,9;139;0
vpja59;21;6432;6797;191,8;-217,2;365;0
vpja59;21;6824;7033;280,6;-234,6;209;0
vpja59;21;7059;7269;330,4;-282,4;210;0
vpja59;21;7331;7718;-17,2;-208,5;387;0
vpja59;21;7740;8019;-33,8000000000001;-181;279;0
vpja59;21;8046;8256;-103,2;-135,4;210;2,55e+08
vpja59;21;8277;8460;-79,9;-114,6;183;0
vpja59;21;8518;8625;-236,9;-153,3;107;2,55e+08
vpja59;21;8652;9030;-274,3;-173,1;378;0
vpja59;21;9041;9304;-275,6;-190,6;263;0
vpja59;21;9402;9679;-491,7;362,2;277;255
vpja59;21;9699;9999;-483,5;343,4;300;255
vpja59;22;211;340;44,2315789473683;-34,4052631578948;129;255000
vpja59;22;355;680;59,0315789473683;-36,0052631578948;325;255000
vpja59;22;688;1571;63,7315789473683;-46,8052631578947;883;255000
vpja59;22;1600;1765;-6,66842105263174;21,6947368421053;165;2,55e+08
vpja59;22;1801;2063;-25,9684210526317;75,0947368421052;262;2,55e+08
vpja59;22;2136;2465;306,731578947368;138,894736842105;329;0
vpja59;22;2477;2871;319,731578947368;146,994736842105;394;0
vpja59;22;2935;3080;56,3315789473683;-81,0052631578948;145;255000
vpja59;22;3105;3373;82,2315789473683;-74,9052631578948;268;0
vpja59;22;3383;3936;88,9315789473684;-70,1052631578948;553;0
vpja59;22;4185;4516;79,6315789473682;-71,1052631578948;331;255000
vpja59;22;4551;4760;15,5315789473683;2,69473684210527;209;2,55e+08
vpja59;22;4790;5584;91,1315789473682;-75,3052631578947;794;0
vpja59;22;5778;6520;93,5315789473683;-82,5052631578948;742;0
vpja59;22;6579;6783;-30,3684210526317;87,7947368421053;204;255255000
vpja59;22;6807;7192;-2,76842105263165;71,6947368421053;385;2,55e+08
vpja59;22;7262;7707;325,631578947368;124,094736842105;445;0
vpja59;22;7726;7850;333,931578947368;132,594736842105;124;0
vpja59;22;7908;8163;375,031578947368;-197,405263157895;255;0
vpja59;22;8234;8457;4,0315789473683;-208,905263157895;223;0
vpja59;22;8497;8740;-141,268421052632;-186,805263157895;243;0
vpja59;22;8780;8919;-44,4684210526317;-177,105263157895;139;0
vpja59;22;9011;9488;-566,568421052632;143,094736842105;477;0
vpja59;22;9715;9855;53,5315789473683;-43,4052631578948;140;255000
vpja59;22;9865;10000;58,9315789473684;-26,8052631578947;135;255000
vpja59;23;230;321;2,40000000000009;-216;91;0
vpja59;23;347;481;-24,8;-271,5;134;255000
vpja59;23;500;968;-52;-266,9;468;0
vpja59;23;1026;1285;-113,3;-37,1999999999999;259;0
vpja59;23;1325;1661;-253,2;-0,5;336;255
vpja59;23;1693;2082;-212,6;-4,79999999999995;389;255
vpja59;23;2104;2775;-233,3;-10,5;671;255
vpja59;23;2787;3037;-248,9;-7,29999999999995;250;255
vpja59;23;3107;3270;-62,9;-269,7;163;0
vpja59;23;3293;4102;-48,9;-280;809;0
vpja59;23;4113;4324;-40,5999999999999;-267,7;211;0
vpja59;23;4384;4712;-47,5999999999999;-47,6;328;255255000
vpja59;23;4721;5034;-49,5;-61,4;313;255255000
vpja59;23;5092;5585;-244,6;-17,6999999999999;493;255
vpja59;23;5670;6136;287,1;-305,6;466;0
vpja59;23;6195;6477;501,8;-31,6;282;0
vpja59;23;6504;6776;391,3;-20,5;272;0
vpja59;23;6824;7141;162,1;1;317;0
vpja59;23;7215;7395;-236,2;-206,9;180;0
vpja59;23;7430;7654;-67,8;-267,5;224;0
vpja59;23;7662;8421;-61,3;-272,8;759;0
vpja59;23;8513;8850;22;90,6;337;0
vpja59;23;8895;9077;23;237,1;182;2,55e+08
vpja59;23;9107;9336;28,3000000000001;390,9;229;0
vpja59;23;9360;9752;11,6;421,4;392;0
vpja59;23;9824;10000;-279,9;207,2;176;0
vpja59;24;258;393;-351,313148788927;-168,534948096886;135;255000
vpja59;24;403;765;-375,113148788927;-142,734948096886;362;255000
vpja59;24;774;1013;-368,813148788927;-131,234948096886;239;255000
vpja59;24;1030;1448;-395,213148788927;-129,734948096886;418;0
vpja59;24;1464;1860;-381,213148788927;-129,034948096886;396;0
vpja59;24;1873;2354;-395,913148788927;-117,934948096886;481;0
vpja59;24;2367;2588;-391,613148788927;-133,534948096886;221;0
vpja59;24;2612;2808;-360,113148788927;-136,434948096886;196;255000
vpja59;24;2827;3117;-372,313148788927;-130,134948096886;290;255000
vpja59;24;3158;3276;-343,413148788927;9,46505190311416;118;2,55e+08
vpja59;24;3331;3570;-307,113148788927;205,565051903114;239;255
vpja59;24;3593;3802;-316,613148788927;122,065051903114;209;255
vpja59;24;3825;4371;-266,613148788927;96,5650519031142;546;255
vpja59;24;4425;4583;-377,113148788927;-115,834948096886;158;0
vpja59;24;4593;4832;-377,013148788927;-134,534948096886;239;255000
vpja59;24;4846;5104;-359,013148788927;-137,434948096886;258;255000
vpja59;24;5115;5404;-374,913148788927;-138,534948096886;289;255000
vpja59;24;5416;5705;-380,113148788927;-143,834948096886;289;255000
vpja59;24;5728;5840;-350,113148788927;-144,734948096886;112;255000
vpja59;24;5912;6229;-2,9131487889274;-18,8349480968858;317;255255000
vpja59;24;6256;6615;15,4868512110726;-6,3349480968858;359;255255000
vpja59;24;6683;6866;-382,313148788927;-137,234948096886;183;0
vpja59;24;6879;7260;-401,713148788927;-124,234948096886;381;0
vpja59;24;7275;7675;-377,613148788927;-126,734948096886;400;255000
vpja59;24;7690;7714;-398,013148788927;-139,334948096886;24;0
vpja59;24;7739;8144;-386,113148788927;-133,834948096886;405;0
vpja59;24;8154;8381;-390,413148788927;-137,034948096886;227;0
vpja59;24;8405;8574;-363,513148788927;-134,634948096886;169;255000
vpja59;24;8624;8823;-167,213148788927;-244,634948096886;199;0
vpja59;24;8886;9058;56,0868512110727;-397,134948096886;172;0
vpja59;24;9074;9935;59,8868512110727;-425,334948096886;861;0
vpja59;25;98;233;18,425939849624;-11,777067669173;135;0
vpja59;25;287;767;-94,574060150376;-180,777067669173;480;255000
vpja59;25;826;1633;89,125939849624;106,622932330827;807;255
vpja59;25;1704;1936;-287,474060150376;133,722932330827;232;255255000
vpja59;25;1960;2174;-332,474060150376;143,222932330827;214;0
vpja59;25;2199;2473;-300,074060150376;150,322932330827;274;0
vpja59;25;2496;2989;-251,674060150376;147,322932330827;493;0
vpja59;25;3046;3185;67,125939849624;134,722932330827;139;0
vpja59;25;3202;3462;86,125939849624;118,022932330827;260;0
vpja59;25;3472;4217;74,225939849624;110,922932330827;745;0
vpja59;25;4231;4431;88,5259398496239;108,722932330827;200;255
vpja59;25;4508;4639;374,625939849624;-63,177067669173;131;0
vpja59;25;4662;4840;346,225939849624;-57,977067669173;178;0
vpja59;25;4896;5298;577,825939849624;-188,977067669173;402;0
vpja59;25;5390;5487;100,325939849624;38,122932330827;97;0
vpja59;25;5515;5922;80,8259398496241;98,9229323308271;407;255
vpja59;25;5978;6205;-107,674060150376;-164,277067669173;227;255000
vpja59;25;6213;7494;-108,774060150376;-170,577067669173;1281;255000
vpja59;25;7672;8372;-104,274060150376;-154,977067669173;700;255000
vpja59;25;8440;8835;-274,774060150376;81,522932330827;395;0
vpja59;25;8879;9230;-146,274060150376;-162,677067669173;351;255000
vpja59;25;9257;9522;-107,074060150376;-188,577067669173;265;255000
vpja59;25;9534;10000;-114,474060150376;-186,877067669173;466;255000
vpja59;26;191;245;8,5;-216;54;255000
vpja59;26;274;770;0;-283;496;255000
vpja59;26;782;1008;14,6;-289,1;226;255000
vpja59;26;1027;1262;3,10000000000002;-249,8;235;255000
vpja59;26;1270;1508;2,5;-243,6;238;255000
vpja59;26;1528;1684;2,5;-284,3;156;255000
vpja59;26;1705;2128;18,6;-286,7;423;255000
vpja59;26;2189;2331;-10;-62,1999999999999;142;2,55e+08
vpja59;26;2367;2596;27,1;-33,9;229;2,55e+08
vpja59;26;2678;3714;-344,9;127,8;1036;255
vpja59;26;3743;4085;-482,3;179,1;342;0
vpja59;26;4137;4261;-499,1;283,9;124;0
vpja59;26;4360;4672;276,9;160,2;312;255255000
vpja59;26;4693;5018;305,5;131,1;325;255255000
vpja59;26;5241;5410;-27,9;-285,4;169;255000
vpja59;26;5428;5663;-15,1;-300,8;235;255000
vpja59;26;5676;6115;5,79999999999995;-297;439;255000
vpja59;26;6135;6281;-8,39999999999998;-268,2;146;255000
vpja59;26;6302;6450;-5,5;-236,8;148;255000
vpja59;26;6510;6767;15,2;-38,1999999999999;257;2,55e+08
vpja59;26;6807;7030;157,4;-84;223;2,55e+08
vpja59;26;7056;7222;182;-159,5;166;2,55e+08
vpja59;26;7284;7462;8,89999999999998;-308,6;178;255000
vpja59;26;7487;7722;-17,6;-302,7;235;255000
vpja59;26;7758;8052;-9,79999999999995;-248,2;294;255000
vpja59;26;8078;8281;1;-315,6;203;255000
vpja59;26;8295;8649;8,5;-318,7;354;255000
vpja59;26;8672;9039;-19,7;-295,3;367;255000
vpja59;26;9056;9323;-7,20000000000005;-283,4;267;255000
vpja59;26;9339;9586;-19,3;-303,9;247;255000
vpja59;26;9608;9947;17,3;-313,5;339;255000
