vp;trial;timest;timeend;x;y;duration;roi
vpja91;1;418;1136;-8,7973782771536;-269,629962546817;718;255000
vpja91;1;1193;1379;-149,397378277154;-80,0299625468165;186;2,55e+08
vpja91;1;1409;1600;-70,8973782771535;-114,929962546817;191;2,55e+08
vpja91;1;1673;2103;-329,597378277154;122,270037453183;430;255255000
vpja91;1;2182;2353;-2,09737827715355;-318,129962546817;171;255000
vpja91;1;2374;2793;-12,3973782771535;-297,929962546817;419;255000
vpja91;1;2862;3042;-403,397378277154;-123,029962546816;180;0
vpja91;1;3088;3461;-475,697378277154;-159,529962546816;373;0
vpja91;1;3523;3740;-286,597378277154;145,670037453183;217;0
vpja91;1;3809;4027;282,202621722846;152,770037453183;218;255
vpja91;1;4056;4429;353,202621722846;121,670037453183;373;255
vpja91;1;4478;4694;475,202621722846;-20,0299625468165;216;0
vpja91;1;4731;4939;399,502621722846;-83,9299625468165;208;0
vpja91;1;4963;5154;446,302621722847;-78,8299625468165;191;0
vpja91;1;5213;5385;368,102621722846;-278,029962546816;172;0
vpja91;1;5462;5787;-20,7973782771536;-394,729962546817;325;0
vpja91;1;5835;6233;18,4026217228464;-284,829962546816;398;255000
vpja91;1;6292;6441;-152,997378277154;-32,3299625468165;149;2,55e+08
vpja91;1;6490;6731;-256,997378277154;-81,6299625468165;241;0
vpja91;1;6782;7070;-378,797378277154;-25,7299625468165;288;0
vpja91;1;7123;7279;-460,097378277154;59,8700374531835;156;0
vpja91;1;7363;7538;-442,197378277154;-317,229962546817;175;0
vpja91;1;7598;7816;-93,6973782771536;-351,829962546816;218;0
vpja91;1;7881;8131;197,102621722846;82,9700374531835;250;0
vpja91;1;8214;8552;-244,697378277154;141,870037453183;338;255255000
vpja91;1;8579;8779;-203,397378277154;125,570037453184;200;255255000
vpja91;1;8838;9083;87,8026217228465;14,3700374531835;245;2,55e+08
vpja91;1;9130;9432;-53,6973782771536;-53,2299625468165;302;2,55e+08
vpja91;1;9476;9726;-2,39737827715351;-127,829962546816;250;2,55e+08
vpja91;1;9773;10000;14,3026217228464;-283,429962546817;227;255000
vpja91;2;431;645;-357,793639575972;303,093639575972;214;255
vpja91;2;717;819;-65,1936395759718;-313,806360424028;102;0
vpja91;2;854;1572;-34,5936395759719;-369,406360424028;718;255000
vpja91;2;1686;1834;-426,793639575972;348,693639575972;148;255
vpja91;2;1919;2470;424,506360424028;339,393639575972;551;255255000
vpja91;2;2540;2698;303,106360424028;20,2936395759716;158;0
vpja91;2;2787;2941;-504,193639575972;-110,306360424028;154;0
vpja91;2;2990;3287;-396,093639575972;-250,906360424028;297;0
vpja91;2;3339;3477;-525,793639575972;-292,906360424028;138;0
vpja91;2;3560;3843;309,306360424028;-274,506360424028;283;0
vpja91;2;3876;4127;416,706360424028;-269,906360424028;251;0
vpja91;2;4184;4378;544,206360424028;-95,0063604240283;194;0
vpja91;2;4485;4650;290,406360424028;303,393639575972;165;0
vpja91;2;4715;4906;-86,6936395759718;172,993639575972;191;0
vpja91;2;4961;5255;-295,393639575972;75,0936395759717;294;0
vpja91;2;5289;5404;-293,993639575972;14,8936395759716;115;0
vpja91;2;5437;6070;-342,793639575972;-64,8063604240283;633;0
vpja91;2;6133;6470;-262,693639575972;201,593639575972;337;0
vpja91;2;6491;6680;-232,993639575972;213,593639575972;189;255
vpja91;2;6756;6864;-50,1936395759718;-277,306360424028;108;2,55e+08
vpja91;2;6906;7467;-36,6936395759718;-353,506360424028;561;255000
vpja91;2;7493;8216;-32,1936395759718;-386,406360424028;723;255000
vpja91;2;8227;8357;-6,49363957597188;-385,606360424028;130;255000
vpja91;2;8480;8646;-429,693639575972;210,393639575972;166;0
vpja91;2;8688;9110;-354,193639575972;275,993639575972;422;255
vpja91;2;9182;9418;369,306360424028;334,593639575972;236;0
vpja91;2;9444;9905;412,906360424028;345,693639575972;461;255255000
vpja91;3;365;1287;-78,0999999999999;-242,1;922;255000
vpja91;3;1352;1532;197,8;176,9;180;255
vpja91;3;1557;2001;159,1;149,2;444;255
vpja91;3;3970;4123;-305,9;294,1;153;0
vpja91;3;4164;4249;-453,8;288,7;85;0
vpja91;3;4301;4392;-554,8;160,7;91;0
vpja91;3;4448;4537;-504,9;-94,6;89;0
vpja91;3;4582;4809;-550,1;-284;227;0
vpja91;3;4875;5001;36,1;-292,1;126;0
vpja91;3;5049;5285;354,8;-184,4;236;0
vpja91;3;5327;5552;290,8;-119,8;225;0
vpja91;3;5586;5755;410,5;-53,3000000000001;169;0
vpja91;3;5816;6028;130,1;102,1;212;0
vpja91;3;6055;6304;162,9;134,8;249;255
vpja91;3;6406;6685;-106;-254,9;279;255000
vpja91;3;6709;7420;-68,3;-264;711;255000
vpja91;3;7456;7785;-131,8;-218,8;329;255000
vpja91;3;7810;8855;-76,8;-219,8;1045;255000
vpja91;3;8879;9077;-123,6;-202,5;198;255000
vpja91;3;9101;9949;-70,9;-204,9;848;255000
vpja91;4;10;184;-26,1;-2,10000000000002;174;2,55e+08
vpja91;4;234;395;-44,6999999999999;-207,6;161;2,55e+08
vpja91;4;441;664;-70,4;-344,6;223;255000
vpja91;4;685;964;-77,1999999999999;-362,5;279;255000
vpja91;4;1046;1257;-406,8;194,9;211;255
vpja91;4;1296;1482;-450,7;243,8;186;0
vpja91;4;1501;1673;-440,1;256,8;172;0
vpja91;4;1840;1932;266,4;108,5;92;0
vpja91;4;1947;1992;257,1;149,6;45;255255000
vpja91;4;2071;2252;-329,9;189,1;181;255
vpja91;4;2324;2582;-330,1;-244,4;258;0
vpja91;4;2616;3073;-405,5;-301,6;457;0
vpja91;4;3130;3330;82,4;-261,5;200;0
vpja91;4;3408;3431;439,6;14,8;23;255255000
vpja91;4;3451;3497;433,9;-78,4;46;0
vpja91;4;3575;3650;349,3;-28,1;75;0
vpja91;4;3690;3975;408;47,9;285;255255000
vpja91;4;4067;4200;-398,3;-153,7;133;0
vpja91;4;4258;4570;-21,1;-321,7;312;255000
vpja91;4;4628;4828;-247,4;-268,7;200;0
vpja91;4;4883;5121;-75,4;-218,1;238;2,55e+08
vpja91;4;5171;5395;-58,3;-362,4;224;255000
vpja91;4;5416;6081;-62,6999999999999;-363,9;665;255000
vpja91;4;6160;6807;-358,6;134;647;0
vpja91;4;6837;7034;-401,3;189;197;255
vpja91;4;7105;7321;-410,9;-197;216;0
vpja91;4;7373;7584;-480,4;-319,3;211;0
vpja91;4;7609;7760;-451,7;-286,6;151;0
vpja91;4;7824;8011;1,20000000000005;-289,2;187;255000
vpja91;4;8046;8132;130,8;-306,4;86;0
vpja91;4;8204;8374;-190,9;-222,6;170;0
vpja91;4;8401;8600;-150,6;-174,8;199;0
vpja91;4;8618;9006;-151;-161,4;388;0
vpja91;4;9095;9255;-430,8;212,1;160;255
vpja91;4;9350;9540;437,5;41,5;190;255255000
vpja91;4;9597;9722;553,3;-91,7;125;0
vpja91;4;9800;9957;-41,1999999999999;-348,6;157;255000
vpja91;5;285;654;-21,9;-316,3;369;255000
vpja91;5;674;1307;-56,8;-319;633;255000
vpja91;5;1390;1567;-518,3;156,2;177;255
vpja91;5;1611;1820;-530,6;242;209;255
vpja91;5;1862;1972;-490,5;318,1;110;255
vpja91;5;2037;2405;193,2;347,5;368;255255000
vpja91;5;2493;2723;-314,6;272,9;230;0
vpja91;5;2779;2980;-108,6;278,4;201;0
vpja91;5;3025;3329;154,5;303,8;304;255255000
vpja91;5;3388;3584;422,7;218,7;196;0
vpja91;5;3919;4091;-194,8;0,400000000000091;172;0
vpja91;5;4135;4190;-272,9;55,8000000000001;55;0
vpja91;5;4258;4548;-254,9;-218;290;0
vpja91;5;4586;4874;-302,2;-308,1;288;0
vpja91;5;4941;5217;-360,3;90,6;276;0
vpja91;5;5282;5461;-210,4;-302,2;179;0
vpja91;5;5485;5833;-253,5;-363;348;0
vpja91;5;5872;6223;-390,1;-337,3;351;0
vpja91;5;6292;6569;-485,7;80,2;277;0
vpja91;5;6597;6815;-426,7;131,8;218;0
vpja91;5;6836;7235;-393,4;142,8;399;0
vpja91;5;7287;7547;-473,4;28,7;260;0
vpja91;5;7589;7820;-545,7;61,4000000000001;231;255
vpja91;5;7861;8049;-536,8;126;188;255
vpja91;5;8133;8313;-22,5;-255,8;180;255000
vpja91;5;8352;8494;-11,9;-316,1;142;255000
vpja91;5;8528;8781;-37,4;-351,7;253;255000
vpja91;5;8808;9129;6,39999999999998;-326,3;321;255000
vpja91;5;9152;9441;-29,6;-344,1;289;255000
vpja91;5;9495;9747;118,7;-213;252;0
vpja91;5;9796;10000;-2,60000000000002;-279,7;204;255000
vpja91;6;20;183;28,6;-2,59999999999991;163;2,55e+08
vpja91;6;237;320;21,7;-214,8;83;2,55e+08
vpja91;6;359;677;-10,9;-272,9;318;255000
vpja91;6;691;951;-23;-280,9;260;255000
vpja91;6;1030;1306;-350,9;98,5;276;255
vpja91;6;1343;1764;-386,1;130,9;421;0
vpja91;6;1833;2040;239,4;128,9;207;255255000
vpja91;6;2065;2384;269;83;319;255255000
vpja91;6;2437;2779;591,6;40,4000000000001;342;0
vpja91;6;2916;3052;5,30000000000007;-274,5;136;255000
vpja91;6;3083;3969;-22,9;-281,4;886;255000
vpja91;6;3990;4195;9,89999999999998;-289,1;205;255000
vpja91;6;4219;5043;-6,79999999999995;-281;824;255000
vpja91;6;5141;5295;-327,3;33,9000000000001;154;0
vpja91;6;5326;5572;-371,2;127,5;246;255
vpja91;6;5633;6022;-625,6;70,2;389;0
vpja91;6;6047;6612;-582,1;61,4000000000001;565;0
vpja91;6;6841;6983;-589,7;64,9000000000001;142;0
vpja91;6;7084;7340;506,5;16,5;256;0
vpja91;6;7384;7620;529,4;-53,4;236;0
vpja91;6;7677;7905;179,5;211,3;228;0
vpja91;6;8120;8314;-522,9;127,2;194;0
vpja91;6;8340;8605;-589;146,9;265;0
vpja91;6;8692;8800;119,3;122,7;108;0
vpja91;6;8847;9300;267;106,5;453;255255000
vpja91;6;9390;9869;-398,7;151,6;479;0
vpja91;6;9894;10000;-382,7;125;106;0
vpja91;7;276;328;-270,500709219858;139,863120567376;52;255
vpja91;7;550;808;-3,70070921985803;-257,936879432624;258;255000
vpja91;7;864;1218;304,999290780142;153,363120567376;354;255255000
vpja91;7;1335;1597;-9,20070921985803;-239,436879432624;262;255000
vpja91;7;1621;2231;-1,70070921985803;-259,736879432624;610;255000
vpja91;7;2304;2532;-316,400709219858;178,363120567376;228;255
vpja91;7;3079;3263;-10,000709219858;-231,136879432624;184;255000
vpja91;7;3294;3483;0,699290780141951;-260,436879432624;189;255000
vpja91;7;3537;3947;377,999290780142;-250,836879432624;410;255255255
vpja91;7;4016;4107;106,099290780142;-254,936879432624;91;255255255
vpja91;7;4151;4444;12,199290780142;-270,336879432624;293;255000
vpja91;7;4468;4693;-10,9007092198581;-261,136879432624;225;255000
vpja91;7;4758;5047;-49,4007092198581;165,463120567376;289;255255255
vpja91;7;5106;5411;-301,000709219858;222,363120567376;305;255
vpja91;7;5592;5818;240,299290780142;192,163120567376;226;255255000
vpja91;7;5843;6014;281,099290780142;225,263120567376;171;255255000
vpja91;7;6041;6359;224,499290780142;209,663120567376;318;255255255
vpja91;7;6433;6655;-291,300709219858;201,263120567376;222;255
vpja91;7;7029;7367;271,199290780142;214,863120567376;338;255255000
vpja91;7;7389;7954;237,399290780142;201,263120567376;565;255255255
vpja91;7;7995;8436;370,199290780142;155,263120567376;441;255255255
vpja91;7;8460;8731;300,299290780142;144,463120567376;271;255255000
vpja91;7;8825;9042;-346,100709219858;197,463120567376;217;255255255
vpja91;7;9704;9935;20,5992907801419;-264,836879432624;231;255000
vpja91;7;9960;10000;-14,100709219858;-255,236879432624;40;255000
vpja91;8;244;331;-38,6;-211,1;87;255000
vpja91;8;370;528;-46;-262,5;158;255000
vpja91;8;549;1285;-35,7;-285,1;736;255000
vpja91;8;1383;1726;-394,6;228,1;343;255255000
vpja91;8;1747;2000;-370,5;258;253;255255000
vpja91;8;2041;2188;-434;244,9;147;255255000
vpja91;8;2272;2385;350,8;180,9;113;255
vpja91;8;2424;2587;408,8;201,8;163;255
vpja91;8;2615;3011;458,6;247,1;396;255
vpja91;8;3037;3392;401,4;262,2;355;255
vpja91;8;3404;3815;422,4;245;411;255
vpja91;8;3831;4077;413,6;258,4;246;255
vpja91;8;4101;4254;526;140,9;153;255
vpja91;8;4283;4346;526;141,1;63;255
vpja91;8;4365;4401;554,5;121,1;36;0
vpja91;8;4518;4538;554,2;119,1;20;0
vpja91;8;4593;4629;553,9;120,4;36;0
vpja91;8;4667;4703;552,9;122;36;0
vpja91;8;4739;4759;557,5;130,5;20;0
vpja91;8;4910;5023;556;138,7;113;0
vpja91;8;5489;5539;558,5;132,2;50;0
vpja91;8;5696;5722;559,7;132;26;0
vpja91;8;5775;5800;558,2;134,1;25;0
vpja91;8;5826;5857;560,1;131,5;31;0
vpja91;8;5973;6093;558,1;132,3;120;0
vpja91;8;6518;6561;510,5;171,7;43;255
vpja91;8;6786;6816;519,8;173,8;30;255
vpja91;8;6838;6878;517,8;176,4;40;255
vpja91;8;7533;7835;-53,5;-86,9;302;2,55e+08
vpja91;8;7912;8045;-427,7;64,7;133;0
vpja91;8;8619;8954;-490,3;65,7;335;0
vpja91;8;9011;9129;-605,2;-34,6;118;0
vpja91;8;9181;9519;-564,3;-201,7;338;0
vpja91;8;9588;10000;-22,8000000000001;-285,4;412;255000
vpja91;9;277;355;-286,8;-193,1;78;255000
vpja91;9;396;532;-310,1;-269,5;136;255000
vpja91;9;570;925;-366,8;-253,8;355;255000
vpja91;9;1004;1427;-472,4;340,3;423;255
vpja91;9;1452;1602;-419,2;338;150;255
vpja91;9;1670;1867;119,2;253,3;197;255255000
vpja91;9;1894;2099;167,5;234,6;205;255255000
vpja91;9;2160;2282;-117,1;357,4;122;0
vpja91;9;2308;2671;-52,8000000000001;382,1;363;0
vpja91;9;2745;2927;392,2;167,4;182;0
vpja91;9;2975;3134;350;39,7;159;0
vpja91;9;3177;3503;362,2;-61,6999999999999;326;0
vpja91;9;3558;3676;211,8;-167,7;118;0
vpja91;9;3735;3946;544,5;-151,2;211;0
vpja91;9;3969;4322;522,4;-142,4;353;0
vpja91;9;4433;4609;-467,9;-172,6;176;255000
vpja91;9;4654;4992;-555;-177,9;338;0
vpja91;9;5082;5341;-350,6;-216,5;259;255000
vpja91;9;5682;5861;-304,4;-52,8;179;2,55e+08
vpja91;9;5925;6088;-403,1;240,8;163;0
vpja91;9;6145;7027;-359,9;28,1;882;2,55e+08
vpja91;9;7085;7206;-384;-235;121;255000
vpja91;9;7244;7936;-344,5;-282;692;255000
vpja91;9;7972;8183;-393,3;-274,4;211;255000
vpja91;9;8206;8645;-346,8;-282,5;439;255000
vpja91;9;8679;8918;-364,6;-239,8;239;255000
vpja91;9;9004;9192;-482;311,6;188;255
vpja91;9;9225;9612;-439,2;325,7;387;255
vpja91;9;9631;9865;-425,6;306;234;255
vpja91;9;9889;10000;-452,3;325,7;111;255
vpja91;10;12;124;32;5,80000000000007;112;255
vpja91;10;176;255;-111,6;-114,2;79;2,55e+08
vpja91;10;303;491;-220,8;-206,5;188;255000
vpja91;10;504;845;-221;-221,8;341;255000
vpja91;10;910;1128;-510,9;83,4;218;255255000
vpja91;10;1157;1727;-565,1;62,1;570;255255000
vpja91;10;1773;2058;-508,9;171,4;285;0
vpja91;10;2097;2297;-553,5;96,3000000000001;200;255255000
vpja91;10;2342;2507;-499,2;19,2;165;0
vpja91;10;2533;2791;-536,8;-35,8;258;0
vpja91;10;2885;3127;370,8;-62,3;242;0
vpja91;10;3169;3423;493,1;-110,6;254;0
vpja91;10;3454;3818;580;-120,1;364;0
vpja91;10;3843;4037;614,5;-158,3;194;0
vpja91;10;4095;4286;505,3;-333;191;0
vpja91;10;4346;4740;239,9;-401,4;394;0
vpja91;10;4819;5026;-40,3;-16,1999999999999;207;255
vpja91;10;6197;6564;-40,5;134,3;367;255
vpja91;10;6706;6864;-58,4;143,1;158;255
vpja91;10;6910;7085;-95,5999999999999;233,4;175;0
vpja91;10;7104;7397;-106,6;271,7;293;255
vpja91;10;7424;7591;-127,6;312;167;0
vpja91;10;7601;7775;-118,1;315,2;174;0
vpja91;10;8830;8863;-35,8;138,4;33;255
vpja91;10;8914;9120;-60,1999999999999;91;206;255
vpja91;10;9164;9409;-30,4;4,20000000000005;245;255
vpja91;10;9433;9677;19,4000000000001;-1,79999999999995;244;255
vpja91;10;9733;10000;-212;-219,1;267;255000
vpja91;11;265;355;56,194584837545;-171,328519855596;90;255000
vpja91;11;391;643;44,694584837545;-224,328519855596;252;255000
vpja91;11;722;939;-419,105415162455;134,171480144404;217;255255000
vpja91;11;964;1326;-450,105415162455;167,071480144404;362;255255000
vpja91;11;1564;1987;325,794584837545;216,571480144404;423;255
vpja91;11;2032;2466;50,294584837545;16,0714801444043;434;2,55e+08
vpja91;11;2528;2709;384,994584837545;219,971480144404;181;255
vpja91;11;2736;3865;332,694584837545;219,671480144404;1129;255
vpja91;11;3888;4193;387,694584837545;205,371480144404;305;255
vpja91;11;4271;4493;543,494584837545;-160,928519855596;222;0
vpja91;11;4537;4690;593,194584837545;-212,028519855596;153;0
vpja91;11;4785;5056;-312,305415162455;-199,628519855596;271;0
vpja91;11;5153;5371;625,894584837545;-210,828519855596;218;0
vpja91;11;5391;5983;592,394584837545;-217,528519855596;592;0
vpja91;11;5994;6354;574,094584837545;-212,528519855596;360;0
vpja91;11;6374;6748;593,494584837545;-218,028519855596;374;0
vpja91;11;6864;6997;-338,705415162455;-154,628519855596;133;0
vpja91;11;7047;7182;-460,505415162455;-60,7285198555957;135;0
vpja91;11;7220;7390;-399,105415162455;-29,0285198555957;170;0
vpja91;11;7415;7719;-437,905415162455;-32,2285198555957;304;0
vpja91;11;7747;7997;-442,205415162455;-50,0285198555957;250;0
vpja91;11;8023;8389;-454,105415162455;-101,428519855596;366;0
vpja91;11;8433;8837;-362,605415162455;-12,6285198555958;404;0
vpja91;11;8866;9173;-367,205415162455;-4,52851985559573;307;0
vpja91;11;9198;9384;-316,705415162455;-9,82851985559569;186;0
vpja91;11;9447;9627;59,294584837545;-221,328519855596;180;255000
vpja91;11;9661;9984;79,8945848375449;-243,428519855596;323;255000
vpja91;12;217;676;49,3018181818181;-41,4145454545454;459;255000
vpja91;12;732;1096;-5,99818181818182;187,385454545455;364;255
vpja91;12;1146;1355;157,701818181818;163,185454545455;209;0
vpja91;12;1406;2081;316,101818181818;94,9854545454546;675;255255000
vpja91;12;2143;2333;147,601818181818;-133,214545454545;190;0
vpja91;12;2376;2499;115,601818181818;-218,714545454545;123;0
vpja91;12;2528;2677;85,901818181818;-281,814545454545;149;0
vpja91;12;2726;2987;-40,5981818181818;-201,814545454545;261;0
vpja91;12;3072;3092;-337,298181818182;-129,214545454545;20;0
vpja91;12;3110;3195;-344,798181818182;-58,9145454545454;85;0
vpja91;12;3258;3414;-539,398181818182;76,0854545454546;156;0
vpja91;12;3451;3740;-580,598181818182;122,185454545455;289;0
vpja91;12;4067;4296;16,5018181818182;188,285454545455;229;255
vpja91;12;4340;4492;150,501818181818;322,085454545455;152;0
vpja91;12;4585;4735;445,001818181818;-1,8145454545454;150;0
vpja91;12;4785;4995;471,701818181818;-122,014545454545;210;0
vpja91;12;5023;5359;384,601818181818;-178,214545454545;336;0
vpja91;12;5385;5878;321,001818181818;-179,514545454545;493;0
vpja91;12;5929;6240;171,401818181818;-193,214545454545;311;0
vpja91;12;6295;6659;-32,6981818181819;-204,714545454545;364;0
vpja91;12;6730;7084;25,8018181818181;32,4854545454546;354;2,55e+08
vpja91;12;7128;7540;62,0018181818182;-55,3145454545454;412;255000
vpja91;12;7563;8373;44,8018181818181;-56,9145454545454;810;255000
vpja91;12;8428;8743;42,8018181818181;120,585454545455;315;2,55e+08
vpja91;12;8799;8928;307,901818181818;100,385454545455;129;255255000
vpja91;12;8989;9167;36,0018181818182;-48,9145454545454;178;255000
vpja91;12;9197;9379;60,5018181818182;-59,3145454545454;182;255000
vpja91;12;9434;9758;327,801818181818;72,5854545454546;324;0
vpja91;12;9847;9866;23,9018181818182;-166,414545454545;19;0
vpja91;12;9906;10000;30,8018181818181;-137,914545454545;94;0
vpja91;13;86;331;-9,5;-0,399999999999977;245;2,55e+08
vpja91;13;395;707;133,4;-190,8;312;255000
vpja91;13;782;954;-371,7;0,600000000000023;172;0
vpja91;13;998;1249;-437,4;67,1;251;0
vpja91;13;1307;1489;52,4999999999999;248,3;182;255
vpja91;13;1521;2012;29,6999999999999;211,5;491;255
vpja91;13;2041;2494;52,1999999999999;204,3;453;255
vpja91;13;2565;3070;-431,2;109;505;0
vpja91;13;3143;3331;117,8;-164,1;188;255000
vpja91;13;3358;3914;103,8;-204,8;556;255000
vpja91;13;3938;4308;137,9;-173,2;370;255000
vpja91;13;4393;4595;-332;-145,2;202;0
vpja91;13;4647;4888;-342,7;31,9;241;0
vpja91;13;5212;5343;210,7;-217,3;131;255000
vpja91;13;5387;5618;419,2;-301,5;231;0
vpja91;13;5668;5889;136,2;-214,9;221;255000
vpja91;13;5915;6078;115,4;-176,4;163;255000
vpja91;13;6100;6415;120,3;-144,3;315;255000
vpja91;13;6478;6813;55,1999999999999;210,4;335;255
vpja91;13;6896;7433;-430,1;103,7;537;0
vpja91;13;7457;7631;-420;74,2;174;0
vpja91;13;7697;7945;129,8;56,1;248;2,55e+08
vpja91;13;7985;8383;153,7;2,79999999999995;398;2,55e+08
vpja91;13;8472;8783;250,2;339,7;311;0
vpja91;13;8817;9025;251,9;414,1;208;2,55e+08
vpja91;13;9124;9290;491,7;150;166;0
vpja91;13;9343;9686;549,1;6,10000000000002;343;0
vpja91;13;9753;9924;337,9;253,5;171;0
vpja91;14;219;265;139,8;-109,2;46;2,55e+08
vpja91;14;296;484;140,6;-181,2;188;255000
vpja91;14;505;867;139,9;-207,8;362;255000
vpja91;14;883;1064;151,1;-192,1;181;255000
vpja91;14;1120;1263;124;42,6;143;2,55e+08
vpja91;14;1299;1724;132,1;4,5;425;2,55e+08
vpja91;14;1785;2022;205,4;256,7;237;255
vpja91;14;2114;2292;-419,6;146,3;178;255255000
vpja91;14;2347;2675;-465,1;-67,8;328;0
vpja91;14;2723;3099;-73,2;-167,1;376;0
vpja91;14;3167;3323;-294,9;230,1;156;0
vpja91;14;3416;3591;405;-254,9;175;0
vpja91;14;3674;3792;-71;-332,2;118;0
vpja91;14;3836;3960;-154;-355,2;124;0
vpja91;14;3996;4208;-100,5;-365,7;212;0
vpja91;14;4267;4527;-147,7;-179,6;260;0
vpja91;14;4569;4747;-58,8;-216,2;178;0
vpja91;14;4773;5267;-104,3;-210,9;494;0
vpja91;14;5287;5462;-112,3;-196,6;175;0
vpja91;14;5540;5855;469,1;-319,3;315;0
vpja91;14;5892;6118;332;-362,4;226;0
vpja91;14;6141;6345;351,4;-387,4;204;0
vpja91;14;6369;6659;352;-413,5;290;0
vpja91;14;6697;6937;501,7;-423,1;240;0
vpja91;14;6953;7031;527,7;-412,7;78;0
vpja91;14;7118;7321;189,4;-20,7;203;2,55e+08
vpja91;14;7376;7662;199,3;197;286;255
vpja91;14;7723;7883;142,1;-153,9;160;255000
vpja91;14;7919;8179;143,6;-206,1;260;255000
vpja91;14;8198;8601;136,4;-216,8;403;255000
vpja91;14;8659;8875;143,6;-8,70000000000005;216;2,55e+08
vpja91;14;8913;9265;127,8;-46,9;352;2,55e+08
vpja91;14;9287;9733;132;-13,2;446;2,55e+08
vpja91;14;9771;10000;137,1;-55,6;229;2,55e+08
vpja91;15;196;281;-186,961634567224;-92,1196338946826;85;0
vpja91;15;324;798;-297,361634567224;-122,319633894683;474;255000
vpja91;15;1243;1640;274,438365432776;58,6803661053174;397;255255000
vpja91;15;1690;2017;477,138365432776;-81,0196338946826;327;0
vpja91;15;2041;2168;517,738365432776;-61,2196338946826;127;0
vpja91;15;2228;2444;201,538365432776;-109,319633894683;216;0
vpja91;15;2521;2671;-348,961634567224;-113,919633894683;150;0
vpja91;15;2725;2993;-577,661634567224;-70,2196338946826;268;0
vpja91;15;3060;3452;-173,461634567224;-179,319633894683;392;0
vpja91;15;3477;3643;-204,061634567224;-165,319633894683;166;255000
vpja91;15;3690;4201;-305,361634567224;-125,319633894683;511;255000
vpja91;15;4263;4489;-28,1616345672244;-158,019633894683;226;0
vpja91;15;4530;4808;57,1383654327756;-164,519633894683;278;0
vpja91;15;4854;8040;114,638365432776;-253,219633894683;3186;0
vpja91;15;8097;9316;-279,761634567224;-113,319633894683;1219;255000
vpja91;15;9339;9514;-317,061634567224;-105,819633894683;175;0
vpja91;15;9969;10000;-614,461634567224;123,680366105317;31;0
vpja91;16;27;206;5,79999999999995;6,90000000000009;179;0
vpja91;16;232;257;7,60000000000002;8,60000000000002;25;0
vpja91;16;541;995;-395,2;-90,1999999999999;454;0
vpja91;16;1039;1308;-162,3;-202,1;269;0
vpja91;16;1376;1548;89,4000000000001;139,2;172;255255000
vpja91;16;1587;1817;270,3;216,6;230;0
vpja91;16;1853;1958;153,6;242,2;105;0
vpja91;16;3626;3648;-344,3;79,3000000000001;22;2,55e+08
vpja91;16;3670;3694;-344,9;79,1;24;2,55e+08
vpja91;16;3757;4014;-558,5;419,7;257;0
vpja91;16;4091;4340;-147,1;-203,8;249;0
vpja91;16;4372;4583;-244,6;-259,8;211;0
vpja91;16;4608;4793;-205,7;-244;185;0
vpja91;16;4847;5044;130,4;-394,1;197;0
vpja91;16;5084;5450;71,2;-383,5;366;0
vpja91;16;5467;5715;51,6;-372;248;0
vpja91;16;5731;6269;39,3;-364,9;538;0
vpja91;16;6291;6573;62,5999999999999;-362,7;282;0
vpja91;16;6629;6882;487,4;-243,8;253;0
vpja91;16;6913;7133;567,2;-144,4;220;0
vpja91;16;7176;7308;433,8;-134,3;132;0
vpja91;16;7367;7609;96;-389,4;242;0
vpja91;16;7676;7920;-105,9;-247,1;244;0
vpja91;16;7967;8416;-211,6;-227,7;449;0
vpja91;16;8478;8661;-477,7;-185;183;0
vpja91;16;8708;8874;-470,1;-298,5;166;0
vpja91;16;8934;9084;-140;-386,1;150;0
vpja91;16;9124;9346;99,5999999999999;-399,1;222;0
vpja91;16;9376;9729;194,3;-422,1;353;0
vpja91;16;9844;10000;-176,8;-10,6999999999999;156;0
vpja91;17;340;461;-15,1330960854093;-278,223131672598;121;255000
vpja91;17;484;774;-27,6330960854093;-304,123131672598;290;255000
vpja91;17;827;1095;-184,233096085409;-251,023131672598;268;0
vpja91;17;1154;1540;-136,733096085409;28,476868327402;386;2,55e+08
vpja91;17;1569;1749;-59,2330960854092;25,976868327402;180;255
vpja91;17;1790;2004;-66,6330960854093;-63,4231316725979;214;2,55e+08
vpja91;17;2075;2446;49,1669039145908;377,176868327402;371;2,55e+08
vpja91;17;2473;2690;35,8669039145907;440,276868327402;217;2,55e+08
vpja91;17;2761;3040;19,7669039145908;48,2768683274021;279;2,55e+08
vpja91;17;3085;3290;-44,9330960854093;-67,523131672598;205;255
vpja91;17;3356;3648;-256,933096085409;-1,52313167259797;292;255255000
vpja91;17;3701;3742;-327,433096085409;102,776868327402;41;0
vpja91;17;3824;4101;384,566903914591;-22,523131672598;277;0
vpja91;17;4125;4412;423,166903914591;-40,523131672598;287;0
vpja91;17;4443;4776;278,366903914591;-39,9231316725979;333;0
vpja91;17;4807;5113;167,466903914591;-45,8231316725979;306;0
vpja91;17;5130;5301;153,166903914591;-23,1231316725979;171;0
vpja91;17;5335;5496;286,466903914591;-29,3231316725979;161;0
vpja91;17;5931;6096;219,966903914591;-46,523131672598;165;0
vpja91;17;6136;6319;156,866903914591;-32,3231316725979;183;0
vpja91;17;6387;6680;457,266903914591;-239,923131672598;293;0
vpja91;17;6710;7173;425,366903914591;-286,123131672598;463;0
vpja91;17;7283;7608;-581,433096085409;55,7768683274021;325;0
vpja91;17;7639;7841;-630,633096085409;137,876868327402;202;0
vpja91;17;7888;8010;-563,933096085409;48,7768683274021;122;0
vpja91;17;8037;8362;-535,333096085409;-5,2231316725979;325;0
vpja91;17;8433;8824;-540,733096085409;-355,823131672598;391;0
vpja91;17;8906;9084;-452,333096085409;344,676868327402;178;0
vpja91;17;9128;9399;-490,033096085409;454,676868327402;271;0
vpja91;17;9473;9587;-110,933096085409;212,176868327402;114;0
vpja91;17;9642;9930;-115,433096085409;17,0768683274021;288;2,55e+08
vpja91;18;196;299;-114,961634567224;-128,819633894683;103;2,55e+08
vpja91;18;338;889;-124,961634567224;-190,919633894683;551;255000
vpja91;18;935;1093;103,938365432776;57,1803661053174;158;255
vpja91;18;1113;1178;78,9383654327755;69,1803661053174;65;255
vpja91;18;1199;1395;80,4383654327755;72,8803661053174;196;255
vpja91;18;1810;2312;-396,561634567224;112,980366105317;502;0
vpja91;18;2497;2534;-343,661634567224;105,380366105317;37;255255000
vpja91;18;2813;3079;-105,161634567224;-85,2196338946826;266;2,55e+08
vpja91;18;3983;4233;-111,561634567224;-203,519633894683;250;255000
vpja91;18;4246;4475;-99,1616345672244;-203,319633894683;229;255000
vpja91;18;4527;4687;302,438365432776;-54,7196338946826;160;0
vpja91;18;4710;4821;330,238365432776;-80,8196338946826;111;0
vpja91;18;4881;5257;593,338365432776;-227,619633894683;376;0
vpja91;18;5344;5465;80,1383654327756;4,88036610531742;121;0
vpja91;18;5505;6109;72,5383654327757;82,5803661053174;604;255
vpja91;18;6757;6867;-171,361634567224;-221,019633894683;110;0
vpja91;18;6894;7487;-108,661634567224;-204,319633894683;593;255000
vpja91;18;7547;7823;78,1383654327756;83,3803661053174;276;255
vpja91;18;7901;8050;-322,661634567224;101,180366105317;149;0
vpja91;18;8388;8499;-132,761634567224;-156,819633894683;111;255000
vpja91;18;8538;9425;-103,461634567224;-210,919633894683;887;255000
vpja91;18;9445;9717;-56,1616345672244;-203,319633894683;272;255000
vpja91;18;9738;10000;-79,3616345672244;-203,019633894683;262;255000
vpja91;19;304;380;-131,7;14,1;76;255
vpja91;19;831;934;66,0000000000001;-330,5;103;255000
vpja91;19;957;1226;39,6999999999999;-338,9;269;255000
vpja91;19;1273;1436;34,3000000000001;-219,9;163;2,55e+08
vpja91;19;1460;1696;24,7;-184,1;236;2,55e+08
vpja91;19;1744;2247;35,9;-336,4;503;255000
vpja91;19;3220;3588;75,0000000000001;-299,8;368;255000
vpja91;19;3613;3876;111,9;-278,4;263;2,55e+08
vpja91;19;3979;4000;437,3;-33,6;21;0
vpja91;19;4025;4223;350,4;78,9;198;255255000
vpja91;19;4247;4689;307,3;77,6;442;255255000
vpja91;19;4727;4893;406,1;25,1999999999999;166;255255000
vpja91;19;4942;5193;122,4;-366,1;251;255000
vpja91;19;5219;5376;70,6999999999999;-370,1;157;255000
vpja91;19;5410;6213;36,7;-352,6;803;255000
vpja91;19;6839;7055;42,5000000000001;110,9;216;0
vpja91;19;7102;7160;42,4;110,3;58;0
vpja91;19;7197;7444;176,6;105,2;247;0
vpja91;19;7484;7885;348,3;146,9;401;0
vpja91;19;7921;8116;383,3;63,8;195;0
vpja91;19;8140;8371;353,2;27,4;231;0
vpja91;19;9480;10000;113,9;-10,8000000000001;520;0
vpja91;20;70;225;17,5;0,600000000000023;155;0
vpja91;20;284;427;-213,4;-226,9;143;255000
vpja91;20;451;824;-259,5;-235,3;373;255000
vpja91;20;875;1212;122,8;-250,5;337;0
vpja91;20;1293;1654;-127,5;347,5;361;255
vpja91;20;1718;2567;-474,6;282,1;849;255255000
vpja91;20;3056;3210;-227,2;-253,1;154;255000
vpja91;20;3242;3609;-248,9;-245,5;367;255000
vpja91;20;3653;3875;-67,8000000000001;-252,7;222;0
vpja91;20;3900;4157;-24,8000000000001;-272,2;257;0
vpja91;20;4201;4405;198,2;-305,4;204;0
vpja91;20;4460;4618;-44,1;-274;158;0
vpja91;20;4657;4915;-113,6;-241,6;258;0
vpja91;20;4943;5379;-86,6;-203,6;436;0
vpja91;20;5404;5763;-90,3000000000001;-237,5;359;0
vpja91;20;5787;6051;-112,4;-255,7;264;0
vpja91;20;6072;6468;-89,7;-253,3;396;0
vpja91;20;6513;6779;-172,5;-253,4;266;255000
vpja91;20;6834;7068;-92,2;-117;234;0
vpja91;20;7360;7553;220,9;124;193;0
vpja91;20;8227;8322;155,3;259;95;0
vpja91;20;8382;8591;285,3;50,3;209;0
vpja91;20;8622;8785;406;38,7;163;0
vpja91;20;8845;8958;488,2;403,6;113;0
vpja91;20;8972;9238;486,1;431,4;266;0
vpja91;20;9392;9556;-278,9;-276,1;164;0
vpja91;20;9604;9704;-414;-342,2;100;0
vpja91;20;9766;10000;148,2;-271,3;234;0
vpja91;21;233;506;76,6122743682309;-141,538267148014;273;255000
vpja91;21;1281;1490;330,912274368231;323,661732851986;209;255
vpja91;21;1530;1774;361,012274368231;388,261732851986;244;255
vpja91;21;1785;1984;345,912274368231;374,061732851986;199;255
vpja91;21;2047;2335;341,412274368231;82,9617328519855;288;0
vpja91;21;2404;2655;0,0122743682309192;-225,638267148014;251;0
vpja91;21;2694;2826;59,312274368231;-163,038267148014;132;255000
vpja91;21;2844;3208;76,6122743682309;-146,438267148014;364;255000
vpja91;21;3262;3642;79,312274368231;46,2617328519856;380;2,55e+08
vpja91;21;3694;3920;74,9122743682309;-139,738267148014;226;255000
vpja91;21;3945;4431;82,012274368231;-153,938267148014;486;255000
vpja91;21;4505;5069;-435,887725631769;-66,8382671480144;564;0
vpja91;21;5141;5342;-22,4877256317691;-216,938267148014;201;0
vpja91;21;5397;5801;-183,787725631769;-270,338267148014;404;0
vpja91;21;5825;6034;-226,087725631769;-319,538267148014;209;0
vpja91;21;6091;6439;-457,587725631769;-296,538267148014;348;0
vpja91;21;6492;6659;-47,5877256317691;-313,238267148014;167;0
vpja91;21;6711;6919;115,212274368231;-158,238267148014;208;255000
vpja91;21;6944;7221;166,612274368231;-146,838267148014;277;0
vpja91;21;7266;7461;56,512274368231;-147,838267148014;195;255000
vpja91;21;7479;9457;86,9122743682309;-149,438267148014;1978;255000
vpja91;21;9522;9701;130,012274368231;191,161732851986;179;2,55e+08
vpja91;21;9772;10000;37,712274368231;340,161732851986;228;0
vpja91;22;244;374;-86,4616345672243;-163,219633894683;130;255000
vpja91;22;398;532;-93,6616345672244;-182,319633894683;134;255000
vpja91;22;1120;1224;57,7383654327757;168,580366105317;104;0
vpja91;22;1305;1580;-365,161634567224;130,280366105317;275;0
vpja91;22;1812;2081;77,5383654327757;-300,419633894683;269;0
vpja91;22;2128;2279;-29,6616345672244;-267,519633894683;151;0
vpja91;22;2325;3265;-64,8616345672244;-181,819633894683;940;255000
vpja91;22;3337;3513;-182,761634567224;143,680366105317;176;0
vpja91;22;3569;3820;-97,8616345672244;349,480366105317;251;0
vpja91;22;3863;3950;-175,461634567224;341,680366105317;87;0
vpja91;22;4011;4205;40,3383654327756;172,380366105317;194;0
vpja91;22;4283;4538;165,738365432776;-308,919633894683;255;0
vpja91;22;4579;4773;77,4383654327755;-319,519633894683;194;0
vpja91;22;4821;5096;147,938365432776;-391,919633894683;275;0
vpja91;22;5145;5427;38,4383654327756;-429,419633894683;282;0
vpja91;22;5468;6016;121,638365432776;-421,719633894683;548;0
vpja91;22;6045;6343;55,7383654327757;-367,919633894683;298;0
vpja91;22;6403;6624;-57,1616345672244;-147,819633894683;221;255000
vpja91;22;6687;6955;3,33836543277562;147,080366105317;268;0
vpja91;22;7013;7200;-250,461634567224;115,380366105317;187;255255000
vpja91;22;7256;7436;-431,361634567224;-33,3196338946826;180;0
vpja91;22;7482;7686;-467,061634567224;-125,419633894683;204;0
vpja91;22;7736;8057;-402,561634567224;6,38036610531742;321;0
vpja91;22;8122;8374;-465,661634567224;237,680366105317;252;0
vpja91;22;8429;8757;-288,161634567224;115,380366105317;328;255255000
vpja91;22;8864;8948;42,0383654327757;99,2803661053174;84;2,55e+08
vpja91;22;8965;9107;41,4383654327756;145,880366105317;142;0
vpja91;22;9192;9566;-434,161634567224;-76,3196338946826;374;0
vpja91;22;9628;9920;-58,7616345672244;-114,019633894683;292;2,55e+08
vpja91;23;109;200;-7,60144927536237;-1,27391304347816;91;2,55e+08
vpja91;23;259;354;-70,2014492753624;-274,473913043478;95;255000
vpja91;23;397;557;-153,201449275362;-301,073913043478;160;255000
vpja91;23;582;951;-168,201449275362;-329,173913043478;369;255000
vpja91;23;977;1089;-127,801449275362;-322,873913043478;112;255000
vpja91;23;1189;1495;-467,801449275362;330,626086956522;306;255
vpja91;23;1534;1738;-505,901449275362;365,026086956522;204;255
vpja91;23;1793;2016;-372,401449275362;240,726086956522;223;0
vpja91;23;2062;2349;-535,901449275362;330,726086956522;287;0
vpja91;23;2431;2710;-4,50144927536235;6,32608695652175;279;2,55e+08
vpja91;23;3020;3041;415,398550724638;142,526086956522;21;0
vpja91;23;3092;3136;416,998550724638;143,726086956522;44;0
vpja91;23;3163;3188;414,598550724638;147,626086956522;25;0
vpja91;23;3223;3382;264,998550724638;180,826086956522;159;0
vpja91;23;3392;3469;257,998550724638;221,126086956522;77;0
vpja91;23;3597;3757;416,898550724638;59,7260869565218;160;0
vpja91;23;3790;4098;538,398550724638;54,9260869565218;308;0
vpja91;23;4144;4369;513,998550724638;-28,1739130434783;225;0
vpja91;23;4419;4925;394,298550724638;38,9260869565218;506;0
vpja91;23;4948;5010;406,198550724638;76,8260869565217;62;0
vpja91;23;5036;5207;433,898550724638;100,426086956522;171;0
vpja91;23;5229;5497;391,298550724638;103,126086956522;268;0
vpja91;23;5548;5692;299,798550724638;255,626086956522;144;0
vpja91;23;5724;5849;256,898550724638;257,026086956522;125;255255000
vpja91;23;5933;6069;-478,101449275362;285,326086956522;136;255
vpja91;23;6167;6362;426,598550724638;-356,673913043478;195;0
vpja91;23;6382;6813;462,998550724638;-354,573913043478;431;0
vpja91;23;6836;7178;439,698550724638;-323,073913043478;342;0
vpja91;23;7227;7772;419,098550724638;-445,673913043478;545;0
vpja91;23;7798;7945;431,598550724638;-454,073913043478;147;0
vpja91;23;8012;8189;278,898550724638;-125,673913043478;177;0
vpja91;23;8235;8342;163,698550724638;-99,1739130434782;107;2,55e+08
vpja91;23;8410;8638;-104,201449275362;-60,8739130434782;228;2,55e+08
vpja91;23;8717;9134;-152,101449275362;-341,273913043478;417;255000
vpja91;23;9160;10000;-106,101449275362;-333,873913043478;840;255000
vpja91;24;84;172;-9,60000000000002;1,29999999999995;88;2,55e+08
vpja91;24;228;311;32,5;-232,1;83;255000
vpja91;24;337;619;13,3000000000001;-277;282;255000
vpja91;24;633;959;37,3000000000001;-281,5;326;255000
vpja91;24;983;1075;19,6;-261,9;92;255000
vpja91;24;1136;1361;-320,2;111,3;225;255255000
vpja91;24;1396;1833;-355,4;123,1;437;255255000
vpja91;24;1910;2310;312,5;200,6;400;255
vpja91;24;2335;3209;334,9;174,3;874;0
vpja91;24;3295;3485;-249,9;124;190;255255000
vpja91;24;3513;3752;-310,2;114,2;239;255255000
vpja91;24;3811;4071;62,3000000000001;-276,6;260;255000
vpja91;24;4091;4423;57,1;-262,3;332;255000
vpja91;24;4460;5311;42,1;-308,8;851;255000
vpja91;24;5331;5763;41,3000000000001;-289;432;255000
vpja91;24;5787;6211;59,6;-298,3;424;255000
vpja91;24;6236;6515;36,1;-294,5;279;255000
vpja91;24;6554;6752;45,4;-226,7;198;255000
vpja91;24;6794;7058;42,7;-282,9;264;255000
vpja91;24;7082;8100;49,2;-297,9;1018;255000
vpja91;24;8122;8435;35,3000000000001;-277,8;313;255000
vpja91;24;8647;9346;48,2;-289,5;699;255000
vpja91;24;9369;9818;36,7;-302;449;255000
vpja91;24;9844;10000;52,4;-269,2;156;255000
vpja91;25;220;325;-135,2;-152,3;105;255000
vpja91;25;351;920;-155,8;-180,3;569;255000
vpja91;25;974;1175;34;-356;201;0
vpja91;25;1203;1597;-23,6;-391,2;394;0
vpja91;25;1632;2204;108;-383,2;572;0
vpja91;25;2224;2434;135,5;-386,2;210;0
vpja91;25;2469;2702;79,9000000000001;-395,3;233;0
vpja91;25;2729;2909;43,7;-432,2;180;0
vpja91;25;2927;3396;69,8;-437,6;469;0
vpja91;25;3419;3740;119;-407,7;321;0
vpja91;25;3807;3988;-109,2;-165,9;181;255000
vpja91;25;4170;4640;443,3;283,3;470;255
vpja91;25;4984;5304;-461,3;149,7;320;255255000
vpja91;25;5335;5437;-522,9;183,4;102;0
vpja91;25;5494;6019;-505;-42,1;525;255255000
vpja91;25;6081;6329;-517,3;153,5;248;255255000
vpja91;25;6706;6927;-438;77,5;221;0
vpja91;25;6953;7152;-378,5;93,5;199;0
vpja91;25;7202;7426;-455,4;236;224;0
vpja91;25;7471;7851;-544,3;284,1;380;0
vpja91;25;7898;8219;-434,1;231,5;321;0
vpja91;25;8834;8994;-5;263,4;160;2,55e+08
vpja91;25;9070;9176;-130,7;-153;106;255000
vpja91;25;9211;9725;-153;-193,4;514;255000
vpja91;25;9778;10000;-308,4;-238,7;222;0
vpja91;26;173;234;-53,1;-69,1;61;2,55e+08
vpja91;26;272;839;-102,5;-136,7;567;0
vpja91;26;910;1186;-498,2;159,9;276;0
vpja91;26;1212;1531;-521,1;142,5;319;0
vpja91;26;1602;1904;127,2;67,2;302;255255000
vpja91;26;1934;2658;215,2;74,3000000000001;724;255255000
vpja91;26;2729;2865;139,8;-301,3;136;0
vpja91;26;2925;3476;-100,7;-396,1;551;0
vpja91;26;3497;3722;-106,3;-404,6;225;0
vpja91;26;3785;4084;-451,1;-382,1;299;0
vpja91;26;4335;4461;-67,4;-116,6;126;255000
vpja91;26;4493;5058;-92;-137,7;565;0
vpja91;26;5401;5745;296,1;-16,8;344;0
vpja91;26;6009;6868;53,5;-67,1999999999999;859;0
vpja91;26;6915;7374;-51,7;-50,1999999999999;459;2,55e+08
vpja91;26;7428;7988;118,5;-90,8;560;0
vpja91;26;8045;9262;-80,6;-101,2;1217;255000
vpja91;26;9289;9664;-9,39999999999998;-106,5;375;0
vpja91;26;9703;10000;119,3;-125,8;297;0
