vp;trial;timest;timeend;x;y;duration;roi
vpja72;1;292;440;-0,100000000000023;-285,5;148;255000
vpja72;1;461;1240;-33,2;-304,8;779;255000
vpja72;1;1263;1367;-8,89999999999998;-274,9;104;255000
vpja72;1;1387;1555;-17;-298,8;168;255000
vpja72;1;1619;1724;-300,8;29,5999999999999;105;0
vpja72;1;1760;2382;-347;68,5;622;255
vpja72;1;2401;2533;-365,6;83,4;132;255
vpja72;1;2607;2813;274,7;115,5;206;255255000
vpja72;1;2836;2949;259,7;118,9;113;255255000
vpja72;1;3018;3306;536,8;-162,5;288;0
vpja72;1;3352;3507;562,4;-1,30000000000007;155;0
vpja72;1;3570;3960;253,8;130;390;255255000
vpja72;1;4024;4112;-227,1;83,9;88;0
vpja72;1;4153;4484;-343,4;90,0999999999999;331;255
vpja72;1;4505;4565;-361;86,1999999999999;60;255
vpja72;1;4631;4804;-26,2;-260,7;173;255000
vpja72;1;4836;6142;-16,6;-297,3;1306;255000
vpja72;1;6180;6363;16,2;-183,9;183;2,55e+08
vpja72;1;6407;6643;1,29999999999995;-301,9;236;255000
vpja72;1;6664;6841;-19,2;-300,8;177;255000
vpja72;1;6909;7087;-307,4;49,0999999999999;178;255
vpja72;1;7118;7340;-336,3;83,0999999999999;222;255
vpja72;1;7398;7629;-613,9;58,6999999999999;231;0
vpja72;1;7643;7919;-634,2;70,5;276;0
vpja72;1;7945;8415;-569,5;60;470;0
vpja72;1;8515;9173;265,5;137,2;658;255255000
vpja72;1;9183;9496;263,5;127,6;313;255255000
vpja72;1;9504;9778;255,2;124,2;274;255255000
vpja72;1;9795;10000;269,6;122,5;205;255255000
vpja72;2;264;290;-34,1227272727273;-221,272727272727;26;2,55e+08
vpja72;2;331;451;-38,2227272727273;-338,772727272727;120;255000
vpja72;2;470;666;-30,3227272727273;-338,572727272727;196;255000
vpja72;2;683;1362;-17,0227272727273;-340,672727272727;679;255000
vpja72;2;1420;1573;-319,422727272727;-305,572727272727;153;0
vpja72;2;1638;1810;-10,8227272727273;-330,972727272727;172;255000
vpja72;2;1827;2163;-16,4227272727273;-329,372727272727;336;255000
vpja72;2;2242;2431;350,077272727273;256,527272727273;189;255
vpja72;2;2456;2745;341,677272727273;305,527272727273;289;255
vpja72;2;2802;2908;-2,7227272727273;180,427272727273;106;2,55e+08
vpja72;2;2939;3108;-47,8227272727273;182,327272727273;169;2,55e+08
vpja72;2;3167;3492;326,977272727273;249,627272727273;325;255
vpja72;2;3516;3614;335,177272727273;298,027272727273;98;255
vpja72;2;3689;3881;-354,622727272727;96,4272727272727;192;255255000
vpja72;2;3921;4150;-269,022727272727;174,327272727273;229;255255000
vpja72;2;4174;4445;-248,022727272727;170,727272727273;271;255255000
vpja72;2;4487;4643;-134,122727272727;173,827272727273;156;0
vpja72;2;4667;4769;-99,7227272727273;182,527272727273;102;0
vpja72;2;4814;4913;-262,522727272727;171,927272727273;99;255255000
vpja72;2;4993;5095;326,677272727273;-114,072727272727;102;0
vpja72;2;5140;5311;448,677272727273;-127,172727272727;171;0
vpja72;2;5373;5736;282,677272727273;251,327272727273;363;255
vpja72;2;5758;5922;312,077272727273;235,827272727273;164;255
vpja72;2;5984;6152;4,97727272727275;-4,17272727272734;168;0
vpja72;2;6186;6308;-47,1227272727273;-19,8727272727274;122;2,55e+08
vpja72;2;6372;6678;-17,8227272727273;-351,872727272727;306;255000
vpja72;2;6688;7067;-16,6227272727273;-341,072727272727;379;255000
vpja72;2;7129;7281;-409,522727272727;-313,472727272727;152;0
vpja72;2;7340;7442;-60,8227272727273;-349,772727272727;102;255000
vpja72;2;7474;7701;-22,8227272727273;-340,672727272727;227;255000
vpja72;2;7747;8046;-45,9227272727273;-168,472727272727;299;2,55e+08
vpja72;2;8097;8243;-41,8227272727273;65,8272727272727;146;2,55e+08
vpja72;2;8315;8551;-10,5227272727273;-328,772727272727;236;255000
vpja72;2;8623;8841;-485,622727272727;-269,072727272727;218;0
vpja72;2;8875;9013;-440,122727272727;-276,172727272727;138;0
vpja72;2;9057;9255;-513,122727272727;-343,772727272727;198;0
vpja72;2;9293;9455;-426,522727272727;-274,972727272727;162;0
vpja72;2;9489;9699;-453,622727272727;-244,872727272727;210;0
vpja72;2;9727;9891;-436,322727272727;-243,972727272727;164;0
vpja72;3;235;380;-205,7;-284,3;145;255000
vpja72;3;403;956;-238,6;-283,2;553;255000
vpja72;3;967;1253;-214,7;-271;286;255000
vpja72;3;1271;1486;-223;-270,6;215;255000
vpja72;3;1557;1887;-125,1;288,8;330;255
vpja72;3;1910;2682;-119,4;299,3;772;255
vpja72;3;2737;3033;-460,8;304;296;255255000
vpja72;3;3052;3333;-477,6;296,8;281;255255000
vpja72;3;3354;4166;-450,1;285,5;812;255255000
vpja72;3;4186;4275;-460,4;308,7;89;255255000
vpja72;3;4361;4554;-84,5;-153,9;193;2,55e+08
vpja72;3;4620;5168;-111,4;316,5;548;255
vpja72;3;5255;5349;252,2;-207,7;94;0
vpja72;3;5395;5625;209,4;-311,9;230;0
vpja72;3;5659;5843;291;-364,9;184;0
vpja72;3;5869;6023;222,9;-315,2;154;0
vpja72;3;6059;6262;289,5;-364,9;203;0
vpja72;3;6286;6451;308;-393,9;165;0
vpja72;3;6512;6681;435,9;-8,60000000000002;169;0
vpja72;3;6702;7044;415,9;13,5;342;0
vpja72;3;7112;7260;-24,2;-256,7;148;0
vpja72;3;7294;7413;-79,1;-273,9;119;0
vpja72;3;7448;7619;-16,5;-308,3;171;0
vpja72;3;7647;7984;-75,8000000000001;-279,2;337;0
vpja72;3;8017;8263;9,29999999999995;-307,4;246;0
vpja72;3;8313;8477;-214,7;-298,7;164;255000
vpja72;3;8497;8949;-222,6;-275,9;452;255000
vpja72;3;8966;9095;-211,7;-250,9;129;255000
vpja72;3;9153;9367;-227,7;59,2;214;2,55e+08
vpja72;3;9396;9601;-262,9;141,4;205;2,55e+08
vpja72;3;9664;9801;-545,2;-69,6;137;0
vpja72;3;9858;10000;-579,3;-276,2;142;0
vpja72;4;285;420;-78,1;-214;135;255000
vpja72;4;446;634;-128,6;-239,1;188;255000
vpja72;4;677;738;-166,8;-118,3;61;2,55e+08
vpja72;4;772;1077;-119,7;-229,8;305;255000
vpja72;4;1142;1271;-201,6;293,8;129;0
vpja72;4;1295;1400;-199;265,5;105;0
vpja72;4;1430;1841;-154,1;281,6;411;0
vpja72;4;1865;2053;-192,3;269,2;188;0
vpja72;4;2077;2264;-242,4;261,3;187;0
vpja72;4;2329;2803;221,7;177,5;474;255255000
vpja72;4;2814;3071;214,9;169,6;257;255255000
vpja72;4;3087;3351;234;175,1;264;255255000
vpja72;4;3367;3573;224,5;172,4;206;255255000
vpja72;4;3593;3809;245,5;182,3;216;255255000
vpja72;4;3826;4354;221,8;178,7;528;255255000
vpja72;4;4400;4562;28,3;156,8;162;2,55e+08
vpja72;4;4586;4679;-12,5;161,9;93;2,55e+08
vpja72;4;4731;4910;212,3;187,9;179;0
vpja72;4;4931;5434;231,4;174,3;503;255255000
vpja72;4;5493;5704;-155,9;257,1;211;255
vpja72;4;5726;5865;-168,4;273,4;139;0
vpja72;4;5887;6204;-139;289,3;317;0
vpja72;4;6261;6479;-15,3;227,6;218;0
vpja72;4;6546;6650;-31;-213,7;104;255000
vpja72;4;6688;6971;-111,3;-228,4;283;255000
vpja72;4;6999;7229;-138,5;-229,9;230;255000
vpja72;4;7258;7573;-105,9;-228,2;315;255000
vpja72;4;7637;7825;-504;-267,7;188;0
vpja72;4;7865;7990;-582,7;-240,9;125;0
vpja72;4;8027;8223;-499,7;-244,7;196;0
vpja72;4;8299;8417;-430,1;272,1;118;0
vpja72;4;8467;8646;-193,6;274,6;179;0
vpja72;4;8714;8874;234,2;177,7;160;255255000
vpja72;4;8923;9134;185;5,89999999999998;211;0
vpja72;4;9182;9803;246,8;177,9;621;255255000
vpja72;4;9863;10000;-122,1;284,2;137;255
vpja72;5;203;635;35,6;-36,4;432;255000
vpja72;5;687;852;-1,60000000000002;194,5;165;255
vpja72;5;873;1131;25,2;206;258;255
vpja72;5;1191;1395;310,2;93,4000000000001;204;255255000
vpja72;5;1416;1563;300,2;96,9000000000001;147;255255000
vpja72;5;1614;1790;74,3000000000001;-32,9;176;255000
vpja72;5;1811;2141;56,8000000000001;-45,8;330;255000
vpja72;5;2196;2365;322,5;65,5;169;0
vpja72;5;2387;2924;304,8;81,2;537;255255000
vpja72;5;2942;3214;313,1;78,2;272;0
vpja72;5;3267;3427;102,4;159,9;160;2,55e+08
vpja72;5;3481;3757;300,4;69,8000000000001;276;0
vpja72;5;3817;4016;320,8;-212,6;199;0
vpja72;5;4039;4193;314,1;-185,6;154;0
vpja72;5;4227;4356;373,4;-182,1;129;0
vpja72;5;4393;4540;246,7;-271;147;0
vpja72;5;4582;4693;127,9;-290,1;111;0
vpja72;5;4753;4931;44,4;-45,0999999999999;178;255000
vpja72;5;4949;5230;33,9;-47,1999999999999;281;255000
vpja72;5;5238;5475;39,2;-41,4;237;255000
vpja72;5;5483;5593;31,5;-40,0999999999999;110;255000
vpja72;5;5644;5829;-48;-189,2;185;0
vpja72;5;5899;6047;-541;-86,8;148;0
vpja72;5;6094;6200;-570,9;69,9000000000001;106;0
vpja72;5;6227;6569;-584,3;157,5;342;0
vpja72;5;6633;7111;-613;-137;478;0
vpja72;5;7190;7290;-8,60000000000002;-35,3;100;0
vpja72;5;7324;7511;56,4;-40,5999999999999;187;255000
vpja72;5;7563;7799;276,5;112,6;236;255255000
vpja72;5;7858;8194;322;-118,5;336;0
vpja72;5;8248;8361;293,3;125,2;113;255255000
vpja72;5;8419;8549;343,1;-131,4;130;0
vpja72;5;8584;8951;382,2;-172,2;367;0
vpja72;5;8987;9151;319;-156,5;164;0
vpja72;5;9214;9416;68,5000000000001;194,3;202;255
vpja72;5;9450;9755;14;204,3;305;255
vpja72;5;9776;10000;25,7;197,5;224;255
vpja72;6;306;491;-10,6;-275,2;185;255000
vpja72;6;513;656;-32,5;-306,7;143;255000
vpja72;6;672;1413;-37;-307,8;741;255000
vpja72;6;1469;1776;-236,2;-26;307;255
vpja72;6;1800;2160;-250,8;-20;360;255
vpja72;6;2189;2293;-223,9;-17,6;104;255
vpja72;6;2335;2542;-76,5;6,79999999999995;207;0
vpja72;6;2589;2913;-242,5;-0,400000000000091;324;255
vpja72;6;2932;3061;-247,7;-23,1;129;255
vpja72;6;3109;3431;-63;-38,7;322;255255000
vpja72;6;3487;3826;-234,1;180;339;0
vpja72;6;3880;4018;-135,2;-13,1;138;0
vpja72;6;4055;4193;-65,1;-19,7;138;255255000
vpja72;6;4262;4397;-549,9;-32,2;135;0
vpja72;6;4468;4754;-48,5;-31,4000000000001;286;255255000
vpja72;6;4784;4952;-43,4;-4,60000000000002;168;255255000
vpja72;6;4993;5223;-44;-78,4000000000001;230;255255000
vpja72;6;5251;5500;-41,6;-0,400000000000091;249;255255000
vpja72;6;5541;5881;-46,6999999999999;-85,7;340;255255000
vpja72;6;5910;6008;-43,4;10,0999999999999;98;255255000
vpja72;6;6077;6250;419,5;-53,8000000000001;173;0
vpja72;6;6289;6455;498,8;-58,4000000000001;166;0
vpja72;6;6494;6701;386,7;-27,3000000000001;207;0
vpja72;6;6725;6844;350,8;-30,7;119;0
vpja72;6;6877;6973;464,3;-57,2;96;0
vpja72;6;7052;7217;-179,1;-33,4000000000001;165;0
vpja72;6;7390;7822;-91,1;-6,60000000000002;432;0
vpja72;6;7867;7995;-200,9;26,8;128;255
vpja72;6;8020;8181;-233;-13,5;161;255
vpja72;6;8237;8362;-206,8;-247,1;125;0
vpja72;6;8419;8647;-51,9;-31,9000000000001;228;255255000
vpja72;6;8685;9435;-36,1999999999999;-83,9000000000001;750;255255000
vpja72;6;9466;10000;-48,4;18,9;534;255255000
vpja72;7;238;406;32,0486638286453;-330,392165497338;168;255000
vpja72;7;422;707;2,94866382864529;-326,292165497338;285;255000
vpja72;7;782;933;-337,951336171355;136,307834502662;151;255
vpja72;7;959;1239;-335,451336171355;112,507834502662;280;255
vpja72;7;1311;1591;256,648663828645;118,907834502662;280;0
vpja72;7;1818;1993;45,8486638286453;-309,692165497338;175;255000
vpja72;7;2069;2245;-325,551336171355;86,7078345026621;176;0
vpja72;7;2264;2335;-323,951336171355;107,007834502662;71;0
vpja72;7;2411;2661;288,348663828645;131,907834502662;250;255255000
vpja72;7;2687;2882;255,548663828645;142,207834502662;195;255255000
vpja72;7;3059;3427;21,9486638286453;-318,492165497338;368;255000
vpja72;7;3469;3628;-89,8513361713547;-339,392165497338;159;0
vpja72;7;3671;3804;49,1486638286453;-315,892165497338;133;255000
vpja72;7;3968;4135;52,3486638286453;-324,292165497338;167;255000
vpja72;7;4314;4409;-57,6513361713547;-111,492165497338;95;2,55e+08
vpja72;7;4464;4820;32,9486638286453;-315,592165497338;356;255000
vpja72;7;4878;5163;-80,9513361713547;-2,99216549733785;285;2,55e+08
vpja72;7;5221;5361;45,7486638286454;-249,992165497338;140;255000
vpja72;7;5401;5649;30,6486638286453;-320,592165497338;248;255000
vpja72;7;5718;5893;330,248663828645;95,2078345026621;175;0
vpja72;7;5924;6140;298,748663828645;119,607834502662;216;0
vpja72;7;6206;6347;-273,551336171355;116,907834502662;141;0
vpja72;7;6378;6945;-329,351336171355;120,807834502662;567;255
vpja72;7;6956;7252;-324,251336171355;123,407834502662;296;255
vpja72;7;7272;7609;-332,651336171355;137,307834502662;337;255
vpja72;7;7686;7933;276,548663828645;134,107834502662;247;255255000
vpja72;7;7958;10000;314,648663828645;132,607834502662;2042;255255000
vpja72;8;175;283;16,5;-35,5;108;2,55e+08
vpja72;8;346;542;-373,6;219,9;196;255
vpja72;8;566;830;-393,6;267,4;264;255
vpja72;8;848;1230;-395,7;262,1;382;255
vpja72;8;1251;1579;-396,3;289,5;328;255
vpja72;8;1593;1736;-395,3;273;143;255
vpja72;8;1819;1969;334,8;197,3;150;255255000
vpja72;8;2001;2249;387,6;210,6;248;255255000
vpja72;8;2266;2560;380,3;192,1;294;255255000
vpja72;8;2586;2843;394,2;252,7;257;255255000
vpja72;8;2864;3122;366;258,9;258;255255000
vpja72;8;3201;3326;15,5;-248,8;125;255000
vpja72;8;3358;3759;-32,6;-255;401;255000
vpja72;8;3786;3897;-32,3;-178,1;111;255000
vpja72;8;3927;4094;-36,9;-252,8;167;255000
vpja72;8;4128;4300;-29,1;-101,3;172;2,55e+08
vpja72;8;4349;4578;-23,6999999999999;-262,4;229;255000
vpja72;8;4600;4807;-34;-241,7;207;255000
vpja72;8;4866;5081;180;-386,1;215;0
vpja72;8;5120;5215;275,8;-380,4;95;0
vpja72;8;5292;5534;496,7;54,9000000000001;242;0
vpja72;8;5585;5749;392,9;270,6;164;255255000
vpja72;8;5779;6023;391,1;203;244;255255000
vpja72;8;6048;6253;370,3;256;205;255255000
vpja72;8;6280;6532;371,1;190,2;252;255255000
vpja72;8;6547;6734;389,9;200,6;187;255255000
vpja72;8;6759;7046;392,4;275,5;287;255255000
vpja72;8;7079;7223;380,5;197,4;144;255255000
vpja72;8;7302;7440;-355,5;299,3;138;255
vpja72;8;7464;7811;-414,4;280,5;347;255
vpja72;8;7832;8082;-419,2;278;250;255
vpja72;8;8103;8246;-392,5;302,5;143;255
vpja72;8;8311;8486;-555,7;-151,2;175;0
vpja72;8;8569;8658;22,6;-269,8;89;255000
vpja72;8;8692;9039;-24,9;-249;347;255000
vpja72;8;9066;9300;-38,6;-244,9;234;255000
vpja72;8;9348;9470;-37,1999999999999;-74,1999999999999;122;2,55e+08
vpja72;8;9498;9707;-35,6;20,5;209;2,55e+08
vpja72;8;9760;9957;-19,8;-244,7;197;255000
vpja72;9;237;368;150,6;-218,2;131;255000
vpja72;9;387;554;124;-204,8;167;255000
vpja72;9;574;656;113,4;-176,2;82;255000
vpja72;9;715;931;70,4000000000001;249,2;216;255
vpja72;9;948;1546;57,4000000000001;249,2;598;255
vpja72;9;1608;1789;-372,9;88,3;181;255255000
vpja72;9;1817;2242;-407;90,5999999999999;425;255255000
vpja72;9;2258;3388;-384,8;67,8;1130;255255000
vpja72;9;3472;3606;169,1;-199,6;134;255000
vpja72;9;3640;3947;133,5;-191;307;255000
vpja72;9;3956;4211;133,1;-176,3;255;255000
vpja72;9;4237;4424;147,2;-131,7;187;255000
vpja72;9;4462;4907;141,5;-181,5;445;255000
vpja72;9;4929;5345;160,6;-174,9;416;255000
vpja72;9;5375;5628;139;-175;253;255000
vpja72;9;5651;5771;155,1;-176,6;120;255000
vpja72;9;5828;5945;115,4;134,5;117;2,55e+08
vpja72;9;5983;6433;71,9000000000001;233,8;450;255
vpja72;9;6494;6664;-345,8;56,8;170;0
vpja72;9;6695;7036;-390,1;79,3;341;255255000
vpja72;9;7048;7381;-382;69,4;333;255255000
vpja72;9;7446;7830;63,8000000000001;244,4;384;255
vpja72;9;7897;8069;134,6;-202,4;172;255000
vpja72;9;8091;8289;124,4;-181,2;198;255000
vpja72;9;8312;9368;148,5;-175,7;1056;255000
vpja72;9;9435;9512;92,6000000000001;319,8;77;255
vpja72;9;9537;9690;76,9000000000001;256,1;153;255
vpja72;9;9708;10000;67,2;236,3;292;255
vpja72;10;249;410;-18,1;-247,8;161;255000
vpja72;10;447;565;-20,2;-307,7;118;255000
vpja72;10;578;1205;-34,5;-296,5;627;255000
vpja72;10;1272;1422;-243,4;47,1;150;0
vpja72;10;1454;1891;-246,5;104,1;437;255
vpja72;10;1913;2346;-240,9;92,3;433;255
vpja72;10;2415;2906;287,4;146,1;491;255255000
vpja72;10;2938;3133;365,7;127,8;195;255255000
vpja72;10;3151;3587;364,8;97,4;436;255255000
vpja72;10;3620;4047;252,5;109,5;427;255255000
vpja72;10;4080;4306;375,1;127,4;226;255255000
vpja72;10;4378;4623;-231,4;126,4;245;255
vpja72;10;4642;4795;-254,4;101,4;153;255
vpja72;10;4820;5043;-225,1;117,6;223;255
vpja72;10;5066;5294;-233;119,7;228;255
vpja72;10;5316;5606;-200,5;116,1;290;255
vpja72;10;5637;5912;-225,3;112,9;275;255
vpja72;10;5934;6361;-209,8;120;427;255
vpja72;10;6385;6596;-234,3;106,6;211;255
vpja72;10;6617;7033;-228,5;144,2;416;255
vpja72;10;7059;7396;-229,2;90,8;337;255
vpja72;10;7413;7436;-236,1;97,6;23;255
vpja72;10;7510;7952;310,9;144,1;442;255255000
vpja72;10;7998;8127;405,9;44,5;129;0
vpja72;10;8172;8336;445,2;-72;164;0
vpja72;10;8389;8593;345,9;142,9;204;255255000
vpja72;10;8662;8993;-229,4;128,8;331;255
vpja72;10;9010;9174;-246,1;151,6;164;0
vpja72;10;9240;9480;-40,1;-253,5;240;255000
vpja72;10;9512;10000;-27,2;-286;488;255000
vpja72;11;52;180;-9,67278911564631;2,09523809523819;128;2,55e+08
vpja72;11;229;361;-82,3727891156462;-188,604761904762;132;255000
vpja72;11;385;571;-119,772789115646;-200,704761904762;186;255000
vpja72;11;628;716;-265,072789115646;81,0952380952382;88;0
vpja72;11;795;998;-309,572789115646;118,895238095238;203;0
vpja72;11;1262;1596;74,4272108843537;100,795238095238;334;255255000
vpja72;11;1610;2201;70,0272108843537;98,4952380952382;591;255255000
vpja72;11;2216;2531;92,0272108843537;88,0952380952382;315;255255000
vpja72;11;2722;2895;101,827210884354;96,9952380952382;173;255255000
vpja72;11;3090;3282;118,427210884354;87,9952380952382;192;0
vpja72;11;3305;3644;96,6272108843536;88,3952380952381;339;255255000
vpja72;11;3665;3891;110,727210884354;93,6952380952382;226;0
vpja72;11;3911;4360;89,9272108843538;98,3952380952381;449;255255000
vpja72;11;4418;4750;-302,472789115646;124,895238095238;332;0
vpja72;11;4772;4940;-277,672789115646;109,595238095238;168;255
vpja72;11;5001;5109;-175,872789115646;-203,204761904762;108;0
vpja72;11;5135;5361;-133,372789115646;-219,604761904762;226;255000
vpja72;11;5376;5594;-117,972789115646;-212,004761904762;218;255000
vpja72;11;5658;5898;316,627210884354;-94,1047619047619;240;0
vpja72;11;5963;6182;572,027210884354;-202,904761904762;219;0
vpja72;11;6221;6796;589,327210884354;-259,104761904762;575;0
vpja72;11;6874;7270;-121,972789115646;-203,204761904762;396;255000
vpja72;11;7285;7630;-112,672789115646;-190,304761904762;345;255000
vpja72;11;7690;9828;-289,272789115646;116,395238095238;2138;255
vpja72;11;9894;10000;54,9272108843537;104,795238095238;106;0
vpja72;12;317;394;86,3486638286453;-260,092165497338;77;2,55e+08
vpja72;12;451;624;-122,151336171355;34,8078345026621;173;255255000
vpja72;12;650;932;-131,651336171355;78,4078345026621;282;255255000
vpja72;12;995;1242;302,048663828645;106,407834502662;247;255
vpja72;12;1271;1431;352,548663828645;52,6078345026621;160;0
vpja72;12;1456;1608;385,948663828645;22,2078345026621;152;0
vpja72;12;1670;1921;133,648663828645;-291,292165497338;251;255000
vpja72;12;1940;2393;142,548663828645;-307,492165497338;453;255000
vpja72;12;2459;2603;348,648663828645;91,1078345026621;144;255
vpja72;12;2635;2886;314,648663828645;97,1078345026621;251;255
vpja72;12;2955;3113;168,548663828645;-311,892165497338;158;255000
vpja72;12;3136;3770;142,648663828645;-308,292165497338;634;255000
vpja72;12;3779;3985;155,648663828645;-303,192165497338;206;255000
vpja72;12;4003;4182;142,048663828645;-307,992165497338;179;255000
vpja72;12;4252;4474;-91,8513361713547;31,6078345026621;222;255255000
vpja72;12;4505;4753;-135,651336171355;66,7078345026621;248;255255000
vpja72;12;4782;5034;-101,451336171355;59,1078345026621;252;255255000
vpja72;12;5060;5295;-74,8513361713547;25,2078345026621;235;255255000
vpja72;12;5332;5546;-102,151336171355;71,5078345026621;214;255255000
vpja72;12;5573;5879;-67,9513361713547;30,5078345026621;306;255255000
vpja72;12;5910;6070;-33,6513361713547;-11,4921654973379;160;255255000
vpja72;12;6098;6482;-88,6513361713547;49,1078345026621;384;255255000
vpja72;12;6515;6773;-34,4513361713547;42,2078345026621;258;255255000
vpja72;12;6833;7038;315,048663828645;97,6078345026621;205;255
vpja72;12;7105;7227;140,048663828645;-270,792165497338;122;255000
vpja72;12;7260;7477;145,448663828645;-307,792165497338;217;255000
vpja72;12;7539;7731;-92,1513361713547;41,5078345026621;192;255255000
vpja72;12;7764;8012;-130,551336171355;82,1078345026621;248;255255000
vpja72;12;8027;8386;-136,351336171355;100,707834502662;359;255255000
vpja72;12;8408;8546;-113,651336171355;88,8078345026621;138;255255000
vpja72;12;8577;8712;-82,3513361713547;-0,792165497337919;135;255255000
vpja72;12;8774;9047;-458,451336171355;91,0078345026621;273;0
vpja72;12;9112;9284;-64,0513361713547;36,5078345026621;172;255255000
vpja72;12;9352;9525;-543,751336171355;-73,9921654973379;173;0
vpja72;12;9605;9750;91,8486638286453;-297,692165497338;145;255000
vpja72;12;9784;10000;144,748663828645;-310,092165497338;216;255000
vpja72;13;219;387;-153,5;-165;168;255000
vpja72;13;408;711;-165,2;-204,1;303;255000
vpja72;13;792;1117;440,2;269,7;325;255
vpja72;13;1146;1227;480,1;339,9;81;255
vpja72;13;1308;1616;-495,2;208,8;308;0
vpja72;13;1794;2019;64,3;-90;225;0
vpja72;13;2085;2566;429,9;217,2;481;0
vpja72;13;2624;2787;268,8;-59,5;163;0
vpja72;13;2851;2954;-126,6;-150,8;103;255000
vpja72;13;2986;3113;-139,4;-193,4;127;255000
vpja72;13;3167;3297;-427,8;-126,2;130;255255000
vpja72;13;3329;3588;-327,6;-214,9;259;0
vpja72;13;3612;3823;-323,5;-257,6;211;0
vpja72;13;3890;4117;8,79999999999995;-415,8;227;0
vpja72;13;4170;4289;-150,4;-186,1;119;255000
vpja72;13;4342;4518;141,1;-57,9;176;0
vpja72;13;4568;4676;330,5;-46,2;108;0
vpja72;13;4735;4931;501,8;275,7;196;255
vpja72;13;4966;5133;423,3;282,3;167;255
vpja72;13;5157;5416;416,5;341,8;259;255
vpja72;13;5440;5583;384,2;359,6;143;0
vpja72;13;5659;5844;-424,2;256,3;185;0
vpja72;13;5875;6050;-480,7;150,7;175;255255000
vpja72;13;6102;6362;-497,2;-44,7;260;255255000
vpja72;13;6394;6645;-448,6;23,1;251;255255000
vpja72;13;6707;6837;-165,5;-194,3;130;255000
vpja72;13;6851;7041;-150,4;-190,7;190;255000
vpja72;13;7089;7287;-316,8;-224,7;198;0
vpja72;13;7333;7495;-139,9;-202,8;162;255000
vpja72;13;7511;7765;-145,6;-197;254;255000
vpja72;13;7820;7999;-48,6;35,1999999999999;179;2,55e+08
vpja72;13;8050;8220;171,7;-3,39999999999998;170;0
vpja72;13;8258;8352;76;-7,70000000000005;94;0
vpja72;13;8407;8630;23,1;272,8;223;2,55e+08
vpja72;13;8655;8772;-8,80000000000007;255,8;117;2,55e+08
vpja72;13;8837;9036;-139,1;-186,4;199;255000
vpja72;13;9089;9256;-96,9;7,19999999999993;167;2,55e+08
vpja72;13;9336;9561;73,1;-437,1;225;0
vpja72;13;9597;9746;3,5;-430;149;0
vpja72;13;9778;9951;36,5;-411,7;173;0
vpja72;14;202;338;-287,4;-139,5;136;255000
vpja72;14;544;687;254,5;33,1999999999999;143;255
vpja72;14;712;1057;217,9;36,3;345;255
vpja72;14;1114;1333;-132,8;263,8;219;255255000
vpja72;14;1367;1571;-180,6;294,4;204;255255000
vpja72;14;1855;1930;390,8;-281,3;75;0
vpja72;14;1976;2093;529;-158,8;117;0
vpja72;14;2148;2393;232,2;-133,3;245;0
vpja72;14;2451;2612;-134,9;-178;161;0
vpja72;14;2654;2876;-266,9;-188,3;222;255000
vpja72;14;2916;3086;-192,7;-149;170;0
vpja72;14;3137;3359;32,7;-198,6;222;0
vpja72;14;3411;3567;-223,1;-204,1;156;255000
vpja72;14;3633;3816;241,1;7;183;255
vpja72;14;3884;4043;-270,9;-195,1;159;255000
vpja72;14;4069;4439;-268,6;-168,9;370;255000
vpja72;14;4506;4687;57,6;-143,7;181;0
vpja72;14;4742;4962;-247,5;-160,4;220;255000
vpja72;14;4983;5139;-266,2;-174;156;255000
vpja72;14;5192;5376;-593,4;-323,4;184;0
vpja72;14;5441;5574;-206,1;-117,5;133;0
vpja72;14;5607;5741;-264,6;-175;134;255000
vpja72;14;5808;5987;233,3;15,5;179;255
vpja72;14;6051;6219;-274,5;-177,4;168;255000
vpja72;14;6249;6441;-253,7;-172,2;192;255000
vpja72;14;6511;6727;283,7;13,8;216;255
vpja72;14;6752;6989;247,2;25,0999999999999;237;255
vpja72;14;7192;7267;56,8;-132,4;75;0
vpja72;14;7324;7655;-241,8;-172;331;255000
vpja72;14;7712;7891;85,4000000000001;-175;179;0
vpja72;14;7943;8086;-207,1;-173,9;143;0
vpja72;14;8117;8489;-251,1;-177,5;372;255000
vpja72;14;8540;8731;-498,9;-198;191;0
vpja72;14;8782;8930;-255,3;-189,6;148;255000
vpja72;14;9003;9186;275,9;24,9;183;255
vpja72;14;9408;9567;250,6;-65;159;0
vpja72;14;9630;9836;-222,9;-147,9;206;255000
vpja72;14;9859;9999;-248,7;-167,7;140;255000
vpja72;15;204;325;-23,8;-148,3;121;255000
vpja72;15;351;454;-50,3;-204,5;103;255000
vpja72;15;516;614;-370,4;123,8;98;0
vpja72;15;647;722;-373,8;127,9;75;0
vpja72;15;752;838;-372,9;131,2;86;0
vpja72;15;877;902;-384,3;129,5;25;0
vpja72;15;973;1214;209,3;161,1;241;255255000
vpja72;15;1232;1476;194,2;171,1;244;255255000
vpja72;15;1540;1621;-341,2;133,4;81;255
vpja72;15;1667;1714;-349,3;133,1;47;255
vpja72;15;1963;2096;-99,6;-207,2;133;0
vpja72;15;2126;2377;-56,8;-211,3;251;255000
vpja72;15;2386;3649;-42;-206,9;1263;255000
vpja72;15;3689;3796;46,3000000000001;-218,7;107;255000
vpja72;15;3834;3995;-27,1999999999999;-214,3;161;255000
vpja72;15;4021;4199;-43,3;-195,2;178;255000
vpja72;15;4267;4450;255,4;164,5;183;255255000
vpja72;15;4476;4791;212,5;168;315;255255000
vpja72;15;4804;4919;193,5;181,7;115;255255000
vpja72;15;5113;5332;-42,1999999999999;-182,1;219;255000
vpja72;15;5354;5705;-54,6999999999999;-200,2;351;255000
vpja72;15;5764;5980;263,7;-187,3;216;0
vpja72;15;6025;6155;309,9;-295,5;130;0
vpja72;15;6200;6362;184,5;-266,9;162;0
vpja72;15;6385;6542;219,8;-209,1;157;0
vpja72;15;6593;6800;-9,29999999999995;-215,5;207;255000
vpja72;15;6860;7001;-376,7;-272,6;141;0
vpja72;15;7068;7172;-9,39999999999998;-237,9;104;255000
vpja72;15;7205;7353;-36,9;-194,9;148;255000
vpja72;15;7419;7597;-200,2;92,6999999999999;178;2,55e+08
vpja72;15;7659;8026;237,6;174,7;367;255255000
vpja72;15;8086;8301;4,5;26;215;2,55e+08
vpja72;15;8346;8606;-148,7;85,8;260;2,55e+08
vpja72;15;8659;8858;-364;154,9;199;255
vpja72;15;8887;9151;-337,8;144,6;264;255
vpja72;15;9197;9319;-195,5;109,4;122;0
vpja72;15;9367;9686;-347,2;145,3;319;255
vpja72;15;9708;10000;-362,4;149,4;292;255
vpja72;16;238;432;-60,3000000000001;-179,9;194;255000
vpja72;16;496;672;-293,4;64,7;176;0
vpja72;16;693;809;-298,7;82,2;116;255255000
vpja72;16;869;1049;30,6999999999999;150,8;180;0
vpja72;16;1072;1215;10,6999999999999;162,4;143;255
vpja72;16;1241;1400;48,5;163,2;159;0
vpja72;16;1471;1624;-76,5;-218;153;255000
vpja72;16;1634;2349;-71,7;-200,7;715;255000
vpja72;16;2411;2780;83,1999999999999;-436,7;369;0
vpja72;16;2837;3113;-73,1;-215;276;255000
vpja72;16;3183;3300;25,6999999999999;162,9;117;0
vpja72;16;3325;3471;6,5;142,2;146;0
vpja72;16;3520;3712;-128,2;270,3;192;0
vpja72;16;3749;3922;-38,6;283,4;173;0
vpja72;16;3997;4209;-48,1;-213,8;212;255000
vpja72;16;4232;4486;-62;-210,5;254;255000
vpja72;16;4552;4665;355,7;-139,1;113;0
vpja72;16;4741;4882;-335;-205,8;141;0
vpja72;16;4918;5156;-409;-221,7;238;0
vpja72;16;5228;5516;66,1999999999999;-373,3;288;0
vpja72;16;5544;5814;96,9;-423,2;270;0
vpja72;16;5864;5995;-35;-249,3;131;0
vpja72;16;6028;6355;-65,8000000000001;-224,5;327;255000
vpja72;16;6416;6562;-323,4;35,7;146;0
vpja72;16;6592;6858;-299,8;53,9000000000001;266;0
vpja72;16;6880;7253;-287;60,7;373;0
vpja72;16;7289;7480;-411,9;130,8;191;0
vpja72;16;7516;7730;-337,2;81,3000000000001;214;255255000
vpja72;16;7791;7985;6,60000000000002;143,5;194;0
vpja72;16;8010;8147;-27;146,6;137;0
vpja72;16;8199;8448;-173,4;286,2;249;0
vpja72;16;8506;8579;-254,4;20,5;73;0
vpja72;16;8636;9008;-82;-205,3;372;255000
vpja72;16;9072;9285;-446,8;-219;213;0
vpja72;16;9348;9524;-80,5;-252;176;255000
vpja72;16;9585;9913;77,6;-438,5;328;0
vpja72;16;9969;10000;93,6;-220,1;31;0
vpja72;17;243;373;67;-210,6;130;0
vpja72;17;403;527;88,1999999999999;-208,8;124;255000
vpja72;17;588;741;-378,2;-225,1;153;0
vpja72;17;779;933;-327;-33;154;0
vpja72;17;966;1144;-288,6;29,2;178;255
vpja72;17;1187;1304;-402,3;56,6;117;255
vpja72;17;1341;1581;-328,2;37,9;240;255
vpja72;17;1661;2032;336,1;200,5;371;255255000
vpja72;17;2102;2220;141;-252,8;118;255000
vpja72;17;2254;2446;105,6;-224,3;192;255000
vpja72;17;2500;2673;-65,4000000000001;-371,5;173;0
vpja72;17;2729;2889;151,7;-218;160;255000
vpja72;17;2943;3111;-44;-351,7;168;0
vpja72;17;3162;3327;142;-242,5;165;255000
vpja72;17;3363;3497;111;-202,6;134;255000
vpja72;17;3556;3729;-164,7;-24,8;173;0
vpja72;17;3790;3893;127;85,1;103;0
vpja72;17;3945;4404;-168,1;43,8;459;255
vpja72;17;4472;4710;352,3;188,4;238;255255000
vpja72;17;4773;4907;147;-231,9;134;255000
vpja72;17;4937;5073;116,2;-226,5;136;255000
vpja72;17;5137;5401;417,5;-375,2;264;0
vpja72;17;5509;5639;396,3;155,4;130;255255000
vpja72;17;5674;5900;356,1;205,3;226;255255000
vpja72;17;5926;6203;409,2;241,9;277;255255000
vpja72;17;6229;6314;340,7;240,6;85;255255000
vpja72;17;6386;6560;-281,6;59,9;174;255
vpja72;17;6627;6778;-107,8;-274,5;151;0
vpja72;17;6822;7138;-53,2;-386,8;316;0
vpja72;17;7159;7391;-53,9000000000001;-364,9;232;0
vpja72;17;7444;7726;-36,4000000000001;-163,4;282;0
vpja72;17;7781;7880;-235,3;-258,9;99;0
vpja72;17;7928;8090;-51,1;-208,9;162;0
vpja72;17;8115;8304;-29,7;-130;189;0
vpja72;17;8333;8527;-16;-198,3;194;0
vpja72;17;8549;8767;-31,8000000000001;-206,9;218;0
vpja72;17;8776;8932;-22,8000000000001;-208;156;0
vpja72;17;8950;9098;-32,6;-195;148;0
vpja72;17;9179;9323;474,3;-365,2;144;0
vpja72;17;9358;9709;417;-362,8;351;0
vpja72;17;9764;9905;127,8;-240,3;141;255000
vpja72;17;9970;10000;-391,3;-259,3;30;0
vpja72;18;214;458;131,263448275862;-261,034482758621;244;255000
vpja72;18;483;735;116,863448275862;-303,234482758621;252;255000
vpja72;18;755;977;91,2634482758623;-297,234482758621;222;255000
vpja72;18;1000;1137;138,663448275862;-286,934482758621;137;255000
vpja72;18;1236;1384;-470,436551724138;340,465517241379;148;255255000
vpja72;18;1413;1711;-417,636551724138;273,365517241379;298;255255000
vpja72;18;1735;1882;-390,436551724138;285,465517241379;147;255255000
vpja72;18;1952;2228;166,663448275862;299,165517241379;276;255
vpja72;18;2253;2494;136,963448275862;341,165517241379;241;255
vpja72;18;2524;2660;158,863448275862;244,865517241379;136;255
vpja72;18;2742;3266;120,963448275862;-295,534482758621;524;255000
vpja72;18;3329;3522;-351,436551724138;-286,034482758621;193;0
vpja72;18;3763;3841;176,063448275862;-334,234482758621;78;255000
vpja72;18;3877;4126;130,463448275862;-305,934482758621;249;255000
vpja72;18;4201;4421;487,863448275862;213,965517241379;220;0
vpja72;18;4469;4682;434,163448275862;83,3655172413793;213;0
vpja72;18;4744;5110;-47,3365517241378;139,665517241379;366;2,55e+08
vpja72;18;5180;5365;103,963448275862;-291,934482758621;185;255000
vpja72;18;5396;5579;136,263448275862;-300,234482758621;183;255000
vpja72;18;5631;5800;144,063448275862;-98,0344827586207;169;2,55e+08
vpja72;18;5822;5884;145,363448275862;-64,7344827586207;62;2,55e+08
vpja72;18;5954;6109;-327,236551724138;-276,434482758621;155;0
vpja72;18;6156;6508;-554,036551724138;-261,834482758621;352;0
vpja72;18;6540;6743;-493,836551724138;-211,234482758621;203;0
vpja72;18;6843;7040;443,063448275862;240,865517241379;197;0
vpja72;18;7072;7314;509,563448275862;147,865517241379;242;0
vpja72;18;7343;7499;538,163448275862;237,865517241379;156;0
vpja72;18;7577;7776;123,063448275862;-326,034482758621;199;255000
vpja72;18;7796;8039;122,963448275862;-306,934482758621;243;255000
vpja72;18;8124;8402;-445,336551724138;261,565517241379;278;255255000
vpja72;18;8441;8975;-544,636551724138;193,565517241379;534;0
vpja72;18;9014;9270;-433,536551724138;237,465517241379;256;255255000
vpja72;18;9349;9479;229,063448275862;242,265517241379;130;255
vpja72;18;9514;9817;185,363448275862;223,965517241379;303;255
vpja72;18;9886;10000;-415,136551724138;295,265517241379;114;255255000
vpja72;19;202;341;-122,2;-107,3;139;255000
vpja72;19;394;538;126,6;39,1999999999999;144;255
vpja72;19;562;820;107,7;66,1999999999999;258;255
vpja72;19;846;1021;176,1;68,6;175;255
vpja72;19;1039;1516;205;80;477;255
vpja72;19;1545;1708;172,4;154,4;163;0
vpja72;19;1735;1963;100,2;124,3;228;0
vpja72;19;1991;2161;112,5;39,3;170;255
vpja72;19;2214;2373;-112,5;-137,5;159;255000
vpja72;19;2395;2669;-140;-154,4;274;255000
vpja72;19;2732;2884;-523,2;123,8;152;0
vpja72;19;2908;3128;-492,9;114,8;220;255255000
vpja72;19;3150;3329;-458,4;116,3;179;255255000
vpja72;19;3353;3708;-482,6;123,7;355;255255000
vpja72;19;3733;4124;-447,3;128,7;391;255255000
vpja72;19;4156;4474;-478,5;148,2;318;255255000
vpja72;19;4500;4659;-421,3;135,1;159;255255000
vpja72;19;4736;4967;174,5;65,9;231;255
vpja72;19;4997;5206;133,7;55,4;209;255
vpja72;19;5234;5387;208,2;62,6;153;255
vpja72;19;5403;5767;228,8;71,8;364;255
vpja72;19;5796;5964;183,3;131,4;168;0
vpja72;19;5991;6178;108,3;131,8;187;0
vpja72;19;6211;6237;173,6;52;26;255
vpja72;19;6286;6453;321,5;-8,5;167;0
vpja72;19;6477;6624;298,7;-24,3000000000001;147;0
vpja72;19;6696;6893;-80,9;-419,9;197;0
vpja72;19;6929;7083;-131,7;-380,8;154;0
vpja72;19;7140;7375;-465,9;-440,5;235;0
vpja72;19;7420;7856;-500,7;-192,5;436;0
vpja72;19;7878;8041;-501,4;-161;163;0
vpja72;19;8248;8285;-150,5;-142,2;37;255000
vpja72;19;8308;8365;-149,3;-142,9;57;255000
vpja72;19;8386;8422;-149,2;-144,1;36;255000
vpja72;19;8499;8621;-144,6;-141,9;122;255000
vpja72;19;8701;8859;-141,3;-142,5;158;255000
vpja72;19;8917;9058;-102,4;151,8;141;2,55e+08
vpja72;19;9087;9304;-91,2;83,9;217;2,55e+08
vpja72;19;9326;9726;-99;97,3;400;2,55e+08
vpja72;19;9794;10000;277,6;-40,9;206;0
vpja72;20;196;272;18,9;-8,10000000000002;76;0
vpja72;20;322;469;152,2;-151,8;147;255000
vpja72;20;532;736;-135,2;271,7;204;255
vpja72;20;762;988;-209,8;265,3;226;255
vpja72;20;1014;1237;-153,2;280,8;223;255
vpja72;20;1260;1504;-124;288,6;244;255
vpja72;20;1528;1749;-153,5;290,2;221;255
vpja72;20;1806;2055;329,9;317,8;249;255255000
vpja72;20;2083;2228;256,4;337,6;145;255255000
vpja72;20;2289;2398;-131,8;235,3;109;255
vpja72;20;2476;2791;-212,2;-291,4;315;0
vpja72;20;2827;3199;-133,6;-282,9;372;0
vpja72;20;3255;3577;158,2;-169,1;322;255000
vpja72;20;3645;3799;401,9;248,7;154;255255000
vpja72;20;3835;3974;330,7;257,5;139;255255000
vpja72;20;4012;4032;247,6;256,9;20;0
vpja72;20;4121;4272;-176,8;-382,7;151;0
vpja72;20;4318;4437;-301,3;-396,3;119;0
vpja72;20;4472;4759;-228,7;-412;287;0
vpja72;20;4799;5023;-116,4;-323,5;224;0
vpja72;20;5079;5352;-425,1;-265,7;273;0
vpja72;20;5387;5572;-398,5;-208,6;185;0
vpja72;20;5618;5781;-380,1;-48,6;163;0
vpja72;20;5845;6090;-57,2;-275,7;245;0
vpja72;20;6130;6270;42,6;-285,6;140;0
vpja72;20;6314;6493;171,8;-201,7;179;255000
vpja72;20;6529;6749;94,9;-294,3;220;0
vpja72;20;6804;6971;-179;-203,5;167;0
vpja72;20;7021;7180;-405,1;-159,5;159;0
vpja72;20;7237;7476;-159,6;-292;239;0
vpja72;20;7526;7631;-327,8;-302,5;105;0
vpja72;20;7710;7871;-118,9;237,3;161;255
vpja72;20;7906;8110;-184,9;270,1;204;255
vpja72;20;8136;8304;-137,5;281,4;168;255
vpja72;20;8374;8537;368,4;278,4;163;255255000
vpja72;20;8574;8740;270,5;351,7;166;255255000
vpja72;20;8928;9008;182;-182,2;80;255000
vpja72;20;9036;9268;172,1;-161,5;232;255000
vpja72;20;9286;9517;165,6;-150,3;231;255000
vpja72;20;9580;9749;-216;-271;169;0
vpja72;20;9782;9966;-143,7;-350,1;184;0
vpja72;21;336;731;-11,4;-415,2;395;255000
vpja72;21;815;1032;380,4;308,7;217;255
vpja72;21;1065;1578;412,7;370;513;255
vpja72;21;1594;1814;396,2;372,5;220;0
vpja72;21;1855;1982;250,2;290,9;127;0
vpja72;21;2048;2168;-211,4;215,6;120;0
vpja72;21;2221;2417;-440,1;293,5;196;255255000
vpja72;21;2451;2628;-559,1;340,4;177;255255000
vpja72;21;2684;2935;-301,2;261,8;251;255255000
vpja72;21;2989;3240;-543,9;333,8;251;255255000
vpja72;21;3271;3523;-483,1;319,5;252;255255000
vpja72;21;3575;3740;-281,6;255,1;165;0
vpja72;21;3773;4145;-241,3;248,7;372;0
vpja72;21;4214;4402;333,8;343,7;188;0
vpja72;21;4437;4893;399,8;471,9;456;0
vpja72;21;4914;5015;384,9;473,8;101;0
vpja72;21;5102;5212;-74,6999999999999;-411,1;110;255000
vpja72;21;5246;5551;-25,4;-413,6;305;255000
vpja72;21;5575;5855;2,39999999999998;-424;280;255000
vpja72;21;5880;6099;-21,6999999999999;-422;219;255000
vpja72;21;6178;6379;485;-238,5;201;0
vpja72;21;6657;6677;-381,3;351,4;20;0
vpja72;21;6705;6789;-377,4;294;84;255255000
vpja72;21;6833;7139;-239,3;197,2;306;255255000
vpja72;21;7195;7312;-500,9;317,5;117;255255000
vpja72;21;7366;7628;-238,1;203,3;262;255255000
vpja72;21;7680;7948;-52,6999999999999;57,5;268;2,55e+08
vpja72;21;7988;8148;115,9;-8,89999999999998;160;2,55e+08
vpja72;21;8212;8404;400,6;328;192;255
vpja72;21;8435;8569;367,6;256,7;134;255
vpja72;21;8637;9101;-144,9;151,5;464;0
vpja72;21;9162;9350;2,80000000000007;-104,8;188;2,55e+08
vpja72;21;9406;9559;-266,5;-50,6999999999999;153;0
vpja72;21;9617;9850;-346,9;265,5;233;255255000
vpja72;21;9900;10000;-177,1;184,1;100;0
vpja72;22;254;301;-167,5;-68,2;47;0
vpja72;22;339;506;-109,4;-219,8;167;255000
vpja72;22;537;606;-116,5;-254,3;69;255000
vpja72;22;1041;1330;-28;75;289;255255000
vpja72;22;1354;1498;-54;84,3;144;255255000
vpja72;22;1534;1815;15,2;74,6999999999999;281;255255000
vpja72;22;1839;2265;48,6;63,5;426;255255000
vpja72;22;2294;2487;-35,5;115,5;193;255255000
vpja72;22;2511;3305;-49,3;79,5999999999999;794;255255000
vpja72;22;3374;3543;276,8;-87,6;169;0
vpja72;22;3602;3852;574,8;-169,2;250;0
vpja72;22;3931;4106;-93,9;-258,8;175;255000
vpja72;22;4127;4530;-116,6;-251;403;255000
vpja72;22;4596;4775;-522,4;21,0999999999999;179;255
vpja72;22;4822;4982;-398,1;186,3;160;0
vpja72;22;5015;5104;-328,5;218,5;89;2,55e+08
vpja72;22;5157;5361;-495,9;42,3;204;255
vpja72;22;5385;5674;-459,4;76;289;255
vpja72;22;5720;6251;-470,6;-59,1;531;255
vpja72;22;6273;6310;-471,9;-61,3000000000001;37;255
vpja72;22;6331;6894;-464,1;-57,8000000000001;563;255
vpja72;22;6947;7216;-560,4;112,1;269;0
vpja72;22;7246;7366;-524,9;31,8;120;0
vpja72;22;7403;7481;-464,8;-36,7;78;255
vpja72;22;7526;7742;-565,1;41,5;216;0
vpja72;22;7811;7840;-174,3;78,5;29;0
vpja72;22;7892;8613;25,9;91,5999999999999;721;255255000
vpja72;22;8639;9022;-27,1999999999999;85,1999999999999;383;255255000
vpja72;22;9048;10000;24,5;94;952;255255000
vpja72;23;13;187;3;-11,6;174;2,55e+08
vpja72;23;240;284;73,4;-230,4;44;255000
vpja72;23;324;460;94,7;-327,9;136;255000
vpja72;23;476;955;81,7;-327,7;479;255000
vpja72;23;1056;1307;416;300,6;251;255
vpja72;23;1332;1557;386,9;285,9;225;255
vpja72;23;1643;1831;-492,4;336,5;188;255255000
vpja72;23;1856;2227;-472,1;293,5;371;0
vpja72;23;2471;2568;99,0999999999999;-337,9;97;255000
vpja72;23;2630;2708;454,4;-236,7;78;0
vpja72;23;2755;2934;383,1;-103,4;179;0
vpja72;23;2959;3118;393,4;-122,1;159;0
vpja72;23;3187;3392;600,8;-424;205;0
vpja72;23;3415;3736;622,1;-382,8;321;0
vpja72;23;3784;3968;551,7;-496,1;184;NA
vpja72;23;4028;4145;106;-391,3;117;255000
vpja72;23;4182;4474;98,9000000000001;-323,9;292;255000
vpja72;23;4497;4881;118,5;-325,1;384;255000
vpja72;23;4909;5103;119;-263,2;194;255000
vpja72;23;5131;5247;112,7;-330,5;116;255000
vpja72;23;5300;5452;95,0999999999999;-73,9;152;2,55e+08
vpja72;23;5490;5689;52,1;-0,399999999999977;199;2,55e+08
vpja72;23;5781;5934;-458,2;282,8;153;0
vpja72;23;5958;6883;-455,1;298,2;925;255255000
vpja72;23;6974;7982;379,6;380,2;1008;0
vpja72;23;8056;8321;-452,6;347,5;265;0
vpja72;23;8341;8891;-463,9;317,8;550;255255000
vpja72;23;8979;9241;422,1;393,9;262;0
vpja72;23;9267;9656;381,9;390,7;389;0
vpja72;23;9676;10000;406,2;431,8;324;0
vpja72;24;363;514;154,8;155,9;151;255255000
vpja72;24;539;819;139,6;205,1;280;255255000
vpja72;24;841;1043;178,7;215,3;202;255255000
vpja72;24;1060;1285;154,8;201,6;225;255255000
vpja72;24;1309;1730;122;196;421;255255000
vpja72;24;1754;2090;175,7;202,1;336;255255000
vpja72;24;2114;2362;160,6;202;248;255255000
vpja72;24;2387;2625;215,5;239,5;238;255255000
vpja72;24;2650;2803;164,8;207,3;153;255255000
vpja72;24;2872;2973;-380,4;318,2;101;255
vpja72;24;3008;3183;-439,5;352,8;175;255
vpja72;24;3265;4107;-346,6;-300,2;842;255000
vpja72;24;4133;4386;-317,6;-317,6;253;255000
vpja72;24;4552;4635;393,6;-51,7;83;0
vpja72;24;4669;5043;348,9;-51,9000000000001;374;0
vpja72;24;5140;5240;212,1;284,5;100;255255000
vpja72;24;5312;5400;-436,5;377,2;88;255
vpja72;24;5651;5767;326,6;-1046,3;116;NA
vpja72;24;5863;6028;357,8;-276,2;165;0
vpja72;24;6210;6308;306,4;3,5;98;0
vpja72;24;6357;6560;176,2;116,8;203;0
vpja72;24;6618;6786;282,1;-91;168;0
vpja72;24;6835;7270;205,2;-179,3;435;0
vpja72;24;7330;7781;154,6;140,7;451;0
vpja72;24;7820;10000;233,1;173,1;2180;0
vpja72;25;229;471;33,4;-201,6;242;255000
vpja72;25;491;577;42,6;-212,6;86;255000
vpja72;25;648;917;-403,8;162,1;269;255255000
vpja72;25;941;1186;-379,1;125,4;245;255255000
vpja72;25;1202;1424;-382,7;116,2;222;255255000
vpja72;25;1509;1667;326,2;241,1;158;255
vpja72;25;1698;1938;286,5;246,2;240;255
vpja72;25;1962;2194;317,9;237,5;232;255
vpja72;25;2218;2444;296,3;265,8;226;255
vpja72;25;2466;2534;310,4;277,8;68;255
vpja72;25;2808;2839;220,1;89,1;31;0
vpja72;25;2890;3222;332,4;229,1;332;255
vpja72;25;3465;3868;332,8;351,1;403;0
vpja72;25;3927;4101;128,4;198,8;174;0
vpja72;25;4151;4477;327,8;332,1;326;0
vpja72;25;4733;4859;304,1;292,3;126;255
vpja72;25;4915;5099;81,9000000000001;40,4000000000001;184;2,55e+08
vpja72;25;5158;6748;344,8;244,5;1590;255
vpja72;25;6802;6987;89,0999999999999;66,8000000000001;185;2,55e+08
vpja72;25;7043;7223;77,3;-175,8;180;255000
vpja72;25;7258;7386;66,2;-222,4;128;255000
vpja72;25;7406;7706;60,6;-208,3;300;255000
vpja72;25;7771;7881;-206,9;-31,9;110;0
vpja72;25;7930;8091;-410,2;-20,4;161;0
vpja72;25;8117;8375;-421,2;-68;258;0
vpja72;25;8396;8569;-417;-33,5;173;0
vpja72;25;8593;9032;-403,7;-9;439;0
vpja72;25;9052;9295;-439,5;-39,9;243;0
vpja72;25;9315;9626;-432,9;-6,69999999999993;311;0
vpja72;25;9656;9849;-397,2;-4;193;0
vpja72;25;9864;10000;-412,7;-12,9;136;0
vpja72;26;331;566;4,79999999999995;-37,7;235;255
vpja72;26;624;831;-497,4;-160,3;207;255000
vpja72;26;847;1273;-474,4;-171,5;426;255000
vpja72;26;1335;1480;-90,5;-203,6;145;0
vpja72;26;1531;1768;34,4;-35,5;237;255
vpja72;26;1790;2061;16,0999999999999;-28,9;271;255
vpja72;26;2081;2268;28;-18,4;187;255
vpja72;26;2282;2650;21,8;-29,6;368;255
vpja72;26;2656;3118;16,8;-18,7;462;255
vpja72;26;3830;4259;-463,8;-165,9;429;255000
vpja72;26;4330;4568;42,9;-23,6;238;255
vpja72;26;4592;4738;21,3;-18,3000000000001;146;255
vpja72;26;4778;5362;116,9;168,1;584;0
vpja72;26;5608;5828;52,5999999999999;23,5;220;0
vpja72;26;5870;6009;-46,9000000000001;60,1;139;0
vpja72;26;6065;6201;202,3;136,9;136;0
vpja72;26;6254;6821;32,8;-2,20000000000005;567;255
vpja72;26;6872;7258;-258,8;80,8;386;255255000
vpja72;26;7314;7508;69,6999999999999;37,8;194;0
vpja72;26;7541;7689;28,8;-1;148;255
vpja72;26;7713;7945;26,8;-44,3000000000001;232;255
vpja72;26;8132;8663;21,5999999999999;-2,60000000000002;531;255
vpja72;26;8684;9058;18;-25,1;374;255
vpja72;26;9093;9430;21;86,1999999999999;337;255
vpja72;26;9746;9907;-202,8;151,4;161;255255000
vpja72;26;9965;10000;135,5;257,2;35;0
